      32000   555354.5877
    6887000   554255.1860
   13706000   551921.5413
   20529000   549609.8248
   27350000   547281.6163
   34119000   545616.8319
   40956000   544383.7002
   47790000   541127.6639
   54620000   540842.3278
   61452000   538566.0958
   68283000   537279.7677
   75123000   537047.3299
   81965000   535823.9822
   88774000   534385.8119
   95579000   534918.3817
  102321000   534044.3142
  109076000   534249.7918
  115829000   533438.8646
  129711000   534210.3877
  136463000   534382.0292
  143218000   532569.2390
  149971000   532740.0493
  156722000   532894.4633
  163469000   532019.7014
  170218000   531154.1156
  176968000   531291.3124
  183721000   531444.0699
  190469000   530561.2685
  197218000   531681.2490
  203970000   530816.7866
  210721000   531942.3253
  217473000   531070.6412
  224223000   531182.5726
  230977000   530316.4397
  237729000   530433.9223
  244481000   529547.7939
  251234000   528664.4389
  257985000   528764.7037
  264734000   529848.5915
  271493000   527992.7009
  278248000   528107.6621
  285003000   529219.0089
  291756000   528313.9788
  298506000   529386.1942
  305259000   528473.9413
  312011000   529551.6966
  318763000   530625.8408
  325515000   531696.3739
  332267000   531763.2959
  339021000   532839.3620
  345767000   532860.7984
  352522000   532936.0189
  359280000   534026.7530
  366034000   535088.3678
  372795000   534190.9937
  379626000   535736.2055
  386490000   535488.0577
  393320000   536019.4862
  400181000   535744.7749
  406944000   536841.8585
  413731000   536088.2395
  420558000   536585.8173
  427372000   538996.8856
  434198000   539480.7168
  441026000   538973.5964
  447834000   540335.4037
  454650000   539744.4872
  461471000   541181.7303
  468299000   541659.8597
  475126000   540127.9293
  481947000   540554.1096
  488774000   541014.7990
  495599000   540459.0662
  502432000   540950.5611
  509264000   540431.9936
  516094000   540897.0018
  522934000   541421.9452
  529766000   541892.2829
  536600000   542371.6474
  543437000   542866.3967
  550274000   543357.4434
  557103000   542793.9050
  563931000   544220.3130
  570767000   543693.9019
  577594000   543106.5611
  584419000   544502.8123
  591242000   545882.6586
  598063000   547246.1033
  604885000   547612.2193
  611712000   548006.4289
  618534000   548365.1695
  625358000   548732.9335
  632182000   549097.0091
  639036000   550648.0110
  645856000   550979.2801
  652688000   551383.0980
  659512000   551732.4011
  666334000   552065.3124
  673145000   553324.6749
  679963000   553624.8170
  686781000   553921.2771
  693601000   556226.7542
  700420000   556522.1982
  707241000   557826.6558
  714076000   557216.2986
  720909000   558589.5463
  727746000   558984.4830
  734563000   560248.7918
  741438000   561877.4714
  755479000   563969.8826
  762310000   563308.0335
  769132000   563585.3966
  775940000   564770.2715
  782760000   565027.5845
  789579000   567274.8714
  796410000   567594.5716
  803246000   567942.2798
  810076000   569248.2448
  816900000   568512.4764
  823732000   569823.7331
  830552000   571055.2287
  837387000   571378.1118
  844217000   571665.6067
  851052000   573981.0917
  857875000   575216.8384
  864703000   575480.5775
  871527000   575715.2820
  878361000   577009.6467
  885200000   578331.9838
  892029000   578587.2782
  898857000   578832.5455
  905681000   580048.7891
  912504000   581255.0120
  919332000   581489.2056
  926156000   581694.3820
  932973000   581851.5560
  939797000   583049.3592
  946629000   583294.1096
  953459000   582522.5049
  960282000   582702.9066
  967114000   584936.5714
  973939000   585122.2480
  980762000   585291.5814
  987584000   585450.9011
  994413000   581650.8143
 1001255000   576929.2604
 1008082000   574109.1295
 1014907000   571272.6587
 1021737000   568464.1159
 1028559000   564601.2943
 1035379000   560722.1415
 1042198000   557832.9826
 1049015000   555927.4979
 1055839000   553062.5779
 1062651000   551118.1261
 1069469000   548207.9172
 1076289000   546306.6646
 1083108000   542395.4092
 1089937000   540543.6518
 1096760000   538650.2951
 1103582000   534746.9339
 1110394000   532776.7214
 1117210000   528828.0971
 1124025000   526869.4776
 1130845000   523938.7537
 1137665000   521004.3455
 1144485000   519066.2532
 1151304000   516118.1634
 1158140000   512273.7066
 1164964000   511349.8023
 1171780000   507371.7164
 1178593000   505371.0174
 1185408000   501379.2628
 1192211000   499308.1093
 1199044000   496422.5742
 1205868000   493476.5604
 1212693000   490533.1664
 1219538000   486712.2399
 1226358000   484729.9194
 1233179000   481750.2215
 1240001000   478773.1446
 1246823000   475792.3813
 1253653000   471858.3728
 1267669000   465223.5124
 1274499000   463278.2264
 1288534000   458739.9682
 1295356000   455732.9795
 1302168000   453659.2914
 1308982000   449594.5293
 1315798000   447538.6899
 1322615000   443485.4704
 1329429000   441409.6724
 1343451000   434728.4744
 1350255000   432578.4557
 1357072000   429506.6305
 1363888000   428424.8280
 1370697000   424295.2744
 1377514000   423212.4112
 1384324000   419081.8035
 1391136000   417960.1109
 1397941000   413790.6867
 1404755000   410674.2332
 1411573000   408579.2724
 1418386000   404449.1692
 1425190000   401258.7653
 1432002000   399115.0226
 1438815000   395973.8948
 1445627000   392822.8005
 1452439000   390668.0306
 1459250000   386503.2963
 1466064000   384353.7525
 1472917000   380445.7544
 1479732000   377295.1213
 1486546000   378134.5228
 1493363000   377989.1050
 1500173000   377796.0069
 1506987000   375624.3758
 1513794000   372405.0751
 1520609000   369232.3764
 1534621000   363276.0123
 1541435000   361085.7886
 1548249000   357891.8872
 1555057000   354656.6204
 1561866000   352423.9631
 1568668000   350143.6721
 1575479000   345916.2333
 1582294000   343710.2364
 1589103000   340462.8894
 1595929000   339318.5965
 1602743000   336095.2831
 1609548000   332811.7994
 1616363000   330587.4118
 1623177000   327353.0696
 1629988000   325096.2236
 1636798000   321829.4283
 1643613000   319590.3310
 1650428000   316347.5549
 1657249000   314138.7390
 1664069000   311919.9652
 1670887000   309684.9630
 1677695000   306383.5633
 1684509000   303116.1184
 1691328000   299876.3482
 1698184000   297864.8825
 1704996000   295573.8403
 1711811000   292297.9291
 1718642000   289118.6321
 1725459000   285847.8903
 1732274000   282560.9330
 1739085000   280245.2302
 1745886000   276863.1913
 1752699000   272552.6761
 1759509000   270219.6891
 1766319000   267883.0286
 1773132000   264561.4868
 1779946000   261242.5318
 1786761000   257926.1620
 1793573000   254587.3263
 1800386000   253251.0768
 1807200000   248917.4120
 1814007000   246536.2442
 1820818000   243176.4471
 1827631000   239825.4949
 1834443000   237464.6069
 1841254000   234093.7848
 1848086000   230850.7075
 1854904000   227516.3277
 1861726000   222203.2938
 1868543000   218855.2914
 1875353000   214459.8167
 1882171000   212110.7115
 1888983000   208720.3954
 1895796000   205332.6580
 1902608000   201934.9901
 1909431000   197602.4320
 1916252000   194253.6811
 1923071000   192888.7407
 1929885000   194488.8593
 1936707000   194135.3085
 1943520000   194721.8168
 1950340000   195348.3983
 1957161000   195977.5449
 1963975000   196559.2641
 1970789000   197137.3056
 1977621000   196824.1299
 1984441000   196432.2898
 1991257000   197011.7786
 1998067000   196550.1105
 2012071000   196013.8677
 2018888000   196584.6840
 2025706000   196158.0633
 2032527000   195746.4910
 2039343000   197300.0188
 2046154000   196818.6549
 2052968000   197352.3420
 2059785000   197901.0753
 2073802000   199377.4947
 2087807000   198763.4826
 2094618000   198255.9728
 2101454000   197900.7384
 2108272000   199429.5283
 2115088000   198942.1623
 2121902000   199438.6438
 2128716000   197931.4475
 2135523000   199376.9265
 2142337000   195862.3786
 2149166000   191437.6662
 2155978000   186903.2874
 2170007000   177347.6973
 2176826000   172845.6975
 2183644000   169333.7831
 2190464000   163830.6486
 2204467000   149074.7613
 2211284000   139541.6902
 2218103000   133017.3957
 2224918000   125464.5052
 2231736000   118926.6189
 2238542000   116310.3250
 2245358000   111752.6279
 2252176000   110203.7031
 2258984000   105588.8411
 2265789000   102951.6329
 2272597000    99329.4301
 2279417000    96778.2427
 2286235000    93210.9245
 2293060000    89683.4839
 2299870000    87059.0196
 2306681000    82437.1037
 2313494000    80823.9556
 2320312000    75238.2342
 2327119000    73580.4095
 2333925000    68912.6951
 2340737000    66278.6258
 2347557000    62690.6290
 2354374000    58080.2940
 2361188000    55447.6259
 2368007000    51842.3645
 2374832000    49270.7179
 2381645000    44620.7922
 2388458000    40967.1899
 2395267000    38285.0521
 2402083000    32642.7411
 2416100000    25739.1173
 2422920000    23110.4091
 2429731000    20422.1087
 2436548000    16767.4026
 2443370000    13140.0701
 2450185000    10465.5786
 2457000000     7787.4083
 2463816000     4111.7685
 2477824000     -916.2692
 2484643000    -5584.5286
 2491456000    -8293.7138
 2498271000   -11994.1625
 2505090000   -14673.4659
 2511910000   -19350.2469
 2518714000   -22129.9912
 2525529000   -25845.1540
 2532349000   -28532.9763
 2539167000   -32236.8894
 2545983000   -33956.8900
 2552795000   -39705.3796
 2559619000   -41383.1242
 2566434000   -46120.3679
 2573258000   -49805.4847
 2580089000   -52450.8895
 2586905000   -56192.9835
 2593724000   -58920.1603
 2600561000   -62539.4480
 2607329000   -67590.0947
 2614143000   -69359.2899
 2620958000   -74125.9661
 2627774000   -76890.1247
 2634591000   -80651.7674
 2641409000   -83410.8959
 2648229000   -87161.3170
 2655066000   -89810.1219
 2661872000   -92654.6310
 2668685000   -95459.4578
 2675511000   -99187.4584
 2682319000  -103030.6053
 2689126000  -106883.6150
 2695940000  -110696.9584
 2702749000  -112544.9314
 2709566000  -112347.0581
 2716383000  -112152.8658
 2723205000  -110931.4107
 2730020000  -112756.9594
 2736833000  -111598.5622
 2743644000  -111456.2159
 2750456000  -111311.3575
 2757281000  -112089.7560
 2764092000  -111958.4412
 2770905000  -110818.4310
 2777728000  -110620.2531
 2784536000  -109518.5209
 2791351000  -110377.1766
 2798168000  -110227.1454
 2804981000  -110105.5243
 2811795000  -110981.3981
 2818602000  -108904.2178
 2825414000  -108799.8045
 2832230000  -108674.3464
 2839043000  -107571.1068
 2845862000  -108434.4696
 2852674000  -108344.7650
 2859489000  -107240.2021
 2866308000  -108114.6084
 2873118000  -108048.2896
 2879933000  -107954.7625
 2886749000  -107858.7385
 2893563000  -108778.7448
 2900378000  -108696.2541
 2907191000  -109629.7906
 2914006000  -108554.6564
 2920828000  -109439.9894
 2927641000  -108384.5617
 2934460000  -109295.7785
 2941280000  -109204.5070
 2948087000  -108197.1418
 2954911000  -108088.5501
 2961721000  -109070.0248
 2968533000  -109042.8343
 2975347000  -109006.9818
 2982167000  -108937.7976
 2988981000  -108909.3038
 2995792000  -107902.9892
 3002605000  -109888.0158
 3009415000  -108895.2172
 3016254000  -107727.2916
 3023066000  -108729.5255
 3029881000  -107716.9416
 3036697000  -108701.8725
 3043511000  -107702.8101
 3050329000  -108682.7741
 3057143000  -108691.0693
 3063952000  -107733.8509
 3070763000  -107767.9825
 3077576000  -108793.4671
 3084384000  -108853.4291
 3091197000  -109886.2643
 3098014000  -109898.1400
 3112028000  -110592.9090
 3118837000  -110665.2919
 3125642000  -109765.9747
 3132452000  -110839.5438
 3139265000  -109898.3189
 3146076000  -108973.0811
 3152894000  -110008.4349
 3159709000  -111065.9332
 3166530000  -110090.1885
 3173351000  -110118.1291
 3180160000  -110223.5856
 3186974000  -110301.9543
 3193789000  -111377.8492
 3200606000  -111445.1211
 3207423000  -110516.0740
 3214234000  -110627.6069
 3221051000  -110705.9184
 3227857000  -109855.5473
 3234688000  -110855.1396
 3241501000  -110969.0863
 3248312000  -111099.0040
 3255114000  -112287.9157
 3261926000  -110419.0314
 3268730000  -110602.9869
 3282735000  -109542.5560
 3289546000  -108694.7191
 3296358000  -108844.4133
 3303171000  -108991.6403
 3309996000  -108068.8367
 3316820000  -109155.8644
 3323629000  -107338.6984
 3330445000  -108482.2202
 3337259000  -107641.7020
 3344074000  -107798.7221
 3350884000  -107990.1160
 3357700000  -107148.3525
 3364523000  -107267.3031
 3371333000  -107469.7275
 3378147000  -106651.2778
 3384966000  -106805.8242
 3391784000  -106970.1895
 3398597000  -107168.9131
 3405415000  -107340.6397
 3412225000  -107565.1218
 3419052000  -107689.0055
 3425879000  -107816.5810
 3432694000  -108021.4389
 3439503000  -108266.7675
 3446352000  -108270.5099
 3453162000  -108517.0738
 3459978000  -107730.5288
 3466785000  -109002.8323
 3473587000  -108309.4525
 3480404000  -107527.8060
 3494454000  -107426.4447
 3501269000  -107668.3199
 3508078000  -106950.6333
 3514893000  -106199.8628
 3521704000  -107477.2731
 3528511000  -105782.8577
 3535321000  -106073.7392
 3542157000  -106209.0733
 3548975000  -105458.3289
 3555793000  -105711.2666
 3562611000  -104967.8863
 3569430000  -105222.0663
 3576251000  -105467.6870
 3583066000  -104753.7169
 3589879000  -105055.6657
 3596692000  -104361.2912
 3603517000  -104597.1651
 3610342000  -104836.7286
 3617158000  -104135.0431
 3623960000  -104522.6811
 3630777000  -103822.2309
 3637595000  -104119.3454
 3651606000  -102431.4124
 3658424000  -104739.7755
 3665233000  -103106.8478
 3672046000  -104453.1380
 3678859000  -104803.1049
 3685675000  -106138.4109
 3692491000  -105477.3967
 3699303000  -105844.5082
 3706110000  -106245.8496
 3712937000  -105528.6542
 3719752000  -106888.4683
 3726565000  -106264.1797
 3733371000  -106686.3288
 3740209000  -106916.6850
 3747031000  -106248.4672
 3753843000  -106645.0068
 3760651000  -107069.6482
 3767472000  -107418.5825
 3774277000  -106868.8899
 3781094000  -106249.6059
 3787912000  -106627.8985
 3794720000  -106070.9117
 3801543000  -106426.0463
 3808362000  -106809.2794
 3815178000  -106214.5024
 3821993000  -106629.5070
 3828809000  -107042.0893
 3835662000  -107232.6281
 3842480000  -106640.3898
 3849290000  -108100.6300
 3856101000  -107558.4446
 3862921000  -108965.0474
 3876938000  -108490.5959
 3883751000  -109951.1327
 3890562000  -109427.5387
 3897371000  -109919.8106
 3904184000  -110391.3740
 3910993000  -109890.9927
 3917808000  -111357.7190
 3924633000  -111767.1883
 3931460000  -112168.1611
 3938276000  -110639.8432
 3945091000  -111121.2971
 3951904000  -110618.6126
 3958710000  -114162.2410
 3965522000  -116672.9963
 3972330000  -120211.7864
 3979150000  -124681.1766
 3985968000  -128166.4285
 3992783000  -131673.6269
 3999600000  -134172.3288
 4006415000  -138686.8859
 4013236000  -143168.6024
 4020053000  -145678.3483
 4026865000  -148222.2025
 4033680000  -152751.4775
 4040484000  -154351.3597
 4054500000  -161080.1344
 4061316000  -165618.2442
 4068133000  -168153.9516
 4074952000  -172681.1767
 4081767000  -176236.4094
 4088578000  -180819.6433
 4095391000  -183394.3915
 4102206000  -187960.6574
 4109022000  -190524.5231
 4115830000  -194140.6961
 4122649000  -197693.6835
 4129469000  -200244.2766
 4136284000  -203828.9381
 4143102000  -206399.0495
 4149912000  -205021.4488
 4156732000  -205586.7695
 4163529000  -205295.4916
 4170350000  -204862.0942
 4177202000  -204244.1012
 4184018000  -203848.4562
 4190832000  -204468.6361
 4197647000  -205086.4218
 4204459000  -204726.1005
 4211272000  -205363.3839
 4218079000  -205040.7660
 4224888000  -205709.6786
 4231700000  -205364.0557
 4238513000  -205016.0397
 4245353000  -204507.8596
 4252167000  -204161.1438
 4258983000  -204805.9715
 4265797000  -205466.6122
 4272615000  -205106.6665
 4279427000  -205786.7957
 4286241000  -205458.4707
 4293060000  -206103.5013
 4299875000  -205776.4705
 4306706000  -206356.1054
 4313525000  -207012.1897
 4320357000  -206593.1480
 4327169000  -206299.0374
 4333988000  -206966.1743
 4340804000  -207655.1761
 4347630000  -208287.2571
 4354454000  -206935.1478
 4361280000  -207574.6090
 4368103000  -208235.9363
 4374906000  -209022.1092
 4381719000  -208751.3743
 4388536000  -208460.0887
 4395352000  -208178.5403
 4402165000  -207918.8390
 4408987000  -211608.3175
 4415808000  -214307.5369
 4422627000  -218022.5500
 4429453000  -221698.8709
 4436273000  -225415.2009
 4443084000  -228189.6877
 4449899000  -230943.6410
 4456713000  -235707.3246
 4463532000  -238444.4314
 4470342000  -241239.6746
 4477162000  -245978.0929
 4483976000  -248756.4911
 4490819000  -252363.1538
 4497633000  -256148.9231
 4504445000  -259950.4654
 4511255000  -262767.7775
 4518077000  -267516.2041
 4524892000  -272310.6393
 4531713000  -275072.4803
 4538529000  -278868.2313
 4545343000  -282679.7511
 4552155000  -287507.0363
 4558977000  -290277.5637
 4565785000  -295136.3767
 4572599000  -297962.6073
 4579409000  -301816.6825
 4586220000  -305668.3899
 4593034000  -307505.6498
 4599855000  -312304.3068
 4606668000  -315154.9656
 4613485000  -318985.1449
 4620303000  -321812.9666
 4627113000  -326692.7739
 4633931000  -329527.9555
 4640750000  -333360.7821
 4647565000  -335221.4372
 4654385000  -339055.5922
 4661198000  -341935.6780
 4668012000  -345813.4058
 4674823000  -347712.9138
 4681638000  -351591.9617
 4688447000  -355510.8869
 4695267000  -359367.1265
 4702084000  -362245.1463
 4708903000  -366114.7842
 4715735000  -369909.7032
 4722543000  -373853.0484
 4729362000  -376733.7366
 4736187000  -380581.9322
 4743002000  -384494.1049
 4749821000  -388385.8436
 4756640000  -392281.2654
 4763448000  -395246.6688
 4770260000  -400191.6370
 4777073000  -402134.2548
 4783889000  -408062.4726
 4790690000  -411084.7450
 4797506000  -415020.3144
 4804362000  -418718.6078
 4811172000  -421697.6987
 4817982000  -427680.4631
 4824802000  -430606.6781
 4831621000  -433542.5989
 4838435000  -436512.3089
 4845255000  -441449.5727
 4852076000  -443384.5005
 4858895000  -446335.1527
 4865710000  -447313.5643
 4872536000  -447229.4511
 4879353000  -446203.1902
 4886167000  -447198.6625
 4893026000  -445927.0531
 4899842000  -445917.8725
 4906657000  -445918.3875
 4913473000  -446916.5661
 4927482000  -447656.6243
 4934291000  -447708.1413
 4941110000  -448703.1999
 4947920000  -449756.0544
 4954735000  -448782.5223
 4961555000  -450782.6118
 4968372000  -450804.4182
 4975191000  -450817.8848
 4989205000  -452596.3812
 4996016000  -453669.1700
 5002834000  -454703.5760
 5009641000  -454807.7481
 5016455000  -454873.5406
 5023280000  -454876.9387
 5030098000  -455926.0686
 5036914000  -455990.8914
 5043729000  -461065.3990
 5050540000  -462167.6030
 5057358000  -463231.4545
 5064167000  -464353.0178
 5070976000  -464478.2535
 5077777000  -464655.1795
 5084616000  -464607.7045
 5091436000  -466677.9562
 5098250000  -467787.8959
 5105062000  -466913.5134
 5111880000  -468006.8093
 5118699000  -468097.7881
 5125518000  -468192.4501
 5132338000  -470284.7973
 5139145000  -469458.7946
 5145957000  -470606.4779
 5159973000  -472562.5386
 5166794000  -472667.5034
 5173617000  -472764.1641
 5180425000  -473954.4239
 5187270000  -473926.5928
 5194088000  -475064.2847
 5200902000  -475229.6286
 5207718000  -476386.6664
 5214531000  -475565.3582
 5221344000  -476747.7267
 5228160000  -477915.8008
 5234971000  -477117.5037
 5241787000  -478292.9349
 5248622000  -478358.2604
 5255434000  -478565.0142
 5262253000  -479733.5302
 5269066000  -477941.6518
 5275879000  -479153.4501
 5282688000  -479392.8690
 5289501000  -480612.0184
 5296312000  -480846.8143
 5303114000  -481139.1441
 5309954000  -480207.7524
 5316777000  -481381.7827
 5323592000  -480607.3627
 5330389000  -479944.3016
 5337207000  -480159.2843
 5344011000  -479461.6852
 5350826000  -480701.9663
 5357639000  -479957.8863
 5364447000  -480247.3807
 5371266000  -480474.7773
 5378091000  -480669.9863
 5384903000  -480946.5978
 5391715000  -480226.8848
 5398527000  -481510.8474
 5405345000  -482762.6278
 5412166000  -483000.1629
 5418979000  -484289.1851
 5425785000  -483623.7065
 5432600000  -484908.1299
 5439419000  -484172.3377
 5446231000  -485482.0399
 5453048000  -484765.5552
 5459861000  -485076.6393
 5466679000  -485361.5428
 5473489000  -484697.8955
 5480303000  -485014.0403
 5487114000  -483351.7721
 5493932000  -484651.3936
 5500747000  -484972.6032
 5507577000  -484207.9687
 5514389000  -484554.4470
 5521207000  -484868.7982
 5528022000  -485204.7311
 5534838000  -485538.3768
 5541657000  -483857.8058
 5548467000  -485234.6026
 5555279000  -483603.1440
 5562099000  -483927.6498
 5568916000  -484273.7299
 5575728000  -483653.3049
 5582542000  -484024.6310
 5589354000  -483411.5582
 5596173000  -483760.4327
 5602987000  -483142.7935
 5609796000  -483558.6326
 5616616000  -483912.5888
 5623427000  -484323.8603
 5630240000  -483726.8894
 5637057000  -483109.7633
 5643863000  -484561.8496
 5650673000  -483993.7776
 5657488000  -484399.5973
 5664298000  -483838.8747
 5671114000  -483246.0941
 5677934000  -483633.1745
 5684755000  -484017.9850
 5691589000  -484329.0836
 5698404000  -484756.9901
 5705219000  -484188.5754
 5712041000  -484582.1755
 5718854000  -485033.0251
 5725665000  -484499.4532
 5732480000  -484945.7542
 5739311000  -485300.5365
 5746115000  -484819.6461
 5752921000  -486330.5250
 5759732000  -486815.3320
 5766553000  -488244.3365
 5773371000  -487694.8678
 5780186000  -487166.9209
 5787000000  -486648.5988
 5793817000  -488116.1179
 5800634000  -488587.3180
 5807448000  -488080.0323
 5814276000  -488493.2097
 5821088000  -489005.1737
 5827909000  -488467.3279
 5834711000  -489046.0708
 5841535000  -489497.7600
 5848351000  -490000.6674
 5855163000  -490531.0173
 5861977000  -490053.1625
 5868793000  -490567.1063
 5875609000  -490084.7299
 5882441000  -490511.0173
 5889261000  -490012.2575
 5896070000  -490582.4935
 5902887000  -491108.9067
 5909700000  -492662.7463
 5916515000  -490208.3909
 5923332000  -486745.8438
 5930150000  -484281.0429
 5936966000  -478831.7924
 5943812000  -475208.2124
 5950633000  -471736.6723
 5957445000  -468322.2106
 5964252000  -464941.0845
 5971060000  -460557.6971
 5977865000  -457195.7738
 5984677000  -452796.0056
 5991498000  -449346.5442
 5998334000  -446811.8282
 6005147000  -444417.1758
 6011963000  -440008.4152
 6018778000  -436609.2622
 6025594000  -433207.8608
 6032409000  -429816.0660
 6039229000  -425398.3194
 6046035000  -423067.2148
 6052845000  -419716.0792
 6059655000  -417368.6169
 6066477000  -412953.7410
 6073293000  -410578.0917
 6080107000  -407217.9680
 6086916000  -403891.1335
 6093728000  -400550.2061
 6100544000  -397189.2692
 6107362000  -393820.1709
 6114173000  -391496.1957
 6120987000  -392158.1361
 6127804000  -391805.9970
 6134603000  -392564.0724
 6141413000  -393260.7114
 6148227000  -392937.3541
 6155035000  -393653.1759
 6161858000  -393283.9233
 6168675000  -393953.8532
 6175488000  -393651.1252
 6182302000  -394346.1591
 6189113000  -394062.6133
 6195937000  -394705.8643
 6202749000  -393423.7613
 6209566000  -394115.7710
 6216380000  -393829.1977
 6223192000  -394558.1252
 6230007000  -395272.9954
 6244023000  -396432.5585
 6250844000  -396123.2175
 6257667000  -394805.7441
 6264483000  -390533.3159
 6271295000  -388288.1984
 6278104000  -386064.4779
 6284923000  -382785.3635
 6291716000  -378663.4904
 6298524000  -377456.6892
 6305335000  -374235.8441
 6312150000  -371995.0557
 6318965000  -369757.9461
 6325798000  -366418.2543
 6332607000  -362223.9291
 6339417000  -360027.3739
 6346227000  -356834.4921
 6353042000  -353615.7775
 6359855000  -350412.5431
 6366673000  -348183.4846
 6373484000  -345999.4054
 6380300000  -346789.5053
 6387145000  -346412.2277
 6393964000  -348192.0091
 6400781000  -347987.2684
 6407595000  -349803.8995
 6414404000  -349653.6900
 6421220000  -350465.8821
 6428039000  -351264.0683
 6434861000  -351048.2532
 6441687000  -351812.5477
 6448512000  -352586.4266
 6455320000  -352464.1782
 6462125000  -352363.2788
 6468939000  -352213.0189
 6475752000  -353072.3283
 6482561000  -353958.8782
 6489374000  -354825.5387
 6496180000  -354737.1051
 6503013000  -355493.3280
 6509836000  -357312.1373
 6516656000  -359152.2989
 6523482000  -358960.8183
 6530304000  -359796.5771
 6537121000  -359665.4555
 6543922000  -360632.1925
 6550734000  -362537.8521
 6557549000  -362429.5320
 6564366000  -363313.1218
 6571186000  -364182.7407
 6578003000  -365073.6940
 6584835000  -364880.0852
 6591647000  -366807.8202
 6598470000  -365674.5310
 6605287000  -364580.2168
 6612123000  -366377.8500
 6618939000  -367296.7881
 6625753000  -368231.1653
 6632562000  -369198.6157
 6639376000  -369140.3456
 6646188000  -367097.5093
 6653001000  -365052.4710
 6659805000  -361064.0018
 6666644000  -357873.5258
 6673463000  -354804.2716
 6680278000  -352762.2017
 6687096000  -348706.1862
 6693916000  -346642.1044
 6700740000  -344558.2120
 6707557000  -341519.1201
 6714382000  -339436.7283
 6721199000  -334405.0027
 6728019000  -332359.3434
 6734830000  -329370.2072
 6741636000  -326414.0977
 6748442000  -323461.6573
 6755257000  -319460.0617
 6762078000  -317426.9319
 6768894000  -315426.8288
 6775712000  -312418.6700
 6782520000  -309472.8654
 6789333000  -307501.3987
 6796143000  -305551.2070
 6802962000  -301551.8984
 6809776000  -300585.5981
 6816599000  -296570.1950
 6823408000  -294640.5749
 6830222000  -291685.3099
 6837027000  -287786.4887
 6843841000  -284838.5744
 6850659000  -281870.8904
 6857476000  -278912.7498
 6864296000  -275940.7079
 6871121000  -272943.0493
 6877934000  -270019.3961
 6884750000  -266081.8422
 6891569000  -262130.3924
 6898379000  -259235.3480
 6905192000  -254326.4046
 6912005000  -252421.1378
 6918815000  -248537.1169
 6925633000  -246609.9223
 6932449000  -242698.1205
 6939260000  -239819.2725
 6946080000  -236891.4107
 6952887000  -234043.3314
 6959704000  -231140.3905
 6966508000  -228317.2148
 6973321000  -226445.0371
 6980134000  -224576.5361
 6986940000  -222752.6689
 6993756000  -222873.9659
 7000565000  -224039.8924
 7007369000  -224238.7382
 7014182000  -223388.6112
 7021022000  -225384.2561
 7027833000  -225553.1925
 7034642000  -226737.4978
 7041460000  -226872.8552
 7048278000  -228011.8946
 7055090000  -228189.6897
 7061905000  -230353.6251
 7068721000  -231515.3948
 7075543000  -232645.7804
 7082357000  -233826.6000
 7089169000  -234022.7832
 7095984000  -236205.1147
 7102797000  -236402.8088
 7109612000  -238592.4968
 7116421000  -238820.9083
 7123231000  -240047.1518
 7130051000  -241218.6719
 7136870000  -241399.7153
 7143682000  -241625.3121
 7150495000  -242848.7463
 7157304000  -244099.2073
 7164112000  -244359.1776
 7170933000  -244546.9453
 7177770000  -245645.0239
 7184585000  -247875.1830
 7191391000  -248161.5343
 7198201000  -249428.2176
 7205015000  -249675.2392
 7211829000  -250925.9386
 7218639000  -252203.6464
 7225448000  -253490.8597
 7232266000  -253729.2610
 7239080000  -253994.6685
 7245898000  -255240.4317
 7252711000  -256519.0268
 7259522000  -257812.9574
 7266334000  -260104.7336
 7273147000  -259394.3569
 7279957000  -262705.1404
 7286780000  -262943.8427
 7293591000  -263256.1532
 7300410000  -265525.5287
 7307226000  -265816.0642
 7314036000  -267145.2302
 7320848000  -268466.4205
 7327669000  -270738.8701
 7334478000  -273084.8869
 7341292000  -273405.4612
 7348105000  -273735.5356
 7354922000  -275045.9992
 7361732000  -277400.8931
 7368552000  -277701.2524
 7375412000  -278772.4859
 7382237000  -281051.1367
 7389052000  -281391.6688
 7395890000  -283602.0512
 7402710000  -284920.8628
 7409533000  -286225.9060
 7416349000  -288575.3556
 7423170000  -288899.4028
 7429952000  -290453.9564
 7436784000  -292721.3839
 7443612000  -294015.7678
 7450439000  -295319.6589
 7457267000  -295621.4280
 7464041000  -293240.8042
 7470819000  -290840.5642
 7477658000  -289089.4219
 7484457000  -285574.4488
 7491279000  -283929.4825
 7498100000  -281294.0132
 7504919000  -278673.8490
 7511733000  -277086.4153
 7518551000  -275479.4236
 7525369000  -271876.1140
 7532193000  -269241.6394
 7539001000  -267703.7699
 7545809000  -265169.5717
 7552631000  -263557.7578
 7559448000  -261978.6586
 7566322000  -259072.3480
 7573148000  -257448.4001
 7579981000  -253787.5147
 7586797000  -252228.9871
 7593610000  -249691.5482
 7600423000  -249157.7860
 7607244000  -245581.2853
 7614066000  -244002.6685
 7620884000  -241450.9414
 7627702000  -239902.8962
 7634515000  -236387.5317
 7641299000  -234044.0203
 7648071000  -232773.7380
 7654882000  -230280.9619
 7661703000  -226733.8845
 7668524000  -223190.4924
 7675354000  -221598.6171
 7682185000  -219004.6409
 7688966000  -216704.1313
 7695724000  -214540.5460
 7702519000  -212166.1877
 7709342000  -211633.2602
 7716170000  -209075.0538
 7723003000  -206491.5767
 7729828000  -204958.1353
 7736659000  -202393.6336
 7743486000  -199855.9924
 7750317000  -198298.8808
 7757142000  -194780.2053
 7763965000  -191276.7983
 7770715000  -189199.6710
 7777487000  -186998.8078
 7784314000  -184483.2447
 7791140000  -182977.1606
 7797974000  -180428.4731
 7804793000  -176970.2784
 7811615000  -174498.4097
 7818446000  -172978.1610
 7825265000  -171531.0238
 7832096000  -168018.1607
 7838911000  -165601.5303
 7845681000  -163448.8136
 7852425000  -161450.0713
 7859228000  -158113.7977
 7866021000  -155839.0039
 7872804000  -153625.6737
 7879583000  -154439.1090
 7886353000  -156308.2024
 7893160000  -156967.0943
 7899956000  -157693.2220
 7906734000  -159527.0150
 7913519000  -159324.0035
 7920293000  -160188.1865
 7927091000  -162917.3669
 7933880000  -163702.1918
 7940651000  -165594.6261
 7947443000  -162369.4182
 7954244000  -161095.8946
 7960994000  -159120.5018
 7967772000  -155987.0646
 7974542000  -154903.4488
 7981327000  -153736.8795
 7988119000  -150533.5547
 7994917000  -148299.2568
 8001715000  -146068.6193
 8008525000  -143772.4012
 8015330000  -142508.7042
 8022131000  -141271.7513
 8028926000  -138073.0730
 8035726000  -136849.2122
 8042496000  -134802.0363
 8049287000  -132637.3864
 8056052000  -130626.3141
 8062829000  -128549.6773
 8069632000  -127326.7816
 8076410000  -124251.6697
 8083192000  -122157.1401
 8089971000  -120083.5447
 8096761000  -118950.1951
 8103552000  -115814.7347
 8110305000  -113901.8847
 8117078000  -112877.4168
 8123860000  -110804.7338
 8130681000  -108511.0374
 8137466000  -107428.3822
 8144278000  -105193.8710
 8151045000  -104222.1819
 8157872000  -101908.6235
 8164686000   -99673.6073
 8171507000   -98401.9686
 8178323000   -98162.7984
 8185139000   -95927.3080
 8191955000   -93695.4975
 8198771000   -92467.3669
 8205587000   -90242.9162
 8212369000   -88217.7797
 8219139000   -86265.3275
 8225958000   -85034.6145
 8232780000   -83790.3277
 8239540000   -80906.3387
 8246296000   -79048.9745
 8253050000   -77206.7271
 8259803000   -77373.8431
 8266623000   -74159.3442
 8273447000   -73925.5329
 8280269000   -71706.9074
 8287094000   -70474.7240
 8293918000   -69251.9778
 8300724000   -67136.3653
 8307480000   -65311.7427
 8314285000   -63209.1873
 8321103000   -62035.6104
 8327923000   -59854.2260
 8334706000   -58889.0634
 8341472000   -57025.1886
 8348234000   -56187.9125
 8355059000   -54992.4711
 8361896000   -52731.8140
 8368722000   -51538.0166
 8375549000   -49342.1690
 8382368000   -48195.9370
 8389201000   -45973.0288
 8396033000   -43759.5583
 8402862000   -42567.0016
 8409725000   -41183.0358
 8416552000   -39009.3608
 8423371000   -36885.2756
 8430171000   -34873.8708
 8436925000   -32129.9922
 8443727000   -31114.4165
 8450590000   -28752.6654
 8457388000   -26767.3903
 8464186000   -25785.7758
 8470960000   -23945.4249
 8477728000   -22143.1064
 8484483000   -20418.9373
 8491270000   -18514.9628
 8498077000   -17500.0105
 8504855000   -13654.9211
 8511649000   -12721.7866
 8518453000   -10735.0113
 8525263000    -8717.5278
 8532078000    -6675.0746
 8538890000    -5653.4845
 8545685000    -2732.9382
 8552475000     -844.6843
 8559268000     1057.0972
 8566072000     1018.2089
 8572879000     3992.8299
 8579640000     5700.4371
 8586447000     7667.7426
 8593242000     9562.6925
 8600048000    11516.9409
 8606854000    13467.5202
 8613664000    15437.3191
 8620477000    17420.6095
 8627298000    18445.9919
 8634107000    20399.0425
 8640916000    21348.4208
 8647716000    24242.6515
 8654491000    24990.2463
 8661298000    27917.1941
 8668094000    28777.5752
 8674907000    30731.4925
 8681714000    31647.4324
 8688517000    34536.8372
 8695334000    35502.5960
 8702138000    38390.3768
 8708938000    39251.6321
 8715763000    42252.0769
 8722577000    44185.9831
 8729379000    46047.6556
 8736186000    47934.2256
 8743016000    49948.4997
 8749835000    52896.2536
 8756669000    55925.9870
 8763486000    56854.9460
 8770298000    59751.6752
 8777119000    61696.1119
 8783933000    63596.9025
 8790753000    65528.2642
 8797562000    67393.1582
 8804376000    70282.9151
 8811192000    72180.4074
 8817973000    73874.5104
 8824793000    76787.4836
 8831606000    78656.8382
 8838428000    80573.8556
 8845245000    83458.6674
 8851995000    84957.6781
 8858786000    87686.8927
 8865574000    89395.3477
 8872349000    92026.0312
 8879149000    93795.6075
 8885973000    95698.3356
 8892785000    97528.9744
 8899592000    99327.4401
 8906400000   103127.9346
 8913225000   105021.6314
 8920032000   107809.0763
 8926850000   109655.5221
 8933664000   111475.4986
 8940483000   113320.2787
 8947348000   115423.3798
 8954132000   118061.4369
 8960925000   119747.1006
 8967745000   120582.8505
 8974532000   121227.0281
 8981308000   121804.9334
 8988124000   122606.9024
 8994968000   123564.5665
 9001789000   125387.6176
 9008608000   125195.6018
 9015408000   125891.7863
 9022206000   126572.9285
 9029013000   127301.6137
 9035830000   129083.5160
 9042643000   128838.9846
 9049464000   129636.2778
 9056274000   131367.3275
 9070308000   132172.4165
 9077123000   131920.6500
 9083943000   131693.6292
 9090764000   132468.6087
 9097579000   133205.7999
 9104388000   132905.2125
 9111205000   134646.4148
 9118013000   135332.7962
 9124785000   134810.9659
 9131583000   135433.2128
 9145519000   136597.9435
 9152326000   136260.1415
 9159158000   137060.6433
 9165994000   137880.1617
 9172833000   139713.0121
 9179672000   141542.1579
 9186512000   140373.2756
 9193356000   142223.3926
 9200196000   142047.0965
 9207030000   143833.0436
 9213873000   143666.3630
 9227926000   144404.0590
 9234771000   146237.3982
 9241689000   147481.1132
 9248526000   148261.6152
 9255362000   148032.7433
 9262201000   149817.1823
 9269009000   151422.1386
 9275794000   151893.0201
 9282626000   152626.7066
 9289446000   153288.6723
 9296266000   152946.9538
 9303084000   153590.2160
 9309908000   154263.7983
 9316729000   155916.6927
 9323553000   157582.8995
 9330386000   159296.4065
 9337217000   160994.8854
 9344033000   162604.7036
 9350853000   164233.4970
 9357665000   165813.3003
 9364482000   168417.7415
 9371303000   170041.1504
 9378119000   170632.5660
 9384939000   173242.9460
 9391763000   175872.2839
 9398571000   176407.3734
 9405395000   179029.3430
 9412213000   179613.6705
 9419026000   182166.0241
 9425847000   183759.9638
 9432662000   184316.2745
 9439481000   185891.5334
 9446296000   187440.4843
 9453119000   189031.0018
 9459941000   189612.1767
 9466767000   192212.2837
 9473598000   193836.9702
 9480427000   195446.6537
 9487243000   196979.1546
 9494061000   198519.2805
 9500882000   197072.6800
 9507706000   195639.3483
 9514550000   193315.3443
 9521376000   191885.9253
 9528205000   190469.7648
 9535029000   187021.6645
 9541868000   185654.6053
 9548692000   184199.1198
 9555515000   182734.2983
 9562340000   180277.0833
 9569166000   178821.8252
 9575984000   177317.7090
 9582801000   174804.2652
 9589605000   172213.7573
 9596429000   170732.4690
 9603261000   168292.6424
 9610069000   166713.6808
 9616860000   166035.1220
 9623690000   164572.9548
 9630522000   161118.3758
 9637352000   159648.8174
 9644175000   157136.0803
 9650999000   154625.2957
 9657846000   153240.5302
 9664663000   150682.8838
 9671453000   148969.3201
 9678249000   146285.9316
 9692274000   144348.8922
 9699079000   140705.0215
 9705895000   140119.4749
 9712718000   137569.6943
 9719554000   135089.4756
 9726387000   133588.6534
 9733201000   131977.0966
 9740020000   130390.0269
 9746871000   126979.5111
 9753699000   125435.7447
 9760523000   122865.7601
 9767346000   122286.4562
 9774172000   120720.3556
 9780993000   118122.4158
 9787800000   117441.9824
 9794589000   114656.5636
 9801334000   112619.8579
 9808080000   110585.1762
 9814855000   109710.0736
 9821672000   109067.6475
 9828474000   106337.1513
 9835280000   105625.4920
 9842099000   103983.2868
 9848911000   105298.0283
 9855731000   107654.0845
 9862549000   107995.2100
 9869357000   109276.4264
 9876182000   112649.5484
 9882993000   112940.2780
 9889808000   114249.8175
 9896642000   116662.4686
 9903461000   117987.1203
 9910219000   119965.3014
 9917031000   122243.2873
 9923844000   123523.2161
 9930643000   125720.8183
 9937430000   127847.3512
 9944227000   129026.4032
 9951046000   131325.3531
 9957875000   131676.7767
 9964692000   134957.1246
 9971510000   136239.4062
 9978295000   137332.7413
 9985106000   138568.3818
 9991936000   139906.9949
 9998756000   142185.7884
10005575000   143455.2857
10012384000   144664.9862
10019210000   144966.3986
10026021000   147179.9659
10032847000   147474.0051
10039665000   147719.4798
10046498000   148045.4027
10053307000   150233.0320
10060129000   150489.8878
10066950000   150737.4502
10073733000   150768.2798
10080551000   149991.6742
10087368000   153205.7812
10094174000   152354.5533
10100994000   151578.1174
10107813000   151792.3935
10114619000   150930.1438
10121368000   152744.8688
10135240000   152458.5160
10141986000   153245.4141
10148782000   153308.7362
10155604000   153514.0009
10162414000   153648.3853
10169232000   153823.8879
10176053000   154012.5038
10182880000   154231.0216
10189692000   153361.8877
10196514000   154545.0461
10203339000   154741.3070
10210162000   153922.6868
10216982000   155083.5937
10223810000   156285.5734
10230629000   157433.5135
10237456000   157622.5189
10244277000   159774.2744
10251105000   160961.4920
10257936000   162161.7925
10264771000   161380.7625
10271595000   162534.5327
10278420000   161690.2047
10285248000   162858.9565
10292067000   163973.7124
10298889000   164101.5512
10305691000   165113.9408
10312515000   165245.5929
10319318000   166256.2282
10326135000   166341.4090
10332977000   166562.5584
10339778000   166550.9967
10346603000   166669.8090
10353423000   167757.0099
10360245000   168851.6942
10367075000   167987.3585
10373896000   168069.0830
10380717000   168147.1223
10387539000   168227.0580
10394320000   168074.4813
10401145000   168163.8082
10407969000   169243.8654
10414798000   168348.1317
10421616000   165387.3354
10428410000   162288.9750
10435152000   158896.9082
10441946000   154791.2634
10448789000   151955.2263
10455611000   147998.3784
10462438000   145065.7228
10469263000   142118.2251
10476081000   138128.0152
10482909000   135189.8644
10489732000   132220.1529
10503758000   127387.2065
10510580000   124400.6554
10517398000   122388.1325
10524214000   119360.7858
10531032000   115340.8999
10537841000   113267.2042
10544711000   110529.5582
10551528000   108493.0343
10558351000   106486.2382
10565188000   105553.7010
10572012000   103545.0896
10578838000   101543.9226
10585666000    99550.1969
10592488000    98519.3858
10599317000    96523.8426
10606148000    94535.7341
10612976000    92527.2382
10619801000    92498.3595
10626630000    89488.0422
10633458000    88468.4688
10640288000    86456.3259
10647123000    84468.2934
10653947000    82415.3944
10660777000    81392.1669
10667626000    79470.8745
10674459000    78456.9236
10681296000    76461.5080
10688135000    73473.5055
10694972000    71470.6837
10701803000    70430.8186
10708638000    68409.4824
10715468000    67356.6673
10722278000    66189.0543
10729113000    65156.6331
10735937000    63059.4167
10742773000    61025.1542
10749611000    59998.2960
10756434000    57884.4476
10763266000    55816.8789
10770098000    54745.6130
10776946000    52759.4630
10783778000    51680.7941
10790612000    50609.5276
10797455000    48584.5044
10804270000    48400.4099
10811104000    46318.0507
10817942000    45254.1824
10824784000    44208.7987
10831622000    42137.5209
10838465000    40090.2692
10845284000    39906.2188
10852116000    37790.5685
10858915000    35488.2584
10865754000    34404.0380
10872578000    32232.9644
10879411000    30108.0865
10886236000    28935.1730
10893059000    25747.4868
10899888000    24589.3596
10906712000    21399.8357
10913534000    19195.5434
10920362000    17020.8014
10927188000    14831.2888
10934013000    13632.5471
10940840000    11441.1915
10947660000     8207.3831
10954491000     6030.7948
10961309000     2778.5396
10968131000     1544.7451
10974957000      329.4047
10981793000    -1834.2804
10988636000    -4962.9286
10995465000    -8172.7551
11002292000    -9397.3414
11009112000   -11664.3464
11015929000   -14951.6314
11022742000   -17264.7226
11029566000   -21520.6516
11036387000   -23796.8599
11043211000   -28060.1643
11050041000   -31293.9821
11056871000   -36531.4950
11063701000   -37772.7028
11070524000   -40056.2985
11077346000   -41349.1088
11084171000   -41629.0259
11090986000   -42967.8920
11097821000   -44199.9289
11104658000   -45424.6165
11111481000   -46730.3472
11118307000   -48023.1939
11125137000   -49297.6384
11131970000   -50559.2098
11138797000   -50857.6123
11145624000   -51159.7067
11152447000   -52487.5770
11159282000   -53752.8884
11166106000   -55082.6202
11172885000   -55664.4158
11179659000   -58277.4461
11186472000   -58678.8942
11193244000   -61310.2504
11199975000   -61171.4487
11206784000   -63605.9274
11213517000   -64463.3121
11220267000   -66230.5208
11227030000   -66929.6412
11241004000   -70868.4441
11247767000   -72578.6731
11254580000   -74016.8756
11261404000   -76398.1179
11268225000   -78799.5845
11275043000   -80221.2704
11281861000   -81646.6383
11288677000   -84086.7088
11295486000   -85569.0274
11302311000   -86966.8711
11309129000   -89406.9650
11315956000   -91801.1678
11322771000   -94265.1534
11329594000   -95688.7614
11336401000   -99204.1609
11343231000  -100596.5934
11350040000  -102108.3348
11356862000  -104552.1850
11370871000  -107442.0622
11377694000  -109891.6654
11384532000  -111262.4158
11391368000  -112647.8741
11398183000  -116152.5677
11404990000  -117704.9486
11411793000  -120283.0018
11418623000  -122716.2211
11425455000  -125142.1365
11432269000  -127670.7294
11439091000  -131159.0131
11445920000  -133612.4984
11452706000  -136306.0610
11459504000  -136937.3101
11466325000  -140445.8067
11473147000  -142952.4930
11479961000  -144506.8267
11486780000  -147037.3651
11493622000  -149445.2235
11500452000  -151922.7120
11507284000  -153392.9095
11514109000  -155905.2513
11520935000  -159415.7907
11527768000  -160891.5813
11534603000  -163360.0887
11541439000  -165826.8061
11548267000  -168341.1429
11555135000  -171639.6053
11561972000  -175111.9516
11568807000  -177598.9768
11575643000  -180084.2147
11582465000  -181649.9724
11589283000  -184241.3622
11596094000  -187874.8357
11602919000  -190435.1881
11609759000  -193916.9573
11616587000  -196468.2441
11623427000  -198957.4185
11630251000  -202538.0304
11637075000  -206122.3308
11643903000  -208688.3911
11657940000  -213743.3104
11664765000  -216337.0968
11671592000  -217923.6129
11678418000  -221519.3001
11685246000  -224107.7203
11692078000  -227677.9200
11698902000  -231295.6391
11712932000  -237450.0461
11719756000  -240079.0373
11726583000  -242695.2902
11733404000  -245348.0853
11740240000  -248922.4478
11747060000  -251588.0955
11753874000  -253290.2679
11760699000  -254935.9162
11767507000  -258678.2842
11774333000  -260325.8307
11781163000  -262955.1828
11787988000  -263615.5835
11794805000  -267323.4354
11801636000  -269958.3931
11808470000  -272580.6396
11815293000  -274266.7396
11822130000  -276879.9747
11828927000  -278715.6120
11835744000  -280445.5695
11842558000  -283195.6073
11849388000  -284861.8689
11856212000  -286564.6174
11863030000  -288303.8432
11869847000  -292052.2153
11876667000  -293787.8771
11883492000  -295499.9074
11890311000  -298248.4030
11897126000  -300022.4300
11903930000  -302860.2130
11910749000  -304619.7476
11917569000  -302377.5050
11924390000  -303133.4865
11931213000  -301882.2346
11938035000  -300640.1290
11944857000  -301401.7097
11951672000  -299205.1811
11958486000  -298017.7886
11965304000  -297812.2470
11972110000  -296675.8613
11978911000  -297570.4226
11985726000  -296392.2767
11992544000  -295201.4460
11999367000  -293987.0273
12006186000  -293798.1099
12013006000  -293607.4227
12019808000  -291518.5623
12026632000  -291313.4265
12040646000  -288919.2513
12047463000  -288763.5300
12054284000  -288589.6912
12061107000  -287408.6394
12067929000  -287236.7236
12074750000  -288073.9422
12081567000  -286936.6360
12088387000  -286786.6699
12095211000  -286618.6024
12102027000  -286497.7903
12108844000  -285375.2128
12115675000  -285180.0893
12122493000  -285059.4370
12129312000  -284937.0230
12136138000  -284780.1900
12142960000  -284648.8182
12149782000  -283521.1327
12156602000  -282408.0166
12163422000  -282298.5848
12170246000  -282171.0753
12177061000  -282096.2135
12183890000  -280948.8793
12190713000  -280837.8721
12197541000  -279703.3608
12211563000  -277455.4026
12218378000  -276402.8441
12225183000  -276408.3255
12231998000  -275363.1192
12238816000  -274305.2866
12245643000  -273202.2257
12252457000  -272173.4978
12259286000  -271066.9466
12266105000  -270018.4179
12272923000  -267979.0047
12279748000  -267905.2510
12286564000  -266884.0681
12293381000  -265861.1343
12300203000  -264814.7308
12314278000  -263393.0562
12321105000  -262330.8021
12327929000  -260288.5236
12334784000  -260081.6834
12341601000  -259084.7869
12348434000  -259004.7498
12355257000  -257982.6690
12362079000  -257969.7009
12368912000  -256900.7472
12375734000  -256895.1577
12382555000  -255898.6782
12389379000  -254889.6147
12396211000  -254840.8593
12403036000  -253833.7551
12409854000  -253868.2909
12416733000  -252575.8318
12423554000  -251601.5034
12430399000  -252500.7838
12437226000  -251501.3231
12444052000  -250510.9729
12450878000  -249524.3134
12457698000  -249573.8506
12464527000  -249578.3178
12471351000  -248613.5619
12478173000  -248663.3266
12484996000  -247711.3622
12491844000  -247627.7106
12498658000  -247731.8645
12505483000  -246780.1432
12512304000  -246853.7650
12519126000  -246925.6592
12525949000  -245995.8275
12532816000  -245831.5667
12539632000  -244947.0120
12546463000  -244984.9773
12553290000  -245048.2792
12560122000  -245088.2250
12566955000  -244126.4589
12573776000  -243233.2929
12580616000  -244241.0612
12587436000  -243360.6834
12594267000  -242424.5144
12601100000  -242481.2287
12607935000  -243530.8297
12614761000  -241632.7783
12621592000  -240711.3941
12628402000  -239907.1935
12635232000  -238998.5937
12642061000  -238099.0920
12648890000  -238203.2842
12655713000  -236343.5824
12662533000  -236503.7724
12669353000  -236667.6466
12676180000  -235797.4023
12683017000  -235876.8513
12689845000  -235008.5967
12696666000  -235181.8261
12703490000  -235342.5462
12710316000  -234496.1595
12717193000  -233378.2096
12724024000  -233512.2488
12730856000  -232644.5881
12737686000  -232791.4156
12744546000  -232780.0890
12751385000  -231885.7729
12758199000  -231130.0086
12765016000  -231361.7420
12771843000  -230543.2283
12778666000  -228749.9754
12785489000  -228960.4099
12792321000  -228126.0113
12799152000  -227300.7004
12805987000  -227457.5253
12812831000  -225569.5445
12819663000  -225749.9421
12826486000  -224982.5331
12833318000  -225170.3202
12840147000  -224377.9666
12846973000  -223605.4675
12853799000  -226836.6591
12860629000  -230049.9982
12867460000  -234261.6472
12874293000  -236466.2228
12881129000  -239658.3443
12887952000  -242924.1541
12894790000  -246112.9054
12901620000  -248348.4205
12908443000  -251625.3045
12915277000  -254846.6801
12922102000  -258120.1832
12928927000  -260397.3758
12935741000  -263737.4361
12942573000  -266984.3470
12949398000  -269272.6062
12956227000  -273543.0423
12963065000  -276768.7734
12969902000  -279003.5852
12976741000  -281231.3465
12983583000  -290446.6844
12990403000  -293783.9912
12997258000  -296936.8588
13004083000  -300254.6808
13010911000  -303560.0708
13017733000  -305901.3936
13024561000  -309214.1660
13031391000  -311519.8868
13038212000  -313877.6479
13045000000  -313416.3427
13051816000  -311808.3097
13058637000  -311177.1061
13065449000  -308597.9136
13072265000  -306000.9208
13079051000  -305568.6618
13085876000  -304930.7011
13092702000  -303291.0626
13099517000  -303714.1501
13106332000  -302140.9164
13113152000  -302544.5327
13119977000  -302925.0070
13126783000  -302411.0999
13133579000  -302954.5035
13140406000  -301335.2934
13147234000  -301714.4120
13154071000  -300048.9608
13160898000  -300440.8319
13167717000  -299879.2864
13174537000  -299316.0631
13181371000  -298681.4788
13188181000  -297179.2297
13195015000  -296552.0311
13201847000  -297939.2494
13208675000  -297351.5976
13215503000  -296767.6387
13222340000  -296139.1585
13229168000  -296562.5902
13235997000  -295984.3586
13242821000  -295436.5984
13249640000  -294919.3016
13256462000  -294389.6246
13263325000  -293644.1250
13270150000  -294105.7829
13276982000  -293533.6608
13283814000  -292965.2359
13290638000  -293443.3218
13297458000  -291946.5009
13304261000  -291544.3250
13311020000  -291381.2190
13317822000  -289991.7006
13324647000  -289482.8195
13331458000  -290052.5067
13338312000  -289395.9072
13345133000  -288919.4926
13351937000  -288537.6598
13358735000  -287191.5719
13365563000  -286688.7711
13372363000  -286339.3297
13379124000  -286201.9943
13385878000  -285105.6887
13392654000  -286895.4365
13399482000  -291410.9804
13406270000  -295143.9191
13413097000  -297672.1690
13419917000  -302241.5010
13426736000  -306819.8581
13433484000  -308781.0662
13440276000  -308510.9273
13447099000  -308078.9236
13453918000  -307671.9623
13460742000  -307241.9931
13467558000  -305858.4139
13474373000  -304483.8517
13481181000  -305150.3246
13487973000  -303905.8461
13494796000  -302499.6198
13501608000  -302155.7659
13508428000  -300772.9119
13515252000  -300372.4064
13522072000  -298996.9229
13528897000  -298598.4595
13535714000  -297246.3440
13542537000  -296865.9189
13549354000  -295521.1686
13556187000  -295094.8084
13563015000  -294698.7971
13569828000  -294386.4226
13576641000  -294077.7247
13583452000  -292783.3605
13590266000  -292476.6868
13597073000  -291210.9830
13603901000  -289837.0844
13610707000  -290584.0585
13617510000  -289350.6791
13624330000  -289030.4359
13631153000  -288697.9026
13637980000  -289347.7599
13644806000  -290006.6327
13651608000  -287796.9510
13658417000  -288553.6760
13665246000  -289207.6325
13672047000  -288014.2849
13678855000  -289787.3543
13685671000  -289521.5315
13692498000  -289200.8700
13699326000  -288878.5808
13706147000  -287597.2161
13712959000  -288367.4010
13719785000  -288066.8134
13726607000  -287791.1852
13733414000  -287598.9929
13740226000  -287383.8902
13747047000  -286124.6231
13753871000  -285853.0962
13760670000  -284718.1198
13767458000  -283645.2583
13774250000  -283554.7928
13781067000  -283335.1597
13787890000  -283087.3337
13794717000  -282821.9479
13801521000  -281682.4125
13808341000  -281461.5728
13815163000  -280233.7969
13821980000  -281036.2555
13828803000  -281810.5405
13835600000  -279726.5352
13842409000  -279582.4931
13849224000  -279410.2785
13856043000  -279220.5151
13862862000  -279034.4347
13869680000  -279857.3433
13876468000  -278843.0931
13883296000  -277620.3019
13890091000  -277576.2431
13896903000  -275445.6787
13903703000  -276382.4277
13910532000  -276169.0636
13917342000  -275060.1328
13924190000  -273753.4172
13931006000  -273620.0477
13937826000  -273469.1563
13944644000  -272332.5489
13951464000  -272189.0248
13958273000  -272107.4720
13965090000  -270987.2052
13971909000  -270860.0239
13978721000  -270773.6061
13985541000  -270648.4905
13992354000  -268564.1321
13999173000  -268451.6767
14005997000  -269316.4292
14012792000  -268338.4109
14019628000  -267146.9972
14026442000  -268075.7403
14033263000  -267971.1109
14040076000  -267912.5056
14046825000  -267196.2528
14053644000  -268113.2186
14060427000  -267224.3339
14067243000  -267164.5171
14074068000  -266060.7732
14080893000  -265960.7189
14087661000  -265165.8031
14094472000  -264147.1297
14101289000  -263100.4058
14108104000  -263067.9368
14114923000  -264018.0009
14121749000  -261934.7469
14128580000  -261828.7570
14135390000  -260837.4438
14142127000  -260235.5552
14148868000  -259616.1267
14155704000  -258498.3943
14162519000  -257495.2989
14176516000  -256561.8138
14183345000  -255496.0189
14190158000  -255518.4053
14196981000  -254491.6691
14203807000  -254452.7822
14210631000  -253428.1437
14217459000  -252386.0805
14224277000  -251400.4877
14231096000  -249413.2997
14237907000  -249472.0083
14244737000  -248434.1447
14251559000  -248442.1809
14258390000  -247406.4280
14265218000  -247390.1946
14272044000  -247388.2021
14278857000  -246458.4549
14285682000  -246469.1096
14292496000  -245541.4498
14299307000  -244633.2831
14306126000  -244686.6207
14312940000  -242769.9951
14319763000  -240809.6154
14326605000  -241752.7998
14333428000  -240799.8053
14340241000  -239903.1839
14347061000  -238973.3630
14353893000  -237984.0163
14360713000  -238061.5703
14367512000  -237253.4030
14374322000  -237390.9727
14381135000  -236516.4198
14387964000  -236561.3068
14394780000  -234678.3230
14401599000  -234783.2280
14408427000  -232844.4475
14415258000  -231893.5720
14422067000  -231062.1585
14428881000  -230208.1096
14435703000  -229315.6503
14442521000  -227447.9193
14449339000  -226583.8703
14456155000  -226734.0221
14462969000  -224898.3715
14469788000  -224040.1070
14476609000  -222175.0101
14483434000  -222292.5696
14490257000  -221424.3320
14497078000  -220570.2942
14503891000  -220761.9865
14510670000  -219136.0279
14517483000  -218335.0551
14524285000  -219595.5529
14531111000  -218733.6326
14537930000  -216912.1733
14544749000  -216094.3972
14551579000  -215222.5340
14558403000  -214385.8735
14565225000  -214563.4031
14572059000  -212681.6165
14578879000  -212877.0246
14585701000  -212065.6186
14592505000  -210352.3737
14599313000  -209621.8034
14606121000  -208894.9043
14612934000  -207145.4417
14619757000  -206347.1913
14633785000  -204758.0345
14640614000  -203939.5843
14647372000  -203497.1691
14654157000  -201916.7913
14660945000  -202324.3305
14667723000  -200787.9457
14674500000  -198260.4419
14681319000  -197516.4306
14688127000  -197833.7536
14694906000  -194306.7218
14701681000  -191804.2897
14708503000  -191059.2413
14715321000  -190338.8348
14722142000  -187606.3953
14728915000  -186129.0547
14735698000  -184602.9752
14742485000  -183059.5932
14749290000  -181425.6087
14756102000  -179758.6428
14762923000  -178048.2366
14769738000  -177372.9230
14776544000  -176748.3943
14783362000  -176064.7330
14790153000  -175526.0430
14796959000  -174912.5199
14803768000  -173286.9703
14810518000  -171973.7410
14817269000  -170658.8898
14824018000  -169358.1091
14830748000  -167160.3009
14837492000  -165892.8718
14844234000  -164639.5025
14850978000  -164379.2774
14857788000  -163777.6345
14864581000  -161268.5246
14871352000  -160878.0529
14878154000  -159329.2077
14884963000  -158747.4493
14891771000  -156174.5880
14898595000  -155521.8085
14905414000  -153898.8365
14912236000  -153263.8779
14919054000  -151653.4965
14925863000  -151093.7968
14932684000  -149475.1096
14939493000  -147922.7610
14946297000  -146400.1876
14953120000  -144782.1005
14959920000  -142287.7491
14966721000  -140791.8414
14973498000  -140424.8392
14980290000  -137983.2068
14987084000  -137534.7937
14993904000  -134954.4001
15000704000  -134482.0157
15007495000  -132060.2355
15014282000  -130662.9689
15021111000  -130050.3360
15027912000  -129587.3918
15034729000  -128044.6942
15041476000  -126870.5895
15048282000  -125392.5534
15055070000  -124012.0016
15061886000  -123489.1799
15068702000  -122970.0381
15075462000  -119746.3549
15082272000  -120265.8013
15089092000  -118736.8286
15095900000  -118274.0447
15102717000  -116768.0584
15109539000  -116239.7149
15116357000  -114735.8862
15123174000  -112240.9460
15129983000  -110791.3349
15136808000  -109262.1085
15143648000  -108658.4977
15150463000  -107188.7025
15157281000  -106706.9746
15164099000  -105228.9287
15170916000  -102759.7676
15177733000  -102294.2874
15184527000   -99952.1273
15191339000   -98520.0024
15198161000   -98039.5469
15204935000   -96812.3816
15211728000   -95490.0596
15218550000   -94020.6215
15225375000   -92539.2745
15232193000   -92098.0024
15239014000   -91644.8203
15245830000   -89221.3077
15252639000   -88837.8490
15259448000   -87458.0626
15266263000   -86050.7773
15273079000   -84641.9760
15279899000   -83216.0780
15286708000   -81850.9939
15293518000   -80484.3890
15300333000   -79095.4949
15307147000   -77715.4716
15313965000   -75318.3602
15320783000   -72924.9308
15327606000   -72509.2316
15334428000   -70102.4097
15341220000   -67854.9527
15347974000   -66808.3222
15354751000   -63645.9760
15361525000   -61502.8307
15368343000   -60135.0859
15375166000   -57745.0901
15381981000   -56400.2703
15388801000   -55033.2016
15395625000   -53649.0772
15402425000   -51393.0679
15409209000   -54223.6635
15415998000   -55031.9878
15422806000   -55745.4891
15429638000   -59338.2869
15436378000   -59411.5024
15443133000   -61410.5980
15449957000   -63055.8412
15456804000   -63585.6299
15463631000   -65222.7238
15470459000   -65858.3304
15477285000   -67507.9869
15484104000   -69197.5799
15490921000   -69901.2108
15497747000   -71561.9306
15504565000   -72267.7520
15511364000   -72075.5957
15518102000   -72202.7926
15524862000   -74219.7413
15531663000   -73028.1674
15538473000   -72793.6942
15545300000   -70474.9513
15552125000   -67170.2454
15558948000   -63879.5731
15565722000   -60845.9918
15572459000   -58007.3711
15579274000   -54769.0516
15586027000   -53854.9442
15592812000   -51779.0295
15599637000   -47500.0086
15606450000   -46286.6966
15613229000   -44252.7643
15620053000   -40989.9480
15626880000   -40715.3202
15633710000   -38428.8858
15640535000   -37171.9743
15647352000   -35960.0728
15654173000   -34731.1941
15660983000   -32562.8043
15667799000   -31367.1074
15674623000   -29133.7873
15681437000   -25955.7791
15688268000   -23693.6981
15695087000   -21497.2482
15701872000   -20479.9458
15708682000   -19337.2854
15715493000   -21193.1388
15722264000   -23259.0307
15729053000   -27235.6999
15735870000   -29071.5950
15742689000   -31900.8562
15749471000   -33924.6075
15756263000   -36900.4380
15763089000   -38704.6228
15769915000   -40512.4983
15776741000   -42324.0645
15783559000   -41180.5553
15790386000   -39994.3448
15797209000   -36832.4388
15804034000   -35663.9149
15810848000   -33555.7536
15817674000   -32389.4514
15824494000   -30257.7459
15831315000   -29124.5742
15838074000   -27314.3832
15844879000   -25270.9388
15851686000   -24220.8647
15858496000   -23159.0157
15865314000   -21059.6580
15872125000   -19000.0130
15878947000   -16887.4288
15885756000   -16845.4309
15892579000   -15735.0668
15899402000   -13628.3901
15906217000   -11566.5571
15913032000    -7508.4029
15919849000    -5443.6406
15926676000    -3331.1301
15933498000     -248.0232
15940272000     3584.5893
15947084000     5608.9365
15953901000     8655.3118
15960730000    10759.6888
15967477000    14438.9184
15974310000    16556.5085
15981125000    18577.9055
15987935000    21569.9335
15994713000    24393.8873
16001489000    25203.9282
16008270000    28036.0146
16015079000    31008.2643
16021913000    35105.2260
16028733000    37126.6007
16035564000    41200.7683
16042341000    42994.0175
16049125000    46819.5613
16055941000    49805.7053
16062763000    52818.9622
16069583000    55818.2695
16076424000    58921.6448
16083264000    61016.1827
16090092000    65045.4551
16104087000    70831.6095
16110891000    72726.5403
16117714000    75715.2321
16124500000    78510.5285
16131288000    81312.4307
16138103000    84249.0897
16144919000    88187.1956
16151737000    91131.8718
16158555000    94072.8660
16165377000    96030.6741
16172189000    97933.5612
16179005000    99853.2645
16185826000   101794.8999
16192695000   103978.6984
16199507000   106866.8456
16206326000   108787.1625
16213147000   110714.0367
16219969000   113642.3454
16226773000   116474.8232
16233550000   118165.4317
16240356000   120000.8263
16247174000   120893.9621
16253992000   123783.4159
16260764000   125433.8311
16267553000   128167.5843
16274380000   129092.0708
16281191000   131931.0283
16288009000   128802.1114
16294817000   130618.3749
16301619000   132400.2879
16308411000   135127.4093
16315232000   135999.1288
16322051000   138856.9397
16328866000   140690.6234
16335682000   142525.7387
16342501000   145372.5041
16349323000   148230.9147
16356134000   150029.4411
16362950000   151849.8348
16369770000   153686.9799
16376538000   156254.8624
16383317000   157875.2908
16390146000   160747.3894
16396973000   161605.5827
16403790000   163409.0331
16410607000   165208.8025
16417430000   167035.5152
16424259000   169889.1615
16431074000   169667.6724
16437861000   171299.6368
16444596000   172662.6544
16451323000   173981.2682
16458070000   175398.3141
16464810000   176776.0522
16471548000   178139.9925
16478288000   179510.5352
16485021000   182841.7887
16491764000   183220.4330
16498503000   183575.0854
16505243000   184931.2377
16511981000   186273.5985
16518752000   187780.5318
16525486000   189095.3009
16532226000   190437.0478
16538969000   190790.4797
16545708000   193119.9346
16552451000   193466.1657
16559195000   194813.8881
16565960000   197264.9458
16572748000   198829.4884
16579582000   200624.5765
16586393000   202298.8802
16593220000   203050.9513
16600048000   202804.4202
16606853000   205437.1484
16613683000   207193.4210
16620511000   206935.8228
16627313000   208542.2589
16634131000   211226.4202
16640950000   211911.9859
16647775000   212624.3832
16654597000   214317.8351
16661415000   213987.2619
16668226000   214617.4173
16675044000   216279.4838
16681852000   218887.0373
16688666000   218521.4148
16695489000   219197.8528
16702290000   222758.8109
16709119000   221458.3716
16715940000   224113.5951
16722720000   226556.8592
16729523000   227113.3067
16736346000   229767.6638
16743158000   230362.4729
16749972000   231963.7619
16756792000   231591.8361
16763611000   236211.1495
16770438000   236867.3884
16777257000   237479.3312
16784071000   240062.2159
16790886000   240646.4974
16797713000   243287.9871
16804485000   245646.7492
16811286000   245148.9912
16818113000   247779.4494
16824925000   249330.1395
16831745000   248917.7237
16838554000   251445.8463
16845377000   252041.2786
16852162000   253440.3784
16858947000   254835.8318
16865764000   254389.8317
16872575000   256909.7426
16879403000   257512.1258
16886228000   259095.6153
16893052000   259670.3489
16899874000   262231.2624
16906690000   262758.0977
16913505000   262276.1885
16920304000   263709.5731
16927079000   265017.7681
16933871000   267408.4006
16940665000   267805.5043
16947484000   267325.5033
16954309000   270872.1883
16961131000   271400.0007
16967948000   270898.8246
16974767000   272404.0874
16981591000   272930.9638
16988411000   275433.9165
16995235000   273953.4180
17002050000   275423.7114
17008862000   275875.1545
17015682000   278363.3752
17022497000   279822.6312
17029316000   279298.4307
17036135000   280770.5471
17042950000   280218.7623
17049770000   282688.5686
17056582000   285114.2633
17063392000   285526.1768
17077409000   289344.5402
17084197000   289634.0924
17090991000   291950.2989
17097740000   291035.5925
17104565000   294501.0491
17111397000   292998.1595
17118215000   295420.8933
17125035000   293850.0411
17131853000   298265.4098
17138668000   297661.9557
17145485000   299064.9156
17152340000   298655.9361
17159084000   300683.2072
17165876000   302949.0243
17172702000   301382.6907
17179526000   303802.5791
17186330000   304117.9162
17193091000   305212.7546
17199916000   306626.6644
17206743000   308046.9676
17213571000   308468.6200
17220396000   309871.4583
17227217000   309250.4474
17234002000   310444.3343
17240785000   311624.4970
17247614000   311032.7765
17254388000   313160.2862
17261204000   311495.7239
17268032000   311887.9218
17274858000   312266.3546
17281716000   312802.2353
17288546000   315193.4096
17295367000   316535.5784
17302187000   316869.0279
17309011000   319218.9269
17315831000   319545.0059
17322648000   320852.3037
17329467000   322165.9841
17336294000   323516.2315
17343114000   321827.5721
17349934000   324135.2285
17356755000   323444.2304
17363610000   324920.5362
17370437000   326252.3205
17377259000   324555.2729
17384077000   326834.4291
17390913000   325200.3881
17397738000   328507.3552
17404561000   327800.5811
17411345000   327894.1323
17418138000   331029.2611
17424948000   331246.1469
17431769000   332514.6199
17438596000   331809.5466
17445412000   332045.5328
17452224000   330257.7508
17458975000   333159.9794
17465741000   335133.9130
17472507000   337104.2206
17479274000   338075.9220
17486017000   340923.5307
17492797000   340953.2359
17499608000   342134.8681
17506432000   344378.0569
17513253000   345602.5055
17520042000   348662.7343
17526863000   351879.8296
17533691000   350128.3490
17540434000   352946.8934
17547192000   354837.0545
17553996000   358954.2429
17560815000   358142.9665
17567583000   360072.3472
17574371000   364098.3478
17581167000   364160.7935
17587980000   365304.7734
17594795000   368455.0983
17601617000   370636.8161
17608407000   368654.5370
17615211000   368738.7344
17622047000   364979.5408
17628874000   366171.5731
17635687000   363289.8079
17642491000   365359.3031
17649305000   367475.1960
17656108000   370532.3460
17662924000   370650.9002
17669752000   374825.8327
17676573000   375962.0422
17683383000   378039.5250
17690209000   382193.3860
17697029000   384313.5403
17703846000   383415.0039
17710673000   388562.8026
17717502000   389716.9117
17724331000   392867.3268
17731155000   392989.0481
17737977000   395097.0821
17744797000   397191.4318
17751623000   399312.0876
17758446000   400414.0592
17765268000   402507.3461
17772095000   405621.9303
17778914000   406692.8532
17785742000   408805.0539
17792566000   412893.5813
17799387000   411963.4364
17806206000   415019.6182
17813038000   415137.0323
17819853000   418165.8690
17826673000   418215.9890
17833486000   419227.4817
17840313000   420305.1765
17847139000   422374.1887
17853957000   426399.5882
17860782000   427456.2336
17867606000   427504.2003
17874426000   429528.5240
17881251000   432574.1039
17888060000   433536.1933
17894875000   434524.5326
17901715000   436633.8549
17908532000   439624.7949
17915343000   438582.1416
17922164000   441585.6623
17928987000   444595.4665
17935807000   444586.6318
17942624000   447559.1633
17949437000   448508.0831
17956250000   451453.3262
17963039000   452275.3340
17969826000   455083.7288
17976607000   455858.5918
17983363000   457505.3124
17990164000   456372.4938
17996953000   459176.2644
18003760000   460065.9952
18010582000   462026.7236
18017403000   460978.7883
18024233000   464971.9586
18031048000   465886.7906
18037877000   468867.6033
18044680000   469715.3684
18051502000   469653.9851
18058321000   474573.9933
18065127000   474425.6625
18071928000   477248.7977
18078740000   477122.9661
18085556000   479013.3466
18092381000   479944.7896
18099206000   480872.5430
18106030000   482791.6365
18112855000   483712.0113
18119677000   485613.7888
18126502000   486526.7860
18133329000   487446.0298
18140145000   491306.9384
18146961000   489164.1671
18153784000   494052.4816
18160603000   494917.2447
18167456000   497947.1491
18174271000   498784.6681
18181087000   502623.4727
18187899000   502438.7421
18194711000   506250.3361
18201521000   508048.3290
18208340000   508887.3081
18215162000   510737.4891
18221980000   512564.1394
18228800000   514397.0287
18235622000   514236.1539
18242464000   518170.7823
18249273000   520938.0578
18256093000   522756.2033
18262913000   522570.6646
18269700000   525217.8501
18276508000   526965.4795
18283321000   529734.2188
18290149000   531573.6171
18296960000   532325.0848
18303770000   534067.9234
18310584000   533826.9049
18317384000   537512.8590
18324201000   538279.3517
18331009000   539997.5912
18337819000   541722.0633
18344612000   542358.6884
18351423000   543080.7737
18358234000   545799.1846
18365047000   544523.8205
18371864000   547264.5768
18378683000   550011.5494
18385509000   549789.4761
18392328000   552529.0787
18399092000   553992.9092
18405901000   556675.7100
18412719000   556399.3525
18419506000   558966.0037
18426341000   559766.3624
18433164000   560503.6882
18439979000   559197.7759
18446792000   557878.2981
18453611000   560584.8003
18460430000   561287.6194
18467237000   561927.4552
18474048000   566583.3855
18480857000   567225.7600
18487667000   568869.4023
18494524000   569741.5286
18501335000   572382.7377
18508146000   573020.2723
18514962000   574678.8220
18521777000   577328.7544
18528589000   578960.1976
18535403000   580597.8378
18542224000   581266.3505
18549029000   583852.2147
18555840000   586464.0188
18562612000   587879.7178
18569398000   589360.8544
18576203000   589932.0714
18583015000   589534.1479
18589828000   592137.4808
18596650000   591781.5200
18603487000   594495.8361
18610308000   595127.5641
18617122000   596721.0981
18623915000   595207.4399
18630689000   598596.4807
18637474000   599036.0970
18644295000   599649.4624
18651095000   601155.6731
18657904000   601702.5604
18664706000   603211.2931
18671508000   602716.3611
18678328000   606306.4135
18685146000   605882.9329
18691968000   607475.4657
18698784000   611034.7722
18705600000   612590.3989
18712415000   613137.4233
18719233000   612695.5342
18726046000   615225.3571
18732859000   617751.5034
18739679000   617308.4138
18746498000   617856.7204
18753320000   615416.1009
18760139000   619957.0397
18766960000   618504.1312
18773759000   620939.3547
18780571000   620434.8358
18787382000   620921.7251
18794194000   622409.8557
18800967000   622702.6162
18807785000   624212.9050
18814568000   626547.5159
18821349000   624868.6552
18828151000   626289.3273
18834975000   623814.4107
18841793000   627306.3336
18848604000   627760.1941
18855398000   629126.8943
18862241000   629730.5476
18869044000   632134.0978
18875845000   634524.1635
18882652000   636940.0182
18889461000   637362.0191
18896285000   638853.9632
18903094000   641268.6115
18909925000   643787.5329
18916745000   643248.7915
18923565000   644706.3658
18930383000   646150.4460
18937198000   644576.1308
18944012000   645993.2329
18950835000   644450.7877
18957651000   643870.3351
18964419000   643050.8926
18971231000   642443.4992
18978047000   641852.0352
18984872000   644300.9973
18991687000   646697.2685
18998503000   646094.7605
19005318000   648483.6736
19012141000   650908.0960
19018956000   651289.6472
19025766000   652643.0323
19032590000   654061.3007
19039403000   656422.0206
19046224000   652818.2304
19053049000   655230.3361
19059869000   654614.2785
19066688000   656989.6425
19073540000   658522.8139
19080351000   658851.6490
19087167000   660201.2724
19093980000   662532.5398
19100793000   662860.1307
19107604000   663174.2629
19114406000   664440.7070
19121219000   666757.2749
19128036000   665089.7236
19134847000   667389.1585
19141662000   667704.4720
19148473000   669996.5558
19155287000   671299.6266
19162105000   670618.5664
19168922000   672928.9379
19175741000   673245.3997
19182570000   673607.0285
19189390000   674921.0031
19196207000   675216.6417
19203023000   674503.7159
19209837000   673777.3445
19216650000   674042.4132
19223461000   674294.0416
19230277000   671566.4018
19237094000   673839.9627
19243907000   674090.3221
19250721000   675341.8845
19257532000   677575.1319
19264339000   677785.1907
19271152000   680020.8473
19277952000   681189.4203
19284702000   684110.4845
19291492000   683222.9953
19298292000   684380.6127
19305098000   687563.8195
19311905000   687748.2319
19318757000   689148.3146
19325575000   690378.9730
19332405000   693664.4272
19339230000   693921.8233
19353248000   694218.2634
19360063000   698415.6822
19366881000   699624.0335
19373689000   700780.0040
19380501000   701951.7806
19387323000   703168.5697
19394135000   704332.9897
19400946000   706488.8666
19407764000   705675.1392
19414579000   709843.1298
19421389000   710983.1112
19428201000   710129.1503
19435016000   712286.1089
19441828000   709424.7952
19448639000   713554.9421
19455457000   714715.4583
19462271000   713852.8410
19469087000   712996.2707
19475935000   710291.5974
19482760000   708471.4012
19489584000   705642.6547
19496379000   701669.2751
19503194000   701789.4306
19509972000   698726.1214
19516793000   694868.0906
19523612000   690996.6585
19530432000   690126.4008
19537241000   686199.0327
19544052000   686277.7051
19550858000   683328.4238
19557673000   679419.1711
19564477000   678452.8372
19578471000   672382.6867
19585278000   672419.7034
19592082000   669438.4921
19598894000   664492.4303
19605709000   664557.2474
19612535000   661671.7463
19619341000   656685.5462
19626149000   655705.3767
19632965000   654760.3307
19639778000   650797.0584
19646591000   648830.1095
19653406000   648869.1794
19660221000   642904.5705
19667023000   643873.2764
19673847000   646944.9319
19680670000   647008.0533
19687471000   648960.8967
19694282000   648958.5213
19701087000   650923.4078
19707926000   651049.3020
19714745000   653074.6342
19721533000   653946.1712
19728330000   653857.6347
19735144000   652847.7399
19741961000   654848.6896
19748777000   657841.1182
19755595000   656839.5461
19762402000   656781.0621
19769214000   659743.1006
19776022000   658682.1115
19782827000   658602.9388
19789634000   660529.7719
19796441000   660452.9349
19803254000   662401.4429
19810062000   665322.0976
19816863000   665205.2377
19823674000   665133.0564
19830483000   667047.5333
19837292000   666958.3379
19844098000   669850.9722
19850911000   669773.7621
19857725000   670697.7068
19864525000   671550.3399
19871339000   674466.9368
19878146000   674346.0465
19884957000   676240.8036
19891766000   678122.2286
19898578000   677014.4661
19905395000   678927.1669
19912207000   679812.0506
19926182000   680264.7631
19932989000   680114.3029
19939795000   680955.3475
19946607000   681821.6700
19953413000   682655.3732
19960236000   682567.4054
19967054000   685451.6358
19973865000   683298.4278
19980674000   685131.9018
19987484000   685966.5247
19994306000   684855.3228
20001116000   685682.5924
20007925000   685501.3690
20014731000   684302.0159
20021541000   685118.2680
20028353000   685940.4828
20035160000   683734.9346
20041969000   681535.3501
20048784000   681360.9917
20055599000   679182.9546
20062414000   675001.2386
20069224000   671791.7699
20076036000   666588.2564
20082855000   662414.7632
20089684000   658285.7186
20096498000   657080.7906
20103309000   652857.7487
20110117000   649616.5977
20116934000   645415.0745
20123744000   642176.1971
20130558000   640952.8860
20137369000   634711.4690
20144179000   631461.5687
20151000000   627260.8864
20157800000   621955.5557
20164589000   615593.6828
20171405000   610357.9398
20178221000   609118.5170
20185041000   601894.6368
20191847000   598599.8013
20198664000   596354.1467
20205475000   590075.9871
20212284000   587784.5461
20219103000   583537.4620
20225917000   580262.6829
20232732000   577989.0279
20239545000   573702.0915
20246356000   569401.8770
20253168000   566102.7882
20259980000   562800.0239
20266783000   560450.3918
20273621000   555265.0447
20280433000   551951.2445
20287245000   546633.7688
20294057000   543312.6175
20300870000   540992.5872
20307684000   533673.6760
20314499000   529355.8825
20321310000   525015.2310
20328123000   520680.4935
20334933000   515327.6982
20341748000   510995.1955
20348560000   505644.6360
20355374000   500299.9852
20362184000   494932.4904
20368997000   490575.6953
20375802000   488176.8995
20382610000   480788.8056
20389414000   479377.8828
20396225000   474996.8153
20403036000   470612.0733
20409848000   467228.4446
20416660000   461841.1403
20423471000   461445.3738
20430284000   455055.5052
20437099000   452671.5312
20443906000   448245.5976
20450724000   442868.6241
20457534000   439449.6963
20464340000   436007.9612
20471155000   431605.6035
20477968000   429190.0022
20484785000   424789.8518
20491600000   420376.4578
20498413000   415949.8233
20505223000   412505.1715
20512044000   408109.4232
20518854000   402657.4186
20532846000   393519.8344
20539655000   391051.8315
20546469000   389604.0412
20553286000   387166.9025
20560101000   386716.5311
20566911000   385238.6041
20573726000   384780.8777
20580535000   386290.8269
20587349000   384820.9725
20594161000   387337.8939
20600975000   387860.6852
20607790000   385384.5708
20614604000   387900.0061
20621421000   387426.0768
20628242000   388967.5486
20635055000   388467.1753
20641862000   385934.5089
20648667000   385388.6345
20655484000   384896.3123
20662299000   384390.7736
20669111000   384867.2542
20675926000   384354.3595
20682736000   382813.9551
20689574000   383403.3154
20696388000   381874.6095
20703196000   384313.6384
20710008000   380768.0523
20716819000   384214.0271
20723631000   386661.0903
20730440000   384090.1908
20737247000   385506.0952
20744057000   387932.6134
20750874000   385388.7839
20757682000   387798.4310
20764494000   390223.4458
20771313000   383678.0993
20778139000   382162.3801
20784922000   379438.3721
20791685000   374615.5686
20798468000   369884.2827
20805261000   367196.9174
20812069000   365577.2362
20818899000   360058.5026
20825709000   356440.9768
20832535000   352895.8468
20839321000   349156.8747
20846138000   342561.6057
20852955000   339962.6558
20859778000   335388.5379
20866591000   332763.2164
20873410000   328162.7247
20880237000   323596.5543
20887046000   318941.1920
20893861000   318310.6542
20900672000   311657.4419
20907488000   310024.2970
20914300000   304368.4809
20921111000   297704.2420
20927918000   297017.3414
20934733000   292364.7406
20941553000   284732.1894
20948368000   284072.2283
20955179000   279389.6099
20961994000   272722.2934
20968812000   271065.5286
20975624000   271376.6239
20982436000   267684.0436
20989257000   269030.4650
20996079000   267377.9425
21002895000   265693.2886
21009711000   266004.9548
21016528000   263317.6810
21023346000   263631.4654
21030122000   261742.5435
21036937000   259034.7721
21043728000   258209.6196
21050538000   258470.8183
21057287000   257439.4158
21064076000   256593.8450
21070904000   256929.3057
21077736000   255280.0132
21084560000   255589.1487
21091381000   252880.3941
21098170000   252016.4893
21104983000   251262.5195
21111798000   250514.3376
21118617000   251781.4035
21125428000   251006.9372
21132246000   247261.9107
21139065000   248517.9321
21153101000   244901.0475
21159924000   244164.7182
21166747000   243424.7014
21173569000   241676.2699
21180378000   240862.7040
21187184000   239031.2871
21193987000   238182.0241
21200776000   235262.9430
21207578000   235401.6311
21214387000   230569.7231
21221211000   230804.9958
21228029000   231008.2420
21234841000   229179.4714
21241653000   227347.0253
21248474000   226553.3960
21255291000   227737.1981
21262132000   227030.6064
21268893000   225942.7271
21275711000   224120.2229
21282532000   225308.1926
21289357000   222511.3497
21296136000   223493.8074
21302929000   220538.6641
21309704000   219494.9681
21316512000   221603.2642
21323336000   217783.3362
21330149000   218907.8557
21336950000   217972.1261
21343752000   216037.4466
21350556000   216108.5290
21357369000   215218.3592
21364186000   214343.3616
21371019000   213540.0699
21377837000   211662.4129
21384655000   209781.0739
21391478000   210919.6032
21398285000   207979.0928
21405108000   207110.2558
21411922000   207195.3555
21418742000   203305.0248
21425560000   203401.5952
21432368000   201447.4155
21439187000   198541.3335
21446005000   200626.8627
21452821000   198699.2995
21459634000   195753.9424
21466453000   192833.1334
21473261000   192856.9020
21480079000   192924.0297
21486894000   189973.3678
21493704000   189995.5174
21500530000   188089.2163
21507356000   188179.2244
21514167000   189195.0369
21520985000   185240.0735
21527805000   185290.8265
21534621000   185319.1005
21541429000   183306.1092
21548241000   183308.2373
21555062000   182348.9636
21561880000   180371.9150
21568689000   179348.9202
21575493000   179298.7757
21582336000   178428.0668
21589156000   178445.6778
21595969000   177426.7476
21602788000   174432.3007
21609597000   175387.2428
21616402000   176319.7438
21623220000   174309.5688
21630041000   173309.7852
21636857000   171282.8633
21643672000   172247.5714
21650512000   170325.8391
21657317000   169236.2862
21664130000   168180.5729
21670944000   170125.8709
21677764000   168095.6155
21684566000   169977.3128
21691381000   166916.2672
21698189000   166818.7425
21704991000   168689.4353
21711805000   166612.6795
21718615000   166513.5093
21725434000   167452.8182
21732251000   164379.0779
21739062000   165273.5615
21745875000   162173.7345
21752694000   163098.3196
21759505000   161981.7744
21766318000   160870.9154
21773137000   159784.4587
21779966000   158741.1117
21786773000   159591.1385
21793585000   159460.8861
21800405000   157364.3795
21807217000   157226.7717
21814034000   156108.8713
21820843000   156949.8816
21827656000   153805.9215
21834478000   153700.3596
21841295000   154567.7391
21848111000   152426.7638
21854921000   152254.0686
21861735000   152096.3912
21868542000   148902.3302
21875354000   148727.9577
21882167000   147554.5808
21888983000   145391.5393
21895793000   147196.7972
21902592000   145947.0165
21909432000   145885.0044
21916246000   143697.9058
21923057000   138493.1257
21929869000   138289.3385
21936679000   136072.5420
21943491000   133861.4048
21950295000   131609.2657
21957106000   132386.1165
21963918000   130163.9574
21970733000   128952.1154
21977546000   127727.2672
21984357000   126489.4163
21991170000   125257.2160
21997983000   124021.3391
22004792000   120763.1396
22011603000   119510.5897
22018416000   120263.6861
22025227000   117003.7861
22032043000   118763.5083
22038852000   115486.9391
22045664000   115220.6724
22052486000   114997.3070
22059299000   111728.3409
22066100000   110399.8188
22072918000   112146.7863
22079730000   109862.1385
22086543000   110578.4702
22093356000   111291.1252
22100165000   107981.4880
22106973000   107663.5250
22113787000   107369.8079
22120602000   106077.0653
22127414000   105766.6887
22134262000   105620.0803
22141089000   104372.0933
22147905000   102069.2630
22154713000   101725.5561
22161521000   101378.1779
22168325000    99008.5345
22175134000    97658.4640
22181941000    98295.4262
22188757000    95970.5405
22195566000    94609.4503
22202379000    95263.2711
22209189000    92899.4795
22216004000    91555.2381
22222809000    92160.8760
22229620000    88790.7078
22236435000    87435.4376
22243243000    89043.9906
22250057000    86676.7245
22256881000    88352.1959
22263689000    85949.7232
22270496000    82538.9389
22277312000    84166.2434
22284125000    78775.9501
22290921000    80303.1203
22297733000    77900.8445
22304540000    76471.7046
22311349000    73048.1689
22318167000    70662.6907
22324976000    71231.8054
22331784000    68792.6123
22338598000    66377.5582
22345415000    66972.7298
22352226000    63536.4167
22359042000    63119.5962
22365860000    58708.3616
22372673000    59270.2833
22379482000    59810.0012
22386293000    56355.3093
22393143000    56077.5408
22399960000    52643.2599
22406780000    52219.1870
22413604000    49809.9462
22420415000    50336.8458
22427231000    47883.2109
22434050000    46439.7786
22440872000    46006.5440
22447687000    44537.2383
22454500000    43055.0020
22461313000    43569.0892
22468130000    40097.9988
22474947000    40623.2275
22481763000    38140.1515
22488583000    37671.8882
22495391000    37144.4694
22502202000    35627.2456
22509016000    35120.2120
22515825000    33586.3956
22522634000    30048.9069
22529448000    29530.8455
22536261000    28004.4870
22543070000    28455.9765
22549884000    27926.8852
22556695000    24380.2629
22563499000    21797.6456
22570336000    22363.7117
22577148000    19810.6718
22583969000    18295.4968
22590789000    17772.0214
22597602000    18212.5603
22604428000    15709.4042
22618457000    13431.0755
22625272000    11865.9079
22632092000    11320.1205
22638919000     7802.9276
22645736000     8235.9359
22652552000     9660.6531
22659371000     6095.5193
22666182000     6489.8297
22673000000     3912.7255
22679819000     4336.5472
22686636000     4747.4709
22693449000     1136.2859
22700268000     1549.0626
22707127000      142.3899
22713945000    -2456.8265
22720751000    -5114.9821
22727557000    -3776.8068
22734377000    -6377.8490
22741191000    -7010.1942
22748013000    -7609.3964
22754825000    -8258.3055
22761648000    -9860.2734
22768474000   -12452.1258
22775281000   -12135.0773
22782104000   -13748.1005
22788918000   -14406.2054
22795728000   -15086.3833
22802551000   -18710.4569
22809364000   -18384.1953
22816196000   -22974.2636
22823019000   -20609.3990
22837059000   -24080.0794
22843865000   -24804.6052
22850681000   -29486.8553
22857493000   -30191.1611
22864307000   -30889.9556
22871114000   -32624.5778
22877929000   -34326.1316
22884738000   -34058.9149
22891554000   -38763.2319
22898370000   -37471.2287
22905179000   -39215.0365
22911990000   -40953.3373
22918792000   -41736.6144
22925617000   -43418.0198
22932432000   -47148.9948
22939251000   -46865.2988
22946059000   -51635.7420
22952879000   -50354.8199
22959703000   -53059.2386
22966524000   -54781.1018
22973343000   -56515.8197
22980154000   -58290.8944
22986960000   -61092.5620
22993769000   -60884.1493
23000591000   -63619.8352
23007412000   -63363.7894
23014230000   -68125.1735
23021047000   -69894.8205
23027873000   -72626.9247
23034690000   -72403.9385
23041503000   -72202.9507
23048317000   -75001.0607
23055132000   -76798.2702
23061942000   -77622.0472
23068764000   -80394.5711
23075586000   -81170.7815
23082403000   -84973.5587
23089214000   -84807.4704
23096029000   -86626.7564
23102848000   -88431.4232
23109667000   -88239.7731
23116486000   -92051.8062
23123303000   -91876.6681
23130124000   -93686.9216
23136950000   -94478.0014
23143769000   -98304.7706
23150585000   -99148.9351
23157386000  -101065.3322
23164207000  -102894.0002
23171025000  -103740.0607
23177841000  -106598.9404
23184703000  -105251.3713
23191517000  -108126.7705
23198335000  -108987.5797
23205149000  -111870.3365
23211967000  -112738.5076
23218793000  -115573.8382
23225623000  -122394.6004
23232440000  -128278.3926
23239260000  -137152.1747
23246079000  -143034.2042
23252893000  -149942.7298
23259712000  -155832.1228
23266532000  -162720.6373
23273357000  -168590.0311
23280176000  -174490.4772
23287000000  -183371.8069
23293813000  -191306.9781
23300658000  -199099.9434
23307475000  -211024.2520
23314282000  -216997.8191
23321106000  -221897.5837
23327905000  -227914.9537
23334728000  -231826.6380
23341550000  -234746.5653
23348398000  -235551.7477
23355207000  -239538.2704
23362024000  -239492.0336
23368842000  -240444.9244
23375666000  -245374.1799
23382490000  -244307.1239
23389310000  -247261.9637
23396138000  -248184.0775
23402961000  -252132.6377
23409789000  -251062.1345
23416613000  -256013.5227
23423428000  -256009.5414
23430259000  -257936.4618
23437081000  -258908.0105
23443901000  -261892.3405
23450727000  -262853.0731
23457548000  -264840.2283
23464390000  -265735.6058
23471210000  -264734.6883
23478023000  -266769.2684
23484848000  -270752.9943
23491696000  -271635.9047
23498520000  -270631.5653
23505366000  -273530.9770
23512197000  -275502.2321
23519028000  -277477.1832
23525849000  -281501.2404
23532669000  -288533.5232
23539492000  -292555.8706
23546311000  -298600.0628
23553181000  -305416.4579
23559997000  -308481.6588
23566815000  -313541.4641
23573636000  -319591.3397
23580452000  -318667.5840
23587280000  -323693.0746
23594105000  -323735.8649
23600927000  -326795.9498
23607751000  -327850.6521
23614558000  -333986.1203
23621385000  -338034.5902
23628199000  -343145.6793
23635031000  -350178.8640
23641858000  -352238.4048
23648685000  -356301.6374
23655509000  -359382.1539
23662334000  -361461.8287
23669156000  -362558.7821
23675973000  -364682.0673
23682801000  -367759.2193
23689622000  -369871.7603
23696454000  -372938.1843
23703275000  -375058.1018
23710094000  -377190.7573
23716920000  -380295.4149
23723741000  -380426.3898
23730569000  -385529.3766
23737387000  -386681.2985
23751407000  -393259.3027
23758210000  -393490.3169
23765016000  -394711.4308
23771837000  -398868.3912
23778650000  -401065.2046
23785468000  -402243.0924
23792276000  -403469.8612
23799087000  -405686.7432
23805902000  -403889.2244
23812722000  -409072.7931
23819541000  -407264.5637
23826379000  -410374.1908
23833213000  -413505.5882
23840035000  -412694.8782
23846865000  -413851.7300
23853678000  -414089.0323
23860501000  -418284.8663
23867321000  -419497.9296
23874153000  -422660.5162
23880980000  -422849.3643
23887801000  -427068.9781
23894620000  -425301.3007
23901439000  -427537.3065
23908268000  -431731.8883
23915089000  -433966.2454
23921917000  -435172.7204
23928744000  -437387.3973
23935570000  -440610.2745
23942390000  -441863.8904
23949213000  -446107.6681
23956029000  -447386.6816
23962855000  -450624.3112
23969666000  -452933.2191
23976480000  -454232.2856
23983293000  -456539.5345
23990120000  -458787.4010
23996942000  -464061.4776
24003766000  -469330.2344
24010589000  -477607.1822
24017411000  -482892.3196
24024255000  -488082.1099
24031082000  -494352.1270
24037914000  -501603.3337
24044731000  -505925.7359
24051563000  -513184.3288
24058384000  -517496.1057
24065214000  -524771.0835
24072034000  -528094.7336
24078852000  -535431.0623
24085673000  -539757.5831
24092504000  -546042.8280
24099336000  -551327.2735
24106155000  -557673.8515
24112977000  -565010.6291
24119801000  -568342.1052
24126621000  -573695.2434
24133444000  -580038.5872
24140253000  -584448.5110
24147068000  -592835.1564
24153888000  -596203.0244
24160712000  -601556.6137
24167527000  -607954.3031
24174360000  -610274.8580
24181177000  -612670.9364
24187986000  -613106.6042
24194799000  -617527.9923
24201620000  -617917.1573
24208441000  -620310.0075
24215271000  -621666.1656
24222082000  -624111.2497
24228886000  -625591.4054
24235706000  -629003.4718
24242520000  -630446.1278
24249340000  -631865.5593
24256169000  -634248.3267
24262994000  -634652.7185
24269822000  -640047.3537
24276640000  -637490.4969
24283455000  -639950.7651
24290270000  -644414.7122
24297066000  -647967.4561
24303880000  -649443.2298
24310703000  -651882.3718
24317542000  -654253.5487
24324364000  -655704.5520
24331183000  -658172.6732
24337999000  -659657.9075
24344818000  -662133.3933
24351634000  -663625.9890
24358452000  -665113.3144
24365266000  -666622.2199
24372078000  -670143.7511
24378899000  -672628.6970
24385724000  -675099.4366
24392544000  -674596.2276
24399361000  -677110.1181
24406173000  -680650.0459
24420192000  -682975.2122
24427012000  -686490.6229
24433829000  -687023.1250
24440651000  -688536.9654
24447475000  -690045.5562
24454291000  -693593.5751
24461110000  -694131.8731
24467920000  -695714.0516
24474750000  -697210.5868
24481560000  -698800.1229
24488380000  -704348.6848
24495194000  -705927.7162
24502009000  -708505.9617
24508839000  -710020.9390
24515667000  -713548.5364
24522493000  -715088.7508
24529335000  -718561.2718
24536151000  -718153.4859
24542966000  -720753.8402
24549785000  -721340.0338
24556608000  -725912.0732
24563425000  -726514.5528
24570242000  -727120.7133
24577085000  -731614.6540
24583902000  -734228.1905
24590731000  -734791.9282
24597553000  -738390.5526
24604376000  -738988.4078
24611194000  -742612.2255
24618011000  -743244.1797
24624827000  -746884.2688
24631644000  -755523.5844
24638461000  -760166.5809
24645278000  -764813.2584
24652108000  -772405.7437
24658921000  -781077.5951
24665736000  -789744.2217
24672547000  -796432.3277
24679364000  -801097.4105
24686185000  -807748.3779
24692997000  -807443.0675
24699807000  -809150.3286
24706621000  -812843.4733
24713444000  -815500.2734
24720247000  -818249.6885
24727072000  -820904.9610
24733896000  -822568.3683
24740722000  -824226.5746
24747547000  -828892.9159
24754365000  -830594.0525
24761185000  -832289.9848
24768005000  -837989.6014
24774809000  -837763.9751
24781632000  -842457.6268
24788458000  -844141.6430
24795280000  -847847.1116
24802100000  -847565.1465
24808925000  -848264.6686
24815740000  -853012.2686
24822553000  -855772.4240
24829375000  -859496.3163
24836189000  -861259.3925
24843010000  -863995.0899
24849828000  -867747.7809
24856644000  -867513.0251
24863459000  -872286.3842
24870284000  -873019.0770
24877097000  -875808.6670
24883915000  -879579.7666
24890741000  -881319.0851
24897565000  -885070.9590
24904392000  -887813.2260
24911216000  -889572.4785
24918038000  -893344.2810
24924862000  -895110.9094
24931679000  -897912.2339
24938497000  -901712.8102
24945324000  -902477.2115
24952145000  -907271.8727
24958963000  -909083.5016
24965785000  -912881.1047
24972590000  -913757.6430
24979407000  -918584.7390
24986232000  -921380.1134
24993062000  -923157.0535
24999878000  -928999.6279
25006695000  -929841.4585
25013516000  -934669.2774
25020328000  -936540.5851
25027160000  -940327.1269
25033989000  -943130.6304
25040826000  -945902.4600
25047645000  -948757.5602
25054456000  -953651.7028
25061273000  -954523.0037
25068083000  -958428.9173
25074892000  -963342.9227
25081700000  -965265.0181
25088511000  -968177.5331
25095323000  -974089.3059
25102143000  -975969.4252
25108965000  -977844.3975
25115786000  -980727.4712
25122610000  -984600.9866
25129422000  -988531.1582
25136245000  -993416.4576
25143065000  -997318.6832
25149880000  -998246.6546
25156706000 -1004129.7750
25163521000 -1005065.1100
25170335000 -1007008.5345
25177152000 -1013942.4061
25183969000 -1014879.9588
25190795000 -1018781.5103
25197606000 -1021752.8811
