      39000 -1053825.79842
    6894000 -1056372.91783
   13713000 -1058170.86796
   27357000 -1059730.10179
   34126000 -1059878.98143
   40963000 -1060558.82564
   47797000 -1061261.06184
   54626000 -1059999.52908
   61459000 -1060711.94060
   68290000 -1060439.81996
   75130000 -1061107.04707
   81972000 -1062762.06585
   88781000 -1061647.05673
   95589000 -1062540.58296
  102328000 -1062913.13091
  109083000 -1062176.56289
  115836000 -1063455.42244
  122587000 -1062749.70815
  129718000 -1061416.75004
  136470000 -1059707.38498
  143225000 -1059978.85666
  149978000 -1058265.75353
  156729000 -1058568.07418
  163476000 -1057899.65079
  170225000 -1057218.98117
  176975000 -1056532.98305
  183728000 -1054827.82496
  190477000 -1055151.92001
  197225000 -1052484.51851
  203977000 -1050791.04282
  210728000 -1049106.07154
  217480000 -1049415.77411
  224230000 -1046740.89528
  230984000 -1046039.94698
  237735000 -1043361.33149
  244488000 -1042670.47683
  251241000 -1041981.21188
  257992000 -1040307.36364
  264741000 -1038648.93072
  271500000 -1036922.95531
  278256000 -1037219.31083
  285010000 -1034531.08260
  291764000 -1033844.44455
  298513000 -1032193.95713
  305266000 -1030517.41013
  312018000 -1028849.36447
  318770000 -1027182.90804
  325522000 -1025518.04086
  332274000 -1024854.76292
  339028000 -1021179.25287
  345774000 -1020560.61655
  352530000 -1018874.46457
  359287000 -1016182.99375
  366041000 -1012513.84374
  372801000 -1010804.82690
  379633000 -1008599.93614
  386498000 -1008168.67474
  393327000 -1004987.77244
  400189000 -1002580.51382
  406951000  -999865.72743
  413738000  -996979.83317
  420565000  -995819.23124
  427379000  -994750.05281
  434205000  -992599.60464
  441033000  -992436.96649
  447841000  -991414.09124
  454657000  -990337.57853
  461478000  -988228.15329
  468306000  -986072.00674
  475133000  -984924.39135
  481954000  -981819.83488
  488782000  -978668.56209
  495606000  -976546.53540
  502439000  -974363.98721
  509272000  -973183.06661
  516101000  -970031.39163
  522941000  -967805.39543
  529774000  -965629.35835
  536607000  -962454.94888
  543444000  -959254.55281
  550281000  -957055.78624
  557110000  -954913.87379
  563938000  -950780.48986
  570774000  -948593.51037
  577601000  -947470.28116
  584427000  -945355.57881
  591249000  -942270.10827
  598070000  -939193.16175
  604891000  -936117.83712
  611720000  -935988.92500
  618541000  -931916.84606
  625365000  -929825.68691
  632189000  -927736.15108
  639043000  -924441.23199
  645863000  -922382.54986
  652695000  -920242.69223
  659520000  -918152.75826
  666341000  -916092.04515
  673152000  -913101.94423
  679971000  -912058.27011
  686789000  -910023.11548
  693608000  -905982.68300
  700427000  -904943.87146
  707248000  -900892.88518
  714083000  -899746.95435
  720916000  -897616.44680
  734621000  -893091.33588
  741445000  -892027.79027
  748273000  -888938.28233
  755486000  -885195.37554
  762317000  -883088.52192
  769139000  -881045.35610
  775947000  -878100.34889
  782767000  -875074.21490
  789585000  -872063.49226
  796417000  -868957.86382
  803254000  -866819.39003
  810083000  -862737.69980
  816908000  -862685.21135
  823739000  -858592.98400
  830559000  -855578.21227
  837394000  -852461.66239
  844225000  -850374.31333
  851059000  -846267.91243
  857882000  -844238.95811
  864710000  -842177.16486
  871535000  -841137.67318
  878368000  -836044.67028
  885207000  -834911.94516
  892037000  -832842.87310
  905693000  -827737.17118
  912511000  -824755.66491
  919340000  -822699.98418
  926163000  -818687.27041
  932981000  -816710.62934
  939804000  -812701.16006
  946636000  -810631.30815
  953467000  -809569.97263
  960289000  -806572.26494
  967121000  -803507.29180
  973946000  -800492.16558
  980769000  -798492.43978
  987591000  -795501.22489
  994420000  -793463.41755
 1001262000  -792337.69720
 1008089000  -788316.91906
 1014914000  -785311.53989
 1021744000  -783273.35013
 1028566000  -780291.87966
 1035387000  -778318.91796
 1042205000  -775368.23665
 1049022000  -773426.06173
 1055846000  -770437.30697
 1062658000  -767532.80095
 1069476000  -764588.60125
 1076296000  -762632.25207
 1083115000  -759684.40904
 1089944000  -756669.34195
 1096767000  -753697.20612
 1103589000  -751733.57717
 1110401000  -747840.40845
 1117217000  -744921.32315
 1124032000  -741010.74068
 1130852000  -738067.36187
 1137672000  -734125.60447
 1144492000  -732185.46849
 1151311000  -730253.83629
 1158148000  -729199.94681
 1164971000  -724244.03323
 1171787000  -723337.91402
 1178600000  -719454.05855
 1185415000  -717558.05883
 1192218000  -713746.24937
 1199055000  -710702.10953
 1205875000  -709776.56700
 1212700000  -705818.24478
 1219546000  -705717.06672
 1226365000  -700803.27555
 1233185000  -696884.22582
 1240008000  -694946.15969
 1246830000  -692016.59544
 1253660000  -690033.62321
 1260471000  -686182.96971
 1267676000  -684623.87853
 1274505000  -680652.74765
 1281337000  -678662.60897
 1288541000  -676115.63619
 1295363000  -673197.61376
 1302175000  -670349.98472
 1308990000  -668483.34270
 1315805000  -664618.31971
 1322622000  -661741.16299
 1329436000  -658886.25471
 1336256000  -655991.70951
 1343459000  -655465.40422
 1350262000  -650691.07514
 1357080000  -648815.23158
 1363895000  -644961.63333
 1370704000  -642150.90240
 1377521000  -638286.79186
 1384331000  -636472.42097
 1391143000  -632645.91874
 1397948000  -630869.15047
 1404762000  -628032.13476
 1411580000  -624169.24445
 1418393000  -621342.33986
 1425197000  -617578.90869
 1432009000  -613762.11072
 1438822000  -609940.05803
 1445635000  -609119.62342
 1452446000  -604314.55063
 1459258000  -603504.22335
 1466121000  -598345.07290
 1472924000  -595599.83331
 1479739000  -593773.75611
 1486553000  -589956.16862
 1493370000  -588119.58839
 1500180000  -585332.71954
 1506995000  -583513.11755
 1513802000  -580750.09239
 1520616000  -577940.59606
 1527430000  -574132.71829
 1534628000  -572688.76093
 1541442000  -568884.21151
 1548256000  -568081.28065
 1555064000  -565321.17807
 1561873000  -561555.82315
 1568675000  -559840.15911
 1575486000  -556064.29977
 1582301000  -553262.58821
 1589110000  -551503.69829
 1595936000  -548629.68790
 1602750000  -544839.70128
 1609555000  -543113.13070
 1616371000  -541312.64676
 1623184000  -538534.38007
 1629995000  -536771.46282
 1636805000  -533017.02815
 1643620000  -531229.88414
 1650435000  -528444.35917
 1657257000  -527612.40017
 1664076000  -522802.65700
 1670894000  -521001.39902
 1677702000  -518270.40161
 1684516000  -516499.83727
 1691385000  -513353.39705
 1698191000  -511640.98928
 1705003000  -508889.01792
 1711818000  -507118.07570
 1718649000  -505238.95118
 1725466000  -503457.52615
 1732281000  -500691.44533
 1739092000  -497954.43103
 1745893000  -496287.65021
 1752707000  -494533.28362
 1759517000  -491807.98024
 1766326000  -488091.15444
 1773139000  -486348.50209
 1779953000  -483600.60739
 1786768000  -480847.47103
 1793580000  -478116.53364
 1800393000  -474380.35412
 1807207000  -472638.93319
 1814014000  -468947.14565
 1820825000  -465229.53725
 1827638000  -462499.82843
 1834450000  -459778.59624
 1841261000  -456065.83997
 1848093000  -453210.68133
 1854911000  -450453.15949
 1861733000  -447669.82773
 1868550000  -445922.40513
 1875360000  -442224.60236
 1882178000  -439473.56119
 1888990000  -435765.28036
 1895803000  -434051.76073
 1902616000  -430339.85920
 1909438000  -427567.87235
 1916260000  -425797.50787
 1923079000  -422049.33212
 1929892000  -418343.90864
 1936714000  -415578.40841
 1943527000  -413876.22324
 1950347000  -411127.67461
 1957169000  -408367.03886
 1963982000  -405669.71176
 1970797000  -402960.29516
 1977628000  -400142.84069
 1984448000  -396402.39938
 1991264000  -393690.99180
 1998075000  -391015.46796
 2004885000  -388348.41386
 2012078000  -384058.52186
 2018895000  -381346.82719
 2025714000  -378623.04874
 2032535000  -374887.18795
 2039350000  -370194.05748
 2046161000  -366529.95072
 2052975000  -363846.90830
 2059793000  -361138.08168
 2066611000  -357430.87553
 2073809000  -355122.21012
 2080622000  -351452.58504
 2087814000  -348188.53358
 2094625000  -346535.93365
 2101462000  -344706.87062
 2108279000  -340016.41712
 2115095000  -337334.43238
 2121909000  -334667.76421
 2128723000  -332002.71460
 2135530000  -328387.21991
 2142344000  -325725.40577
 2149173000  -323962.49654
 2155985000  -320317.61776
 2162811000  -317578.49718
 2170014000  -314259.73615
 2176833000  -310571.88010
 2183651000  -307892.49137
 2190472000  -305194.18469
 2197283000  -300565.95889
 2204474000  -297338.00140
 2211292000  -296665.18223
 2218111000  -291987.13835
 2224925000  -288344.94008
 2231743000  -286676.98159
 2238549000  -283092.77709
 2245366000  -280434.90089
 2252183000  -275778.64469
 2258992000  -274178.75846
 2265796000  -269614.70597
 2272605000  -267018.05092
 2279424000  -263354.58172
 2286243000  -259692.73345
 2293067000  -255998.29332
 2299877000  -252401.26902
 2306688000  -249799.01930
 2313501000  -245184.70302
 2320319000  -242537.79678
 2327126000  -237967.76611
 2333932000  -235406.19181
 2340744000  -231805.18688
 2347564000  -227151.07429
 2354382000  -224512.26396
 2361195000  -221909.27502
 2368014000  -217266.86448
 2374839000  -214585.03662
 2381652000  -211986.90622
 2388465000  -209390.39391
 2395274000  -205822.85567
 2402091000  -205202.22355
 2408901000  -200631.08107
 2416107000  -198353.59732
 2422927000  -194717.40184
 2429738000  -191144.36794
 2436555000  -189531.92583
 2443378000  -186880.07978
 2450192000  -183291.39032
 2457007000  -179697.48258
 2463823000  -178098.35727
 2470637000  -174514.52422
 2477831000  -171334.58198
 2484650000  -169719.89691
 2491463000  -166147.84664
 2498278000  -163563.74365
 2505097000  -160953.91902
 2518722000  -155827.98359
 2525537000  -153250.35652
 2532356000  -149647.01161
 2539175000  -148045.28764
 2545990000  -143472.51958
 2552803000  -143915.03757
 2559626000  -139290.84097
 2566441000  -136722.93146
 2573266000  -134088.31305
 2580096000  -131421.15568
 2586912000  -127851.27690
 2593731000  -124262.52140
 2600568000  -121552.41370
 2607341000  -118281.15813
 2614150000  -115765.57246
 2620965000  -113210.61620
 2627781000  -110650.44809
 2634599000  -108078.23819
 2641416000  -104514.47917
 2648236000  -101931.84960
 2655073000   -99234.73245
 2661879000   -95750.96560
 2668692000   -92221.00725
 2675518000   -89603.88702
 2682326000   -86111.31289
 2689133000   -83627.18322
 2695948000   -82090.04067
 2702756000   -78602.31510
 2709573000   -76054.75288
 2716390000   -73508.81066
 2723211000   -68937.17815
 2730028000   -69394.47685
 2736840000   -64887.53099
 2743651000   -63389.02960
 2750463000   -59885.31873
 2757289000   -57287.65619
 2764099000   -52800.83615
 2770912000   -50295.15506
 2777735000   -47722.83542
 2784543000   -43254.52003
 2791358000   -40740.04402
 2798175000   -38213.53715
 2804988000   -34715.94912
 2811802000   -32213.15471
 2818609000   -27759.74853
 2825421000   -26273.83759
 2832238000   -24755.42543
 2839049000   -20279.57443
 2845869000   -18743.93096
 2852681000   -18264.49332
 2859496000   -15766.20485
 2866315000   -14242.24511
 2873125000    -9781.30736
 2879940000    -8287.87577
 2886756000    -5789.24135
 2893570000    -4305.86970
 2900385000    -1817.29523
 2907198000     -343.98210
 2914013000     4141.35478
 2920836000     4679.63802
 2927648000     9141.27360
 2934467000    10649.03297
 2941287000    13161.99136
 2948094000    14584.67191
 2954918000    17121.66852
 2961728000    19561.57230
 2968540000    22013.49745
 2975354000    24477.44253
 2982174000    27980.68028
 2988988000    29441.38681
 2995799000    32880.02059
 3002613000    31337.49071
 3016261000    37383.92224
 3023073000    38822.89769
 3029888000    42280.70616
 3036704000    42743.71221
 3043518000    45191.46596
 3050337000    45671.68195
 3057150000    49109.38146
 3063959000    51518.20013
 3070770000    52939.03351
 3077583000    55371.88017
 3084392000    55775.84885
 3091205000    58205.46029
 3098021000    60653.89714
 3104842000    64134.78578
 3112035000    65148.86694
 3118845000    65551.47184
 3125650000    68918.39240
 3132459000    70310.95186
 3139273000    71735.96044
 3146083000    74132.09916
 3152901000    75581.12190
 3159716000    77008.08714
 3166537000    79474.30600
 3173358000    80938.90297
 3180167000    84320.13843
 3186981000    85733.81469
 3193796000    89152.68354
 3200614000    89590.36612
 3207430000    94012.80687
 3214241000    96399.57587
 3221058000    97825.58898
 3227864000    99175.07241
 3234695000   101693.18446
 3241508000   104087.09891
 3248319000   106465.77675
 3255122000   107788.36527
 3261933000   110163.81073
 3268738000   110496.78777
 3275548000   113862.19206
 3282743000   115847.08534
 3289553000   119209.16492
 3296366000   119590.05058
 3303178000   122962.51081
 3310003000   125421.84585
 3316827000   126872.75023
 3323636000   130219.93177
 3330452000   131613.14191
 3337266000   133991.12021
 3344081000   135374.28587
 3350892000   136728.60976
 3357707000   141108.53829
 3364530000   142541.28946
 3371341000   143890.75813
 3378154000   147252.21913
 3384973000   149652.88902
 3391791000   153045.13371
 3398604000   154401.73783
 3405422000   157790.74278
 3412233000   158130.50244
 3419059000   161570.69459
 3425886000   165016.06554
 3432702000   165384.98059
 3439511000   168704.65796
 3446359000   172288.01107
 3453169000   173611.24892
 3459985000   177973.68140
 3466792000   179273.27957
 3473594000   181537.25547
 3480411000   184901.63604
 3487263000   186502.42920
 3494461000   189454.62287
 3501276000   191800.44373
 3508085000   196103.84433
 3514900000   198446.42854
 3521712000   199766.99452
 3528518000   203045.14594
 3535378000   206688.84231
 3542164000   208827.77105
 3548982000   210182.65546
 3555800000   213535.91939
 3562618000   214887.56286
 3569437000   218244.38394
 3576258000   218613.17973
 3583073000   221939.56808
 3589886000   224250.74269
 3596699000   226560.29922
 3603524000   228949.80019
 3610349000   231337.67736
 3623967000   235891.08307
 3630784000   238219.72905
 3637602000   240553.55074
 3644418000   242872.16106
 3651613000   245764.53561
 3665240000   250359.50494
 3672053000   252651.16488
 3678866000   253941.20673
 3685682000   257250.01252
 3692499000   258563.99258
 3699310000   261835.59142
 3706118000   263085.19322
 3712944000   268455.45445
 3719759000   269749.37033
 3726572000   272028.08199
 3733378000   273257.62911
 3740217000   275709.70119
 3747038000   280037.88907
 3753850000   282303.33033
 3760658000   284539.98837
 3767479000   286863.31581
 3774285000   289083.15750
 3781101000   292369.29129
 3787919000   295667.38646
 3794728000   295902.74926
 3801550000   300224.76554
 3808370000   299531.57999
 3815185000   302802.82552
 3821999000   305065.66275
 3828866000   305686.69964
 3835669000   306871.61052
 3842487000   309156.73628
 3849297000   309385.93509
 3856108000   311620.30531
 3862928000   310914.14890
 3869747000   312199.58348
 3876945000   314055.80380
 3883758000   315297.18376
 3890569000   316523.37189
 3897378000   318734.36961
 3904191000   321970.89673
 3911000000   323178.66113
 3917821000   324466.24039
 3924640000   326738.62639
 3931467000   329063.67502
 3938283000   331312.46162
 3945098000   332552.84373
 3951911000   335778.03734
 3958717000   334954.12140
 3965529000   339169.29623
 3972337000   340355.71737
 3979157000   341621.92820
 3985975000   342872.95051
 3992790000   344102.00245
 3999607000   346343.00148
 4006422000   347568.81486
 4013244000   346840.48736
 4020060000   350069.84335
 4026872000   351270.45135
 4033688000   351496.56927
 4040491000   355632.90629
 4047302000   355821.88123
 4054507000   357681.01733
 4061324000   358907.34996
 4068140000   362125.28192
 4074960000   362368.71613
 4081774000   363569.84770
 4088585000   364749.02080
 4095399000   366946.91595
 4102214000   366149.97203
 4109029000   369351.40908
 4115837000   370503.77395
 4122657000   370735.86849
 4129476000   372959.56306
 4136291000   375154.52347
 4143109000   376368.19905
 4149919000   378526.03152
 4163537000   381823.29176
 4170357000   384044.04589
 4177209000   387480.03876
 4184025000   389670.43589
 4190839000   390845.66070
 4197654000   393026.04311
 4204466000   396184.47869
 4211280000   398354.84805
 4218086000   399469.39521
 4224895000   401602.65325
 4231708000   403761.39503
 4238520000   406911.74397
 4245360000   408250.16140
 4252174000   410410.81700
 4258990000   412583.40209
 4265805000   414747.59387
 4272622000   416923.71372
 4279434000   420064.34701
 4286248000   421216.90884
 4293067000   423401.71630
 4299882000   426557.81242
 4306713000   428820.64733
 4313532000   430000.59008
 4327175000   435389.47100
 4333996000   436578.09256
 4340811000   437724.46518
 4347638000   438950.47001
 4354461000   443147.76730
 4361287000   445363.75314
 4368110000   447557.80403
 4374914000   448621.60233
 4381726000   451737.94482
 4388543000   454886.51725
 4395359000   456026.70041
 4402173000   457151.72599
 4408994000   459322.51460
 4415815000   462491.68132
 4422634000   464645.68950
 4429460000   466845.45334
 4436281000   469009.75367
 4443092000   470104.75601
 4449906000   474218.44333
 4456721000   474337.27922
 4463539000   478474.79676
 4470349000   480556.56056
 4477170000   481711.13834
 4483983000   483809.96476
 4490827000   486116.91744
 4497640000   488212.50031
 4504453000   490306.46510
 4511262000   494371.75086
 4518084000   496523.36539
 4524900000   497632.76899
 4531720000   500767.61117
 4538536000   502873.77480
 4545351000   504971.55487
 4552162000   507040.66067
 4558984000   510182.54861
 4565793000   511234.89085
 4572606000   515312.66929
 4579417000   516375.30392
 4586227000   520429.55879
 4593041000   522509.24654
 4599862000   526634.65073
 4606675000   528704.33777
 4613492000   531799.45341
 4620310000   533899.71049
 4627120000   536944.25754
 4633938000   538041.27559
 4640757000   542143.43390
 4647575000   544237.21078
 4654392000   546322.60696
 4661205000   549379.34312
 4668019000   551441.22096
 4674830000   554481.20164
 4681645000   556546.60236
 4688454000   557569.82969
 4695274000   561665.78786
 4702091000   563739.84886
 4708960000   566163.72371
 4715742000   567997.99870
 4722550000   570006.37488
 4729369000   573087.46929
 4736194000   576207.48711
 4743009000   579258.30959
 4749828000   581334.54070
 4756647000   583409.15087
 4763455000   586407.81924
 4770268000   588438.65292
 4777080000   593461.11254
 4783896000   594508.97746
 4790697000   598453.89049
 4797564000   600843.03792
 4804369000   603811.73058
 4811179000   605812.58283
 4817990000   607818.57297
 4824809000   609876.98040
 4831628000   613933.76688
 4838442000   615955.16329
 4845262000   618015.46268
 4852082000   623074.14065
 4858902000   623131.19720
 4865717000   625152.86796
 4872543000   627247.19871
 4879360000   630279.13357
 4893033000   633601.46846
 4899849000   635621.78240
 4906663000   639626.97393
 4913480000   639650.80053
 4920290000   643625.75031
 4927489000   644225.11782
 4934298000   647189.99145
 4941117000   648220.75138
 4947928000   650195.89028
 4954742000   653189.66136
 4961563000   654229.06063
 4968379000   657233.09152
 4975198000   659255.75008
 4982019000   663290.28534
 4989212000   664833.67015
 4996023000   665797.38983
 5002841000   666806.72905
 5009649000   668746.96921
 5016462000   670719.33177
 5023287000   673771.04486
 5030105000   674773.90412
 5036921000   678761.64910
 5043736000   680741.02790
 5050547000   683691.80192
 5057370000   683721.91317
 5064174000   687622.22834
 5070983000   688554.65831
 5077834000   691768.78243
 5084623000   694563.06513
 5091443000   695564.83641
 5098257000   698524.51765
 5105069000   700469.09126
 5111888000   702459.25733
 5118706000   704441.05839
 5125525000   707427.98282
 5132345000   708420.02989
 5139152000   712322.79205
 5145964000   713257.65452
 5152780000   716217.87085
 5159980000   717765.63620
 5166801000   719756.23418
 5173624000   722758.69455
 5180433000   723665.14539
 5187277000   726805.93844
 5194095000   728769.82147
 5200909000   729705.11926
 5207725000   732652.28040
 5214538000   733577.59988
 5221351000   735501.30126
 5228167000   737443.60528
 5234978000   739350.58977
 5241845000   740633.38406
 5248629000   742355.15369
 5255441000   745264.01916
 5262260000   746218.44040
 5269073000   749130.80780
 5275886000   750041.55711
 5282695000   752923.73497
 5289508000   754831.24905
 5296320000   755730.40718
 5303172000   759897.45284
 5309961000   761638.40625
 5316785000   762613.55335
 5323599000   766519.70797
 5330396000   768309.72048
 5344018000   774073.52776
 5350833000   774979.94955
 5357646000   777871.28085
 5364454000   780727.31660
 5371273000   782655.82443
 5378098000   784623.12142
 5384910000   787501.24249
 5391722000   790377.74596
 5398534000   792252.63180
 5405353000   793173.03850
 5412173000   796098.55809
 5418987000   798982.05472
 5425792000   801803.33260
 5432608000   801697.06047
 5439427000   804609.36746
 5446238000   807466.19238
 5453055000   809361.79459
 5459868000   812228.84814
 5466686000   814127.94325
 5473496000   816971.56436
 5480310000   818840.49463
 5487121000   823687.61268
 5493939000   825580.23045
 5500754000   828451.03553
 5507584000   831421.17910
 5514396000   834268.55174
 5521214000   835154.68694
 5528029000   838019.01229
 5534845000   838888.44816
 5541664000   840776.45247
 5548475000   842609.00321
 5555286000   846439.93682
 5562106000   848329.81071
 5568923000   850197.87808
 5575735000   852030.68484
 5582553000   853902.24132
 5589361000   857704.90082
 5596180000   859579.94615
 5602994000   862419.73467
 5609804000   863230.99687
 5616623000   867101.18271
 5623435000   867922.66238
 5630248000   871749.25065
 5637064000   873594.39880
 5643871000   875377.39568
 5650680000   879172.22834
 5657496000   880012.52175
 5664305000   882804.12037
 5671121000   884641.17642
 5677940000   888496.78664
 5684763000   888377.67323
 5691596000   891324.17785
 5698411000   893148.02558
 5705226000   895970.25426
 5712048000   897837.92753
 5718861000   900643.47020
 5725672000   901433.94898
 5732487000   904249.70128
 5739318000   905171.39332
 5746122000   907909.95968
 5752929000   908667.07807
 5759739000   910442.74636
 5766560000   910290.73421
 5773379000   913123.65769
 5780193000   914921.35523
 5787007000   916717.43422
 5793824000   917532.05621
 5800642000   918351.77849
 5807455000   920136.28007
 5814283000   923019.96073
 5821095000   924794.50300
 5834718000   930332.01559
 5841542000   932182.33158
 5848358000   932977.27527
 5855170000   935743.72591
 5861984000   937521.99522
 5868800000   940312.08180
 5875616000   942100.54886
 5882448000   942994.87536
 5889268000   945806.96838
 5896077000   946543.55343
 5902894000   950332.25607
 5909707000   952092.47278
 5916523000   951871.22014
 5923339000   952648.34799
 5930157000   951437.28787
 5936973000   950211.17622
 5943819000   950184.90392
 5950640000   948989.12140
 5957452000   948731.28360
 5964259000   947438.25529
 5977872000   945840.63882
 5984684000   945576.33437
 5991505000   944370.83501
 5998341000   943264.41467
 6005155000   942008.67586
 6011970000   941758.03141
 6018785000   940505.76791
 6025601000   939258.59782
 6032416000   938003.09601
 6039236000   937779.53501
 6046042000   936460.38835
 6052852000   935166.47291
 6059662000   935870.94079
 6066484000   934654.32425
 6073303000   935415.95300
 6080114000   933122.27645
 6086923000   932813.56216
 6093735000   931523.36188
 6100551000   930258.38331
 6114180000   928703.43957
 6120995000   927426.89406
 6127811000   927155.43839
 6134611000   925775.02490
 6141421000   923460.08356
 6148234000   923163.65007
 6155048000   921872.30642
 6161866000   922606.17498
 6168682000   922325.00816
 6175495000   923022.10017
 6182309000   922724.28108
 6189120000   922404.72319
 6195944000   922170.73275
 6202755000   923847.93749
 6209573000   921570.46732
 6216387000   922264.55351
 6223199000   920943.61002
 6230014000   920641.16488
 6236830000   920343.80577
 6244030000   918619.48439
 6250851000   917352.31798
 6257674000   917096.93839
 6264490000   915793.00713
 6271302000   914460.64085
 6278111000   913106.54603
 6284930000   912817.86906
 6291723000   912353.28882
 6298531000   909987.64392
 6305342000   909640.49139
 6312157000   907318.53154
 6319023000   905336.76569
 6325805000   905790.39035
 6332615000   903430.06040
 6339425000   902068.11379
 6346235000   901704.55051
 6353049000   901366.17468
 6359862000   901019.47950
 6366680000   899704.66900
 6373491000   897341.33582
 6387152000   896871.11186
 6393971000   894556.51482
 6400788000   894226.89812
 6407602000   892875.56405
 6414411000   892489.11696
 6421227000   892147.94425
 6428046000   890825.24727
 6434868000   890521.02389
 6441694000   889241.96989
 6448519000   888954.59393
 6462132000   887127.17324
 6468946000   885761.26782
 6475759000   884387.04708
 6482568000   882984.42219
 6489381000   882606.96623
 6496187000   883181.01990
 6503020000   880934.24545
 6509843000   879618.88777
 6516663000   879281.82127
 6523489000   877983.30388
 6530312000   876663.07767
 6543929000   874823.61985
 6550742000   872431.59064
 6557556000   873044.63723
 6564373000   871676.14625
 6571193000   872326.11556
 6578011000   869961.07708
 6584842000   871681.42647
 6591655000   869279.68041
 6598477000   868936.54853
 6605344000   866892.94487
 6612130000   864305.64565
 6618947000   862924.18572
 6625760000   860514.33972
 6632570000   860082.80177
 6639384000   857676.41135
 6646195000   856248.32994
 6653011000   854852.08424
 6659862000   852688.38075
 6666651000   853108.25510
 6673470000   851727.21855
 6680286000   850324.49219
 6687103000   849926.83570
 6693923000   848547.62666
 6700748000   847200.24075
 6707564000   846791.03301
 6714389000   845440.40166
 6721206000   845034.64094
 6728026000   844647.32411
 6734838000   842204.88411
 6741643000   841714.01411
 6748449000   841228.21706
 6755265000   839807.67533
 6762085000   839412.26118
 6768901000   836988.47947
 6775719000   836576.45084
 6782527000   836095.94117
 6789340000   834647.24489
 6796151000   832183.55935
 6802969000   833765.05409
 6809783000   831318.18794
 6816605000   831923.18218
 6823416000   829453.02310
 6830229000   828994.61567
 6837034000   827481.11690
 6843848000   827026.15911
 6850666000   825596.31749
 6857483000   825158.17197
 6864303000   822738.45607
 6871128000   823350.53361
 6877941000   820880.79457
 6884757000   820429.48493
 6891576000   818996.60254
 6912012000   815547.91733
 6918822000   814048.42441
 6925641000   811607.44446
 6932456000   812138.12024
 6939267000   810640.45460
 6946087000   809201.29504
 6952894000   808673.67251
 6959711000   806211.23356
 6966516000   806667.01890
 6973328000   805167.94578
 6980142000   801680.61340
 6986947000   801131.55206
 6993763000   799654.34208
 7000572000   797128.76338
 7007376000   796568.17740
 7014239000   796399.97850
 7021029000   793742.66248
 7027840000   791223.96692
 7034650000   789696.97695
 7041467000   788215.10953
 7048285000   785738.29892
 7055097000   785219.80851
 7061912000   781719.72944
 7068728000   781224.70741
 7075550000   777768.12093
 7082364000   775256.50724
 7089176000   773729.92425
 7095992000   770228.42417
 7102804000   770698.60500
 7109619000   766187.19218
 7116428000   765634.11382
 7123238000   764086.09344
 7130058000   761603.19584
 7136877000   760112.00312
 7143689000   758572.47518
 7150502000   756038.00286
 7157311000   754475.22047
 7164119000   751904.14915
 7170940000   750418.20484
 7177777000   749037.39512
 7184593000   745514.84302
 7191398000   744917.28155
 7198208000   743351.46363
 7205022000   740810.71437
 7211836000   740268.34654
 7218646000   737697.67673
 7225455000   736118.71963
 7232273000   733598.17977
 7239087000   733049.33888
 7245905000   730525.55904
 7252718000   728966.81040
 7259529000   726393.10481
 7266341000   723824.45127
 7273153000   725254.18012
 7279965000   718682.29136
 7286787000   719175.46978
 7293598000   717593.67517
 7300418000   714070.27547
 7307233000   713511.91551
 7314043000   711918.59888
 7320855000   709337.00016
 7334485000   705208.95078
 7341299000   703635.83095
 7348112000   702054.42622
 7354929000   700498.06781
 7361739000   697893.42835
 7368559000   697353.82852
 7375419000   696079.22289
 7382245000   693576.36163
 7389058000   691985.23222
 7395897000   689565.76630
 7402717000   688018.04560
 7409540000   686488.69609
 7416357000   683917.73996
 7423177000   682365.15501
 7429959000   681557.73611
 7436791000   679081.87638
 7443619000   677577.73747
 7450446000   676065.31056
 7457274000   673557.92145
 7464047000   672682.48065
 7470877000   671185.17831
 7477665000   668406.45315
 7484464000   666699.39923
 7491286000   666143.94495
 7498107000   663580.20718
 7504926000   664001.52577
 7511740000   661387.92023
 7518558000   659799.33773
 7525377000   656215.79493
 7532200000   656657.27089
 7539008000   653997.22870
 7545816000   652335.57080
 7552638000   651765.52615
 7559505000   649493.51294
 7566329000   647933.53032
 7573155000   645385.24139
 7579988000   644881.93599
 7586804000   642263.81664
 7593617000   640624.10443
 7600430000   637982.77413
 7607251000   638393.08420
 7614073000   635808.42946
 7620891000   635195.52502
 7627709000   632581.00011
 7634522000   630931.57295
 7641306000   629087.50021
 7648078000   627161.95251
 7654889000   624494.37641
 7661710000   623891.73728
 7668531000   622287.47625
 7675361000   620741.48774
 7682192000   619200.52775
 7688973000   617325.21819
 7695731000   616295.25857
 7702526000   614509.90441
 7709349000   611909.24570
 7716177000   611340.23169
 7723010000   608802.85883
 7729835000   606210.63409
 7736666000   604656.70234
 7743493000   604074.53370
 7750325000   600524.00192
 7757149000   599918.62635
 7763977000   598338.23485
 7770722000   597204.13464
 7777494000   594248.03558
 7784321000   593656.15036
 7791147000   591055.98950
 7797982000   588514.06030
 7804802000   588870.74622
 7811622000   587225.81073
 7818453000   584652.40323
 7825272000   582997.57259
 7832103000   582420.91465
 7838918000   580736.24234
 7845688000   578750.74620
 7852432000   576590.78455
 7859235000   575821.50040
 7866031000   575004.06490
 7872811000   572078.65056
 7879591000   570151.63378
 7886360000   568149.89118
 7893168000   565405.79766
 7899963000   565573.67607
 7906742000   563633.59505
 7913526000   562725.14520
 7920300000   561748.62706
 7927099000   557936.66328
 7933887000   559049.98291
 7940659000   555055.36534
 7947451000   554192.05808
 7954252000   552386.94960
 7961002000   551241.33498
 7967779000   551273.54004
 7974549000   549257.63255
 7981334000   547339.79135
 7988126000   545466.85355
 7994925000   543638.81418
 8001722000   541795.87625
 8008532000   541037.69097
 8015338000   538251.31671
 8022138000   537423.47061
 8028933000   536560.79955
 8035733000   533729.73079
 8042503000   532697.78607
 8049294000   530803.72351
 8056060000   527742.01172
 8062836000   525745.11837
 8076417000   521939.11763
 8083200000   517983.90075
 8089978000   514993.87761
 8096768000   513081.93588
 8103559000   510175.02698
 8110312000   508014.19914
 8117085000   502984.57229
 8123867000   501013.09999
 8130688000   498298.94771
 8137473000   495344.17587
 8144285000   492567.04109
 8151052000   490489.56291
 8157879000   487808.77529
 8164693000   486040.07053
 8171514000   482316.21068
 8178330000   479557.54194
 8185146000   477797.25369
 8191962000   475035.34592
 8198778000   473271.81864
 8212376000   466514.27428
 8219146000   464440.64160
 8225965000   462690.56249
 8232788000   457965.40445
 8239547000   456813.96659
 8246303000   453641.03109
 8253057000   451453.23487
 8259810000   448257.21391
 8266630000   446504.10291
 8273455000   441782.54091
 8280276000   440032.81974
 8287102000   437314.64472
 8293925000   434574.94532
 8300731000   431720.85980
 8307487000   429533.51467
 8314292000   426669.57883
 8321110000   422890.25020
 8327930000   420122.56548
 8334713000   418107.87726
 8341479000   415978.84604
 8348241000   413821.69308
 8355066000   411080.71432
 8368729000   407680.08534
 8375556000   405947.49316
 8382375000   404160.23393
 8389208000   401464.17446
 8396040000   399759.85757
 8402869000   398034.02483
 8409733000   395538.59310
 8416559000   393789.61336
 8423378000   392992.60733
 8430179000   390074.66519
 8436932000   389836.94819
 8443835000   387591.86362
 8450597000   385410.58306
 8457395000   383466.30478
 8464194000   381527.04295
 8470967000   379413.86252
 8477736000   377272.57509
 8484490000   375030.28949
 8491278000   373011.71442
 8498085000   370117.43195
 8504862000   369022.75373
 8511655000   367032.48697
 8518460000   365120.11813
 8525270000   363239.26153
 8532085000   361389.91361
 8538897000   359519.07216
 8545692000   358533.99500
 8552482000   356514.18650
 8559275000   353512.64318
 8566080000   350588.97787
 8572887000   349676.94555
 8579647000   348451.99774
 8593248000   344533.78104
 8600055000   342615.30200
 8606862000   339695.20773
 8613671000   339786.74266
 8620484000   335903.14935
 8627305000   335070.91195
 8634114000   332157.59451
 8640924000   330249.28216
 8647724000   329273.14278
 8654498000   326123.25065
 8661304000   325183.61698
 8668101000   322182.78559
 8674914000   320286.26515
 8681721000   317348.40750
 8688524000   316382.45616
 8695341000   313507.56276
 8702145000   312545.00055
 8708946000   309560.96781
 8715770000   309727.55199
 8722584000   307826.32858
 8729386000   305844.06832
 8736193000   303893.28496
 8743024000   302099.71153
 8749843000   300225.10173
 8756676000   299441.51234
 8763493000   297550.42333
 8770306000   295631.24727
 8777126000   294756.76880
 8783940000   292840.97119
 8790761000   290969.86738
 8797569000   289011.13609
 8804383000   289090.48255
 8811199000   287181.44112
 8817980000   285039.25162
 8824800000   284153.43894
 8831613000   283219.70246
 8838435000   281343.87739
 8845253000   279439.97335
 8852002000   278078.08870
 8858793000   276992.39079
 8865581000   274885.24490
 8872356000   273690.52109
 8879156000   272659.52144
 8885980000   271785.61545
 8892792000   269830.73621
 8899600000   266847.79033
 8906407000   265856.61672
 8913233000   262989.45172
 8920039000   261988.43157
 8926857000   259065.13235
 8933671000   256113.76838
 8940540000   254524.38154
 8947355000   251576.37797
 8954140000   249428.44470
 8960932000   247325.17745
 8967751000   245398.76888
 8974539000   243265.84040
 8981315000   241051.99279
 8988182000   238437.97915
 8994975000   236333.26077
 9001796000   236411.97725
 9008616000   233482.46338
 9015415000   232412.55549
 9022213000   230334.42817
 9029020000   229314.15960
 9035837000   227358.35086
 9042650000   225374.49305
 9049471000   223441.87341
 9056281000   223434.95714
 9063104000   220512.30945
 9070315000   219151.28827
 9077130000   218172.45407
 9083950000   216225.02998
 9090771000   215282.59007
 9097586000   213298.89614
 9104395000   212273.95246
 9111212000   211300.23163
 9118020000   209265.44903
 9124793000   205997.89650
 9131590000   204887.24491
 9138381000   201735.35922
 9145526000   199919.57225
 9152333000   196870.04261
 9159166000   193990.58116
 9166002000   191129.30101
 9172840000   190279.59731
 9179679000   189434.86610
 9186519000   186595.10670
 9193368000   184813.13450
 9200203000   181937.10217
 9207037000   181052.83976
 9213880000   178226.36097
 9220715000   177345.44131
 9227933000   174991.00644
 9234879000   173839.40183
 9241696000   171834.67284
 9248533000   169960.32573
 9255369000   168077.74925
 9262208000   167213.34260
 9269015000   166136.12536
 9275801000   164918.71090
 9289453000   163006.95955
 9296273000   162009.05690
 9303091000   160996.33646
 9309915000   160021.58327
 9316736000   159025.41361
 9323560000   158047.41450
 9330393000   158127.16723
 9337224000   157192.09835
 9344041000   156163.04813
 9350860000   155145.57097
 9357672000   155080.29886
 9364490000   153052.98543
 9371310000   152037.24317
 9378127000   149000.09277
 9384946000   150974.51305
 9391769000   149973.69280
 9398578000   146878.92162
 9405402000   145881.45364
 9412220000   145842.79601
 9419033000   143769.54717
 9425854000   143747.43155
 9432669000   141684.13198
 9439488000   141645.58712
 9446303000   139579.04852
 9453126000   138563.63458
 9459948000   136540.00507
 9466774000   135541.12314
 9473605000   134573.57817
 9480434000   133591.22254
 9487250000   131521.54818
 9494068000   131463.43737
 9500890000   128430.07129
 9507713000   129401.67389
 9514557000   128510.06088
 9521383000   128498.18455
 9528212000   128504.45499
 9535036000   126476.14919
 9541875000   125545.06810
 9548699000   125513.51210
 9555521000   126467.15400
 9562347000   124445.53016
 9569173000   123422.28204
 9575991000   123344.70022
 9582808000   122258.90951
 9589612000   122085.85216
 9596436000   122042.94031
 9603268000   120051.10697
 9610077000   118906.13423
 9616867000   119634.38751
 9623697000   119624.51423
 9630529000   118626.18834
 9637359000   120613.06224
 9644182000   118552.20586
 9651006000   118496.31270
 9657853000   117590.27020
 9664670000   116485.02583
 9671460000   117200.35702
 9678256000   116953.59172
 9685074000   115850.08366
 9692281000   115306.37665
 9699086000   115113.93817
 9705902000   114992.31106
 9712725000   114915.15181
 9719561000   113921.95748
 9726395000   113913.96724
 9733208000   113766.10179
 9740027000   114656.11600
 9746878000   113755.15637
 9753706000   112701.16344
 9760530000   112619.21632
 9767354000   111535.64588
 9774179000   112457.03388
 9781000000   111350.47197
 9787807000   112150.15005
 9794596000   110829.75386
 9801341000   110218.19480
 9808087000   109611.63038
 9814862000   110194.30974
 9821678000   110045.17370
 9835287000   109590.71137
 9842106000   108456.46046
 9848918000   109274.53445
 9855743000   108176.51688
 9862557000   107004.50994
 9869364000   104784.83527
 9876189000   104681.95322
 9883000000   102485.35570
 9889815000   103313.45201
 9896649000   103264.90178
 9903468000   103116.06455
 9910226000   102564.40780
 9917038000   103366.30565
 9923852000   101179.73900
 9930649000   102879.75644
 9937437000   102518.97868
 9944234000   102215.77725
 9951053000   103055.62861
 9957882000   103959.61270
 9964699000   104783.06955
 9971517000   105611.48130
 9978302000   105221.30903
 9985113000   108000.46679
 9991947000   107929.21350
 9998763000   109738.00122
10005582000   111564.89053
10012391000   114324.42425
10019217000   117194.08665
10026028000   122963.52994
10032854000   127829.94737
10039672000   131642.16042
10046508000   128571.05398
10053313000   126294.58532
10060136000   123134.79479
10066957000   120960.23829
10073740000   119534.34951
10080558000   119336.84500
10087375000   120131.14917
10094181000   117851.55660
10101001000   114662.33454
10107820000   111464.92093
10114627000   107187.04756
10121375000   104519.94870
10128114000    99792.13761
10135247000    95651.00404
10141993000    93965.91676
10148789000    90607.67863
10155611000    87418.61077
10162421000    85149.10173
10169240000    80937.08801
10176061000    80736.58887
10182887000    78567.30544
10189699000    77304.45577
10196521000    76105.65895
10203346000    73924.94019
10210169000    73729.46450
10216990000    72519.23330
10223817000    72346.77677
10230636000    72120.16865
10237464000    71951.03016
10244284000    71727.74339
10251112000    71555.35636
10257943000    73401.03883
10264779000    72277.91798
10271602000    73067.83052
10278428000    71875.81280
10285256000    71695.29871
10292074000    73447.52224
10298896000    73224.37922
10305698000    73868.34903
10312522000    72655.09204
10319325000    71302.39366
10326142000    68039.95734
10332984000    63939.95827
10339785000    61569.28319
10346610000    57354.47928
10353430000    53105.24369
10360252000    51867.50936
10367083000    47687.20257
10373904000    46439.66051
10380724000    46183.93592
10387547000    42946.27109
10394327000    42424.89695
10401152000    39197.11648
10407976000    37961.15255
10414805000    34756.36248
10421623000    33477.79553
10428417000    32040.19301
10435159000    30259.92762
10442004000    28153.60226
10448796000    27698.05625
10455618000    26437.64255
10462445000    25208.39538
10469270000    22964.40838
10476088000    21672.89649
10482916000    19445.33476
10489739000    17183.36368
10496610000    16234.48591
10503765000    13145.96325
10510587000    10872.47716
10517405000    10571.14527
10524221000     7255.08167
10531039000     4950.50932
10537899000     3919.63268
10544718000     1618.36433
10551535000     1302.36570
10558358000     2024.07368
10565195000     1835.91754
10572019000     2560.93046
10578845000     1297.42750
10585673000     2045.40724
10592495000     1752.44229
10599324000     2503.72601
10606155000     2266.48957
10612983000     1007.96889
10619808000     1728.16612
10626637000     1472.94777
10633465000     1209.55190
10640295000     1957.63396
10647131000      743.39789
10653954000      442.36847
10660784000      185.57226
10667633000       51.61172
10674466000      811.20979
10681303000      595.38084
10688142000      391.02221
10694979000      171.93377
10701810000      911.91922
10708645000      676.47481
10715475000      406.65706
10722285000        4.23877
10729120000      763.91583
10735944000     1449.93368
10749618000      987.34134
10756441000      661.93552
10763274000     -599.62025
10770106000      130.64933
10776953000      -42.50602
10783785000     1684.50574
10790619000     1422.98304
10797463000      225.29325
10804277000      829.59481
10811115000      589.37275
10817949000     1321.33916
10824791000     1104.03866
10831629000      858.92664
10838473000     -348.54735
10845291000      272.19062
10852123000      -17.07318
10858922000     -523.91461
10865761000      229.38123
10872585000      882.89441
10879418000      593.67345
10886243000     1250.48087
10893067000     -100.87828
10899895000     1572.30937
10906719000     2217.70264
10913541000     1848.38848
10920370000     1523.24466
10927195000     1170.30883
10934020000     1815.74921
10940847000     2472.64800
10947667000     2082.13601
10954498000     2761.94947
10961316000     2355.11126
10968139000      979.35333
10974964000     2615.05237
10981800000     2321.06402
10988643000     3071.22267
10995473000     1734.73941
11002298000     5363.93519
11009119000     3965.35230
11015936000     4538.99360
11022749000     6084.86192
11029574000     4707.56824
11036394000     7295.96192
11043218000     7908.88431
11050048000     8559.40714
11056878000     8208.30379
11063708000     8855.57427
11070531000    10455.46253
11077353000    11047.19160
11084178000    12656.90662
11090993000    14199.63919
11097828000    14871.46527
11104665000    15554.73358
11111488000    17144.88026
11118315000    16759.54375
11125145000    18392.18653
11131978000    20042.80644
11138804000    22646.05936
11145631000    25254.22196
11152454000    25834.62494
11159289000    26491.80688
11166114000    27082.02781
11172892000    31363.57349
11179667000    31623.91934
11186479000    34124.36899
11193252000    34368.44132
11199982000    37330.03569
11206791000    38806.06575
11213524000    40784.07857
11220274000    42871.54418
11227037000    45042.32608
11233832000    46420.50194
11241011000    47304.83498
11247774000    50470.72799
11254587000    52961.53476
11261411000    54522.55260
11268232000    57062.35806
11275050000    60580.95329
11281868000    61097.92806
11295493000    67055.20009
11302318000    70613.01556
11309136000    72123.50942
11315963000    74691.13502
11322777000    78172.27466
11329601000    80717.07122
11336408000    83149.28020
11343238000    85729.99660
11350048000    87178.55013
11356869000    89697.27958
11363680000    93149.12354
11370878000    97124.95703
11377701000   102651.78528
11384539000   108274.87518
11391375000   114883.28430
11398190000   121353.03611
11404997000   125768.96953
11411800000   131157.18898
11418630000   134719.95509
11425462000   138294.14343
11432276000   139749.27323
11439099000   140261.49804
11445927000   140804.71747
11452714000   140078.85821
11459511000   139416.62339
11466332000   136909.32482
11473154000   135406.92691
11479968000   130850.72819
11486787000   127325.52124
11493629000   122948.69544
11500459000   118491.97866
11507291000   114046.67840
11514116000   110554.10322
11520942000   105066.42512
11527775000   101622.76722
11534610000    96190.52252
11541446000    91763.16943
11548324000    89608.02411
11555142000    85060.04861
11561980000    78640.84160
11568814000    77193.92777
11575651000    72764.94277
11589289000    67667.41845
11596101000    63070.59708
11602926000    59556.89235
11609766000    55139.33055
11616594000    53641.92730
11623434000    50221.10648
11630258000    46694.38166
11637082000    43166.03352
11643910000    41662.12842
11650740000    39169.63082
11657947000    36132.07978
11664773000    31610.17661
11671599000    32086.64917
11678428000    28581.04362
11685253000    26047.75178
11692085000    23558.44052
11698909000    21015.38475
11705727000    18431.61905
11712939000    15412.82428
11719763000    13864.80768
11726590000    12334.70890
11733411000    10763.90454
11740248000     6295.69001
11747067000     5708.61208
11753881000     5087.34942
11760706000     4536.10591
11767515000      879.04210
11781170000     -198.99724
11787995000     -756.73330
11794812000    -1368.18381
11801644000    -2883.58791
11808478000    -5387.59743
11815300000    -4971.36243
11822138000    -6452.58374
11828934000    -7208.86092
11835751000    -5830.04015
11842566000    -8465.85870
11849395000    -8012.16430
11856223000    -8566.60478
11863037000    -7213.79582
11869854000    -7843.07928
11876675000    -8447.94881
11883499000    -8034.91552
11890318000    -7656.04556
11903937000    -7026.81144
11910757000    -7646.29249
11917576000    -6273.90200
11924398000    -7883.61202
11931220000    -6494.94440
11938042000    -6107.89915
11944865000    -6715.97016
11951678000    -5390.72264
11958493000    -6054.08196
11965311000    -5699.54415
11978918000    -6183.97238
11985733000    -6853.80310
11992551000    -6505.73955
11999374000    -6126.77547
12006194000    -6768.94611
12013013000    -6419.24189
12019815000    -6181.71788
12026639000    -5802.73526
12033453000    -5490.40606
12040653000    -5669.62730
12047470000    -7341.11935
12054291000    -6988.22226
12061114000    -6623.94296
12067936000    -7267.78830
12074758000    -9913.25602
12081574000    -9599.35411
12088394000    -9261.06732
12095218000    -9898.39852
12102035000   -11582.85738
12108852000   -12268.93622
12115682000   -12872.13317
12122500000   -14554.95518
12129319000   -15232.89798
12136145000   -15866.96570
12142967000   -16528.65447
12149789000   -19191.96560
12156609000   -20869.89654
12163429000   -22549.44889
12170253000   -24204.62968
12177068000   -25919.91584
12183897000   -27545.85230
12190721000   -32205.90209
12204370000   -35524.37459
12211571000   -38739.99765
12218385000   -39471.59628
12225190000   -43263.28043
12232006000   -47985.12187
12238824000   -50695.59112
12245650000   -53355.71593
12252464000   -55095.40952
12259293000   -59739.29459
12266112000   -63449.75437
12272930000   -66168.32975
12279755000   -70843.06461
12293388000   -77307.80287
12300210000   -81006.88621
12307075000   -83428.37255
12314285000   -87611.33821
12321112000   -90282.92623
12327986000   -92650.97998
12334791000   -97468.66382
12341608000  -101210.05471
12348441000  -106849.19310
12355264000  -109554.87701
12362086000  -115268.67533
12368919000  -118912.69151
12375741000  -122629.73718
12382562000  -126354.89605
12389387000  -131055.71440
12396218000  -134719.21434
12409911000  -142849.90764
12416740000  -145531.27421
12423561000  -147266.18179
12430407000  -150840.48190
12437233000  -152546.19452
12444059000  -154253.53141
12450884000  -155968.98103
12457705000  -159712.00733
12464534000  -162404.75165
12471358000  -165131.56040
12478180000  -167872.96748
12498665000  -176983.67383
12505490000  -179712.11523
12512311000  -182468.12569
12519133000  -186219.27197
12526006000  -189641.26267
12532823000  -193428.09382
12539639000  -196223.03033
12553297000  -203649.15475
12560130000  -208338.71690
12566962000  -211036.39106
12573783000  -213807.01828
12580623000  -217456.07258
12587443000  -221236.43180
12594274000  -224947.09435
12601106000  -226652.90034
12607942000  -232334.40151
12614768000  -234082.35918
12621599000  -238799.52857
12628409000  -242654.45231
12635239000  -247381.35204
12642068000  -251116.35974
12648897000  -254852.99313
12655720000  -257630.14014
12662540000  -262428.35323
12669360000  -266228.18774
12676187000  -269984.27943
12683024000  -275677.19218
12689852000  -279430.05560
12696673000  -284229.90349
12703497000  -289011.93431
12710373000  -292458.65886
12717200000  -297224.51116
12724031000  -301966.07244
12730863000  -305702.78168
12737693000  -308454.07497
12744553000  -313012.64774
12751392000  -316708.89866
12758206000  -318568.72369
12765023000  -323410.73477
12771850000  -326189.59312
12778673000  -330995.98435
12785496000  -334803.99842
12792328000  -338555.34631
12799159000  -342314.79766
12805994000  -345049.97132
12812838000  -346728.49097
12819670000  -350486.35070
12826493000  -353304.11586
12833325000  -356065.22771
12840155000  -359840.91646
12846980000  -362650.60464
12853806000  -365455.44221
12860637000  -365229.53316
12867467000  -365011.72470
12874300000  -364776.12132
12881136000  -365522.72516
12887959000  -366355.10992
12894797000  -369092.02276
12901627000  -370882.34755
12908450000  -371719.60608
12915284000  -373487.29247
12922109000  -377314.85523
12928933000  -380150.51358
12935749000  -383039.56771
12942580000  -385833.17156
12949405000  -388667.22855
12956235000  -391470.55511
12963073000  -395223.74301
12969910000  -396985.03126
12976748000  -398741.47888
12983590000  -401473.67694
12990410000  -405349.83922
12997265000  -407001.19344
13004090000  -409848.26100
13010918000  -412677.54554
13017740000  -415547.26750
13024568000  -418379.80106
13031398000  -417201.02339
13038219000  -416082.08377
13045007000  -414178.20172
13051823000  -412094.83559
13058644000  -410980.75260
13065456000  -408926.49482
13072272000  -406847.98746
13085883000  -406831.62409
13092709000  -405693.30942
13099525000  -407621.27751
13106339000  -406563.79633
13113159000  -407469.14148
13119984000  -409343.78236
13126790000  -410342.88010
13133586000  -411408.23920
13140413000  -414274.81120
13147242000  -415130.07958
13154078000  -414941.72603
13160905000  -416813.17488
13167724000  -418737.95625
13174544000  -417657.89533
13181378000  -418488.97388
13188188000  -420476.78669
13195022000  -421311.11569
13201854000  -424159.99733
13208683000  -426029.89222
13215510000  -426914.33642
13222347000  -428735.78970
13229175000  -430617.02445
13236005000  -430486.96223
13242828000  -431403.75216
13249647000  -432348.00739
13256519000  -432951.48361
13270157000  -436848.12396
13276989000  -437714.89994
13290646000  -439498.54758
13297465000  -438454.16960
13304268000  -438514.75192
13311027000  -437861.12047
13317829000  -436931.37729
13324654000  -437854.71295
13331466000  -438863.62333
13338319000  -438609.39280
13345141000  -440556.97527
13351944000  -439628.86404
13358742000  -438734.65020
13365570000  -439648.35011
13372370000  -440744.45265
13379131000  -441093.95504
13385885000  -442490.24197
13392661000  -442746.09523
13399489000  -443667.86864
13406277000  -444849.47344
13413104000  -447780.94268
13419924000  -447759.21943
13433491000  -447191.79413
13440283000  -447355.62890
13447106000  -448321.00610
13453931000  -449275.09916
13460750000  -448269.53554
13467565000  -448291.40494
13474380000  -446314.89337
13481189000  -448378.71611
13487980000  -447560.29655
13494803000  -447537.01842
13501615000  -449586.33328
13508435000  -447585.65301
13515259000  -448560.78872
13522079000  -449563.35222
13528906000  -449522.38098
13535721000  -450560.44219
13542544000  -450548.51920
13549361000  -452576.92006
13556194000  -453503.74203
13563022000  -454464.44007
13569835000  -454523.50512
13576648000  -456584.18826
13583459000  -457659.38745
13590273000  -459716.85755
13597080000  -461821.08575
13603908000  -461791.51559
13610714000  -463905.42727
13617517000  -465040.29710
13624337000  -465067.17185
13631160000  -466076.32606
13637987000  -468061.31481
13644813000  -470054.37515
13651615000  -470203.77820
13658424000  -471309.66957
13665253000  -473288.25458
13672054000  -472448.95019
13678863000  -475559.69297
13685678000  -477633.37945
13692506000  -479624.89767
13699333000  -480624.48604
13706154000  -482664.36737
13712966000  -483763.87076
13719792000  -485774.77260
13726614000  -487813.07466
13733422000  -491943.21160
13740233000  -493055.63371
13747054000  -495105.24020
13753879000  -498130.69643
13760678000  -500325.28926
13767466000  -501592.36173
13774257000  -502841.71347
13781074000  -500925.17851
13787897000  -499971.61243
13794725000  -499987.46113
13801528000  -497165.96945
13808348000  -497236.59174
13815170000  -494295.95366
13821988000  -494382.70058
13828810000  -493445.30628
13842416000  -490820.10289
13849231000  -488932.64463
13856050000  -487021.04752
13862869000  -486111.07134
13869688000  -486202.71611
13876475000  -483502.02224
13890098000  -479789.97559
13896909000  -477939.59735
13903710000  -478155.21440
13910539000  -477192.19169
13917349000  -475353.10410
13924197000  -474271.02335
13931013000  -471396.55694
13937832000  -470504.40017
13944651000  -470613.86434
13951471000  -470718.51330
13958281000  -468889.14280
13965097000  -468022.77491
13971916000  -467138.72022
13978728000  -466301.33287
13985548000  -466414.08344
13992361000  -464573.49849
13999180000  -465695.92472
14006005000  -467781.36639
14012799000  -468067.88620
14019634000  -469092.23034
14026449000  -472246.87375
14033271000  -475358.10312
14040083000  -477535.28545
14046832000  -480119.35333
14053651000  -482254.72782
14060434000  -485623.28786
14067250000  -487781.19201
14074078000  -490863.53317
14080900000  -492986.08937
14087669000  -495451.13218
14094479000  -497654.09449
14101296000  -497813.65696
14108111000  -499987.70081
14114930000  -503137.64189
14121756000  -504244.19241
14128587000  -507320.21732
14135397000  -508532.89338
14142134000  -511216.53973
14148875000  -511876.05120
14155711000  -513926.38875
14162526000  -515113.35996
14169317000  -517456.23554
14176523000  -518132.96947
14183352000  -519234.89205
14190165000  -521441.28559
14196988000  -522585.02131
14203815000  -525704.67045
14210638000  -525851.65280
14217466000  -526968.12361
14224283000  -528156.91267
14231103000  -531328.04252
14237964000  -533237.32109
14244744000  -534668.74053
14251566000  -535831.88348
14258397000  -537938.81975
14265226000  -542060.23309
14272052000  -545202.54705
14278864000  -544436.43159
14285689000  -546588.41525
14292504000  -548806.26533
14299314000  -551057.85456
14306133000  -552253.24637
14312947000  -553482.37687
14319770000  -555655.31613
14326613000  -557701.41679
14333436000  -559877.60649
14340248000  -562126.06761
14347068000  -562324.76746
14353900000  -564448.02327
14367519000  -567988.39032
14374329000  -570257.78778
14381142000  -570509.53839
14387971000  -572660.17215
14394787000  -573895.90065
14401606000  -575113.98729
14408434000  -576275.91289
14415265000  -576420.20376
14422074000  -575707.35566
14428888000  -574964.02621
14435710000  -578170.96116
14442528000  -578405.19462
14449346000  -575641.04853
14456163000  -570884.94147
14462976000  -569156.12767
14469795000  -570390.42347
14476616000  -570613.50452
14483441000  -573812.53705
14490264000  -574026.02810
14497085000  -576253.97626
14503898000  -578534.88144
14510681000  -581009.90436
14517490000  -583319.70427
14524293000  -587669.61745
14531118000  -588879.99322
14537937000  -591130.48701
14544756000  -590382.60174
14551586000  -590565.76988
14558410000  -593789.05415
14565232000  -598026.79124
14572066000  -599189.17651
14578886000  -601442.98975
14585708000  -602685.59631
14592512000  -605045.27370
14599320000  -606380.91064
14606129000  -608711.74996
14612942000  -610018.55312
14619765000  -610262.84582
14626583000  -610540.82445
14633793000  -611306.77419
14640621000  -611523.96565
14647379000  -613191.61458
14654164000  -616687.74090
14660952000  -619166.23779
14667730000  -619710.45273
14674507000  -620262.68011
14681326000  -622547.25881
14688140000  -627865.51079
14701688000  -631019.67011
14708510000  -629291.48070
14715329000  -627584.14223
14722149000  -624872.01541
14728922000  -622462.73522
14735705000  -616990.96605
14742492000  -610495.16646
14749297000  -603885.62254
14756109000  -596232.83622
14762930000  -593523.99675
14769745000  -592855.22491
14776551000  -592245.73861
14783369000  -591560.98126
14790161000  -590044.42411
14796966000  -590446.18830
14803775000  -588823.94103
14810525000  -588581.27586
14817276000  -588333.79304
14824025000  -589100.71045
14830755000  -587990.92014
14837499000  -585793.03506
14844241000  -583609.54551
14850986000  -582408.42612
14857795000  -580799.00108
14864588000  -578293.66131
14871359000  -575930.81995
14878161000  -573371.05757
14891778000  -568173.12759
14898602000  -566477.33797
14905421000  -564815.18614
14912243000  -562135.44728
14919061000  -559482.94046
14925870000  -555889.67374
14932690000  -553227.60183
14939500000  -552631.16839
14946304000  -551074.76044
14953127000  -549398.34290
14966728000  -545338.41040
14973506000  -544954.87411
14980297000  -542489.73562
14987091000  -541007.00465
14993911000  -538359.48767
15000711000  -538841.58356
15007502000  -535382.88540
15014289000  -533951.39130
15021118000  -532252.75073
15027919000  -531734.89734
15034736000  -530116.28214
15041484000  -528940.75933
15048289000  -525402.14268
15055077000  -524973.90086
15061893000  -525368.13692
15068709000  -523763.99249
15075469000  -521519.69769
15082279000  -520957.15936
15089099000  -520332.27277
15095907000  -517785.76266
15102724000  -516183.30410
15109546000  -514550.48664
15116364000  -512944.87371
15123181000  -511347.27655
15129990000  -509802.45991
15136815000  -508156.94219
15143656000  -508410.73482
15157289000  -505236.52592
15164106000  -504648.65416
15170923000  -502062.40239
15177741000  -503471.37721
15184535000  -502035.40844
15191346000  -500492.36898
15198168000  -501880.62706
15204942000  -501577.34525
15211735000  -501154.21093
15218557000  -500547.31780
15225382000  -497922.87181
15232201000  -500338.39864
15239022000  -499742.76387
15245837000  -499187.09717
15252647000  -499665.00345
15259455000  -500157.30751
15266270000  -498606.49507
15273086000  -499050.91159
15279906000  -498471.38827
15286715000  -498963.77199
15293525000  -500451.38253
15300340000  -499908.66410
15307154000  -499373.95359
15313972000  -499815.30704
15320790000  -499258.28095
15327614000  -499664.54627
15334435000  -497091.59871
15347981000  -495563.76600
15354758000  -493276.69943
15361532000  -492010.39489
15368350000  -491464.67260
15375173000  -489888.63818
15381988000  -488365.31685
15388808000  -488811.68434
15395632000  -486234.13002
15402432000  -485811.45267
15409217000  -485486.16723
15416005000  -483143.33132
15422812000  -481680.78932
15429646000  -483047.47779
15436385000  -480022.31082
15443140000  -479896.58057
15449965000  -482325.56704
15456811000  -481622.12014
15463638000  -482041.59231
15470466000  -482456.30603
15477292000  -481885.41090
15484111000  -479360.81908
15490928000  -478850.61318
15497754000  -476284.58704
15511370000  -471387.15134
15518109000  -468381.18302
15524870000  -468236.40920
15531670000  -463844.36733
15538480000  -460390.12911
15545307000  -458829.03755
15552132000  -456282.33143
15558955000  -452750.00933
15565729000  -451531.92399
15572466000  -448551.48500
15579281000  -448075.03455
15586034000  -449995.71156
15592819000  -450713.85241
15599644000  -449178.45028
15606458000  -449714.83496
15613236000  -447482.45413
15620060000  -446958.28756
15626888000  -449410.23333
15633717000  -448857.42681
15640543000  -450325.37780
15647359000  -448858.72336
15654180000  -449361.80448
15660990000  -447936.64960
15667806000  -449474.85346
15674630000  -449963.66820
15681444000  -450517.86469
15688275000  -451965.29445
15695094000  -451490.85527
15701879000  -453234.79144
15708690000  -456814.58520
15715500000  -456402.37075
15722271000  -456240.37531
15729060000  -456965.24277
15735877000  -454513.24645
15742696000  -454050.12271
15749478000  -452824.43832
15756270000  -450536.62498
15763096000  -448033.73787
15769922000  -447532.47502
15776748000  -446032.83644
15783566000  -444585.80040
15790393000  -445083.03641
15797216000  -443607.38440
15804042000  -443114.24052
15810855000  -440705.54822
15817681000  -438215.64979
15824501000  -437765.60077
15831322000  -435310.80254
15838082000  -436246.21947
15844886000  -433902.94299
15851693000  -432542.17060
15858504000  -436157.53476
15865325000  -433710.82173
15872132000  -434354.89933
15878954000  -430905.05780
15885764000  -432533.26327
15892586000  -430086.66362
15899409000  -429635.31809
15906224000  -428236.53945
15913039000  -425839.37986
15919857000  -424424.73671
15926683000  -421960.77567
15933505000  -420523.90712
15940279000  -418394.26826
15947091000  -416024.29886
15953908000  -415624.11535
15960737000  -414149.15854
15967484000  -413197.82878
15974317000  -412700.64131
15981132000  -413319.65856
15987942000  -410972.12065
15994720000  -410829.87689
16001497000  -410695.59932
16008277000  -408543.82944
16015086000  -406209.09984
16021920000  -405716.88707
16028740000  -405315.39468
16042349000  -404714.53525
16049132000  -401553.33165
16055948000  -400183.75991
16062770000  -399777.63238
16069590000  -398385.85184
16076431000  -397862.08916
16083271000  -396346.31973
16090099000  -395908.52040
16096920000  -394516.87581
16104094000  -392881.37930
16110898000  -392601.19725
16117721000  -390201.77696
16124507000  -389039.31421
16131295000  -387865.73643
16138110000  -387522.04693
16144926000  -385173.61678
16151744000  -383814.08725
16158562000  -384456.17819
16172196000  -382757.93892
16179012000  -381417.60777
16185884000  -381722.83361
16192702000  -381373.03875
16199514000  -381063.01106
16206334000  -381703.74061
16213154000  -380346.09158
16219976000  -379977.34982
16226779000  -378731.01025
16233557000  -380645.19892
16240363000  -379383.01102
16247182000  -380039.80831
16253999000  -379710.93830
16260772000  -379663.33676
16267560000  -377522.00318
16274388000  -378128.06889
16281198000  -375850.14865
16288016000  -376523.00750
16294824000  -375261.03142
16301626000  -375038.79639
16308418000  -373881.71409
16315240000  -375535.62745
16322059000  -374210.22369
16328873000  -372918.20725
16335689000  -372615.10330
16342508000  -371294.56047
16349330000  -370956.58089
16356141000  -370690.09924
16362957000  -370393.47429
16369777000  -370073.06147
16376545000  -369084.55384
16383324000  -368027.77785
16390153000  -366655.04693
16396980000  -366296.64350
16403798000  -366997.02077
16410614000  -366711.71936
16417437000  -365383.58615
16424266000  -364018.97610
16431081000  -364744.88769
16437869000  -364643.85410
16444603000  -361887.28564
16451330000  -361176.74098
16458077000  -361340.79842
16464817000  -360550.88250
16471555000  -361775.24677
16478295000  -360988.49757
16485027000  -359254.11461
16491772000  -359438.79276
16498511000  -360663.14102
16505251000  -360882.72528
16512040000  -362792.89556
16518760000  -362142.59161
16525492000  -361417.70484
16532232000  -359643.62843
16538977000  -362839.40587
16545716000  -364074.84355
16552459000  -364286.48244
16559203000  -364493.36110
16565968000  -366568.58005
16572754000  -366512.15414
16586399000  -370940.98447
16593226000  -372629.28528
16600057000  -379293.83555
16606859000  -377143.97637
16613689000  -379818.11638
16620519000  -383493.88257
16627319000  -382361.56101
16634137000  -384116.68398
16640956000  -382867.08503
16647783000  -384568.36975
16654605000  -386302.98882
16661425000  -389051.91362
16668236000  -387859.53283
16675050000  -388649.74555
16681860000  -390466.94071
16688674000  -391260.38962
16695497000  -393998.39264
16702296000  -391890.18465
16709127000  -396580.70750
16722728000  -397353.34528
16729531000  -399226.23414
16736352000  -399986.63309
16743164000  -402805.70341
16749978000  -404613.71416
16756802000  -410359.95991
16763617000  -408164.87205
16770444000  -408895.34865
16777265000  -412665.47585
16784079000  -414481.58678
16790894000  -418292.97911
16797721000  -419029.94732
16804491000  -420129.73176
16811294000  -426022.01084
16818120000  -426770.17023
16824931000  -425614.99360
16831753000  -430391.74093
16838560000  -433265.14321
16845383000  -431038.79644
16858953000  -437072.41575
16865771000  -439882.59222
16872583000  -441732.39506
16879409000  -441495.13837
16886236000  -445253.17211
16893058000  -446044.49862
16899880000  -446837.44750
16906696000  -449670.01752
16913511000  -449510.53996
16920312000  -453441.33862
16927087000  -453538.39258
16933879000  -456529.39952
16940671000  -455522.01458
16954315000  -459132.18077
16961137000  -459939.69741
16967956000  -461767.82941
16974775000  -465597.58234
16981599000  -464397.30362
16988417000  -463236.62991
16995243000  -468026.93631
17002058000  -465888.49485
17008870000  -468770.66113
17015688000  -469616.46904
17022503000  -469482.88469
17029322000  -469325.60396
17036141000  -469169.94417
17042958000  -473028.56208
17049778000  -473869.81555
17056588000  -472775.96949
17063398000  -473683.74010
17070216000  -478542.50792
17077415000  -473992.23823
17084203000  -477044.14581
17090997000  -478059.69938
17097746000  -478361.55319
17104571000  -480184.20103
17111407000  -484938.88671
17118221000  -483834.36808
17125045000  -486668.21281
17131861000  -487554.28312
17138676000  -487448.29798
17145541000  -487027.69160
17152348000  -488975.55295
17159092000  -490323.46242
17165884000  -489369.40074
17172710000  -492201.93601
17179534000  -493048.74278
17186336000  -492036.28729
17193099000  -494272.04736
17199922000  -492130.02726
17206749000  -493964.33931
17213579000  -496781.30881
17220402000  -494644.15984
17227225000  -498508.63372
17234008000  -496627.59925
17240791000  -496748.16865
17247622000  -502566.92205
17254394000  -501760.24165
17261210000  -502677.04589
17268042000  -507494.34109
17274918000  -508035.17042
17281724000  -507020.05184
17288554000  -509854.87234
17295373000  -509760.83442
17302195000  -512649.45940
17309017000  -513539.70675
17315837000  -514444.21420
17322656000  -516356.66170
17329473000  -518283.36692
17336300000  -518148.51059
17343122000  -521046.86858
17349942000  -521959.48430
17356763000  -521867.40400
17363618000  -525562.16067
17370445000  -523435.43044
17377267000  -526341.90859
17384083000  -525287.90804
17390923000  -530083.93698
17397744000  -528001.60109
17404567000  -529908.25555
17411353000  -533050.20775
17418144000  -531162.18874
17424956000  -534143.16101
17431775000  -532081.54712
17438602000  -533971.03745
17445418000  -534931.61039
17452232000  -535906.43107
17458983000  -536280.64458
17465749000  -533561.74222
17472513000  -532857.06251
17479282000  -533122.41185
17486023000  -531566.12062
17492805000  -532752.59277
17499616000  -530757.60690
17506440000  -531682.17927
17513259000  -529639.93488
17520048000  -527788.66391
17526869000  -525737.03124
17533699000  -528630.21901
17540440000  -527086.71525
17547198000  -524437.51190
17554002000  -523499.61455
17560821000  -521468.67609
17567591000  -526748.55305
17574377000  -523929.07005
17581175000  -525035.47691
17587988000  -521048.85401
17594803000  -519051.23092
17601623000  -520023.68233
17608413000  -517187.01522
17615217000  -516263.63725
17622055000  -517127.39448
17628882000  -517062.16921
17635695000  -517086.87674
17642499000  -514169.96968
17649315000  -515178.98952
17656114000  -513296.84797
17662932000  -512296.48926
17669758000  -509247.29876
17676581000  -511218.65142
17683393000  -510260.99352
17690215000  -505241.89506
17697037000  -506224.41897
17703854000  -504240.09195
17710679000  -500206.94409
17717508000  -500150.20055
17724337000  -498095.08272
17731163000  -501060.50375
17737985000  -498052.76566
17744805000  -495059.25777
17751631000  -496029.54923
17758452000  -492032.98215
17765276000  -491019.12737
17772101000  -489000.59293
17778924000  -490996.28774
17785748000  -487987.30291
17792572000  -486979.94139
17799395000  -486980.50521
17806262000  -484705.41385
17813046000  -485954.99368
17819859000  -482023.44019
17826681000  -485036.79524
17833494000  -483108.48007
17840321000  -483093.57479
17847147000  -484086.59460
17853963000  -479144.23978
17860788000  -477146.80562
17867612000  -476157.29490
17874432000  -475194.60507
17881257000  -477202.04087
17888066000  -475311.88318
17894883000  -477372.95222
17901721000  -474303.37391
17908538000  -472367.68792
17915351000  -472458.81380
17922170000  -472513.77138
17928993000  -470545.15992
17935815000  -471584.46855
17942632000  -473656.88464
17949443000  -471768.70142
17956256000  -471869.54224
17963047000  -474110.51988
17969832000  -472390.88161
17976615000  -472685.43982
17983369000  -472164.17423
17990172000  -474336.02609
17996959000  -472610.21328
18003768000  -474747.51871
18010590000  -475804.60988
18017411000  -475869.61783
18024241000  -474879.60011
18031054000  -472998.20547
18037883000  -471017.72975
18044686000  -471202.50969
18051510000  -472256.74529
18058327000  -468356.65510
18065133000  -467527.40512
18071942000  -465680.89238
18085562000  -463980.13140
18092389000  -466025.21533
18099214000  -464084.50713
18106036000  -461164.29670
18112861000  -463226.83537
18119683000  -460309.87037
18126508000  -460375.65592
18133335000  -460430.48452
18140151000  -459556.12933
18146969000  -460670.81386
18153790000  -458768.24988
18160611000  -458867.30779
18167462000  -454779.31215
18174279000  -454906.77676
18181093000  -452054.72746
18187907000  -455204.29673
18194719000  -454368.06102
18201527000  -449558.59491
18208346000  -449681.57919
18215172000  -452762.17179
18221988000  -447907.26145
18228808000  -447028.82246
18242470000  -443138.50427
18249279000  -445334.08437
18256101000  -446449.56147
18262921000  -443579.23265
18269708000  -441917.95057
18276516000  -439126.28128
18283327000  -439317.37228
18290155000  -436403.23705
18296966000  -436597.56637
18303778000  -437787.22839
18310594000  -436953.37127
18317390000  -432246.81273
18324207000  -430409.90616
18331017000  -431618.60394
18337827000  -432828.91838
18344618000  -427160.22657
18351431000  -429354.92153
18358240000  -425576.36469
18365055000  -425761.73029
18371872000  -423936.15081
18378695000  -422074.50042
18385515000  -421233.31761
18392336000  -423387.47488
18399098000  -420913.83923
18405907000  -421146.59666
18412727000  -420311.88335
18419514000  -420686.04444
18426347000  -418772.92408
18433172000  -420911.67067
18439987000  -419114.83785
18446800000  -417332.18296
18453619000  -417513.47092
18460436000  -413708.93776
18467245000  -413956.25443
18474054000  -410205.18729
18480863000  -410455.73634
18487723000  -409387.72269
18494530000  -409654.07178
18501343000  -409884.37087
18508152000  -406141.39725
18514970000  -407343.54623
18521783000  -405578.69981
18528595000  -402821.74807
18535411000  -400041.30854
18549037000  -396522.94328
18555848000  -392778.73906
18562618000  -390293.44359
18569404000  -387709.34314
18576211000  -385995.07440
18583021000  -383263.59682
18589834000  -379514.91253
18596706000  -376397.66743
18603493000  -374815.35682
18610314000  -373021.34469
18617128000  -370272.86899
18630697000  -366150.88213
18644301000  -358815.77402
18651103000  -358150.63927
18657912000  -356443.21280
18664714000  -353781.30545
18671516000  -353121.01096
18678336000  -350349.44465
18685154000  -347592.04202
18691976000  -346811.17626
18698790000  -340082.09814
18705606000  -337342.09775
18712421000  -335609.98705
18719239000  -334860.68555
18726052000  -331144.35306
18732865000  -331429.63865
18739687000  -328660.11924
18746506000  -326911.02918
18753330000  -328132.21627
18760145000  -322411.44336
18766968000  -320642.14323
18773765000  -317037.43510
18780579000  -316327.78473
18787390000  -314638.55564
18794200000  -309957.21103
18800975000  -310496.83143
18807793000  -307768.57696
18814574000  -304273.80796
18821357000  -302768.10912
18828157000  -300157.48960
18841801000  -298665.39667
18848610000  -291003.23442
18855456000  -294110.87603
18862249000  -290552.19430
18869050000  -286945.00339
18882660000  -283685.34475
18889469000  -282032.88083
18896293000  -281288.07648
18903104000  -279626.32141
18909931000  -275865.97071
18916751000  -271151.08618
18923571000  -268437.82306
18930389000  -269738.70653
18937204000  -266059.99751
18944018000  -261389.16963
18950841000  -261663.60347
18957657000  -258983.49159
18964425000  -258605.54632
18971239000  -257941.18439
18978055000  -253265.91917
18984880000  -251535.92729
18991693000  -247882.68459
18998511000  -245199.75891
19005326000  -245537.23363
19012147000  -241838.76896
19018962000  -238179.48318
19025774000  -239540.59422
19032596000  -234840.73264
19039409000  -231198.82249
19046232000  -231495.94496
19053055000  -227794.69027
19059877000  -227101.31649
19066744000  -223127.96261
19073546000  -218562.99616
19080359000  -220930.81164
19087173000  -216293.98810
19093986000  -212665.03999
19100801000  -213025.19669
19107610000  -209424.51087
19114412000  -206869.23443
19121225000  -203246.75560
19128044000  -205588.36068
19134853000  -199994.14128
19141670000  -200351.49631
19148479000  -196760.51118
19155293000  -196139.86853
19162111000  -191495.82640
19168928000  -189859.65901
19175749000  -188200.09547
19182578000  -186492.12348
19189396000  -181854.56630
19196215000  -182212.37627
19203031000  -181590.56642
19209845000  -178982.88177
19216658000  -177383.06829
19223469000  -175797.37764
19230285000  -175182.04347
19237100000  -169574.58070
19243913000  -167981.24030
19250727000  -167383.26655
19257540000  -165793.16255
19264345000  -162254.68419
19271158000  -160667.81448
19277960000  -162151.31800
19284708000  -155973.94696
19291500000  -155523.16339
19298302000  -157011.49035
19305106000  -154488.93112
19311963000  -152636.77363
19318763000  -148142.45080
19325585000  -151512.26608
19332411000  -144858.70945
19339238000  -147200.52876
19346057000  -141593.95757
19353256000  -145614.82401
19360069000  -142049.07067
19366887000  -141453.69857
19373695000  -142922.41825
19380509000  -144355.27229
19387329000  -139752.26494
19394143000  -141188.35752
19400954000  -141644.80721
19407772000  -141059.15244
19414585000  -139506.34665
19421395000  -138973.89537
19428209000  -140418.07982
19435022000  -136870.12783
19441838000  -140305.05966
19448645000  -136797.81167
19455463000  -134223.49183
19462277000  -131675.76862
19475941000  -128360.40946
19482768000  -128736.38721
19489590000  -126145.20517
19496387000  -124711.71685
19503200000  -121179.95714
19509978000  -120868.29884
19516799000  -117289.82985
19523622000  -119700.49895
19530440000  -115143.99922
19537247000  -111657.77569
19550864000  -107671.45149
19557681000  -108127.66721
19564485000  -103666.62917
19571286000  -104225.92567
19578479000  -100340.75466
19585284000   -96878.40987
19592090000   -96411.43985
19598902000   -95908.64890
19605715000   -88401.23653
19612543000   -89801.86016
19619349000   -89341.35751
19626155000   -84882.46962
19632971000   -82362.81556
19639786000   -82851.01886
19646599000   -81353.31645
19653412000   -75857.23212
19660229000   -74337.81731
19667031000   -73913.57608
19673853000   -71366.21434
19680678000   -67801.76568
19687479000   -66388.60943
19694290000   -64914.70602
19707934000   -63834.57005
19714751000   -62328.11183
19728338000   -60613.08945
19735152000   -60130.18362
19741967000   -56642.66206
19748783000   -56150.52548
19755601000   -55647.54078
19762408000   -54214.74593
19769220000   -49752.39961
19776030000   -53304.13712
19782835000   -49888.65562
19789642000   -48462.32316
19796449000   -47037.60594
19803260000   -41589.57533
19810068000   -43161.85762
19816869000   -39779.37740
19823682000   -40323.73222
19830491000   -36894.62997
19837300000   -35467.14391
19844106000   -37059.96624
19850919000   -33610.78986
19864533000   -30792.05162
19871347000   -30341.49687
19878152000   -26948.62660
19884965000   -25507.53616
19891774000   -24092.98008
19898584000   -19673.81137
19905401000   -18212.65913
19912215000   -17771.81197
19919021000   -13382.40834
19926190000   -15733.89972
19932997000   -14341.58412
19939803000   -11957.11115
19946615000   -11536.88998
19953419000    -9168.10181
19960244000    -9670.16707
19967060000    -5229.89414
19973875000    -9797.46695
19980680000    -6428.91850
19987492000    -6018.40421
19994312000    -1559.70355
20001122000    -1164.87690
20007931000      222.10806
20014739000    -1398.74795
20021549000      991.22942
20028359000     5379.59012
20035166000     4747.66195
20041977000     4139.01387
20048792000     5553.64304
20055605000     8954.20646
20062420000     8365.59804
20069230000    10744.25615
20076044000     9146.18818
20082863000    10577.61371
20089692000    12069.64001
20096504000    16454.26774
20103317000    15843.49955
20110125000    14200.00597
20116942000    15610.88768
20123752000    15976.60250
20130564000    20353.14216
20137375000    19721.84369
20144185000    22082.70782
20151008000    19522.81573
20157806000    21805.80587
20164595000    19031.20898
20171413000    15435.36578
20178227000    15813.02578
20185047000    16226.38030
20191853000    14551.05285
20198670000    15942.51275
20205481000    17295.04385
20212290000    18633.52201
20219111000    18044.99591
20225925000    16411.32595
20232738000    19769.82025
20239553000    21139.13036
20246362000    24469.52116
20253176000    22829.37814
20259986000    27162.75162
20266791000    28463.42843
20273629000    28967.61106
20280439000    33296.12909
20287253000    31647.89158
20294063000    33973.17533
20300876000    35315.48684
20307692000    33674.82398
20314507000    35026.32727
20321318000    36351.35514
20328129000    37674.76586
20334939000    39990.34582
20341754000    39335.37604
20348568000    39672.57409
20355380000    37995.72774
20362192000    38317.26378
20369005000    41643.39464
20375808000    42905.78543
20382618000    41210.04661
20389420000    43462.99733
20396233000    42782.66154
20403044000    46088.28516
20409854000    48386.08063
20416670000    42719.52408
20423477000    47995.45319
20430292000    47319.44945
20437105000    48629.40655
20443914000    45912.90627
20450730000    48238.25690
20457540000    48524.73192
20464348000    48797.17206
20471163000    46111.45860
20477976000    47411.70883
20484793000    48735.17457
20491608000    50044.60399
20498421000    49339.99853
20505229000    53602.73655
20512050000    56944.55569
20518862000    53228.88803
20525667000    56468.15395
20532852000    60064.36308
20539661000    59325.13622
20546475000    63615.32441
20553294000    62934.92409
20560113000    62252.90283
20566917000    66476.17760
20573734000    67778.50743
20580543000    71029.57679
20587357000    71310.05407
20594167000    77564.09444
20600981000    79841.33555
20607798000    79135.57043
20614612000    81409.57369
20621429000    84700.56931
20628250000    86014.75852
20635063000    87277.70055
20641868000    92489.40112
20648675000    95711.89277
20655492000    98994.79366
20662307000    98263.67014
20669117000   104499.91772
20675932000   109765.55730
20682794000   110321.04824
20689582000   112416.00458
20696394000   114658.17924
20703202000   114873.93314
20710016000   113125.27461
20716825000   116343.99597
20723637000   116579.70136
20730448000   113807.58930
20737255000   113009.06171
20744065000   113227.51696
20750884000   110500.14765
20757690000   116690.57190
20764500000   116904.17596
20771321000   114184.34589
20778147000   116493.88479
20784928000   117522.89232
20791691000   118438.73832
20798476000   117489.33412
20805269000   118587.90292
20812075000   120765.42398
20818905000   121090.05234
20825715000   121289.12424
20832541000   123585.71990
20839327000   121632.84973
20846146000   122882.83575
20852963000   120118.80972
20859784000   123377.94499
20866597000   124585.89766
20873416000   123829.40136
20880245000   121133.23025
20887054000   122311.54593
20893867000   123513.02197
20900680000   120712.87992
20907494000   122917.31345
20914308000   121120.12842
20921121000   120315.13163
20927924000   123446.58725
20934739000   120650.74208
20941561000   118896.62522
20948374000   122085.15584
20955187000   119272.06837
20962002000   116469.74634
20968820000   118684.37985
20975630000   120847.86259
20982444000   119034.49287
20989263000   122250.45865
20996085000   122483.37522
21002903000   120689.90807
21009719000   122882.44025
21016534000   126067.16306
21023352000   124268.83571
21030130000   124221.31237
21036945000   125401.18614
21043734000   126418.52911
21050544000   126564.22760
21057295000   127343.19142
21064082000   130343.34188
21070912000   126607.96918
21077744000   128883.34577
21084568000   129107.59531
21091389000   128311.65976
21098178000   127316.11783
21104991000   130467.45188
21111806000   129629.54093
21118623000   130802.38355
21125434000   129936.48978
21132254000   130124.65133
21139071000   131292.63470
21145898000   130520.85160
21153109000   130122.52533
21159932000   129322.66190
21166753000   132508.80639
21173577000   128711.88213
21180384000   129808.20401
21187190000   129896.72673
21193993000   130965.08366
21200784000   131957.62597
21207584000   132004.20946
21214395000   133117.19363
21221219000   133308.93614
21228037000   133461.96038
21234847000   133563.90614
21241661000   133688.96330
21248480000   134843.31078
21255347000   136292.75117
21262138000   137270.76895
21268899000   138061.74713
21275717000   138203.43906
21282538000   137362.05229
21289365000   134556.12574
21296142000   137439.56871
21302937000   136432.64847
21309714000   135312.88513
21316518000   137358.36470
21323344000   139538.17215
21330155000   138623.67138
21336958000   135658.12393
21343760000   137684.78468
21350562000   139709.83257
21357377000   140813.58134
21364192000   139915.71108
21371025000   143127.41687
21377845000   141257.19059
21384663000   139372.98883
21391484000   142505.69698
21398291000   143550.31148
21405114000   142692.13182
21411928000   144776.74459
21418750000   142909.14554
21425566000   145002.87050
21432376000   143057.92375
21439197000   142179.28675
21446011000   146255.80363
21452827000   146343.05124
21459642000   147422.50493
21466461000   148525.03629
21473269000   146558.03337
21480087000   146651.15176
21486902000   147724.12929
21493712000   147764.62164
21500538000   147902.26518
21507364000   146038.28444
21514173000   149067.74669
21520993000   147163.48780
21527811000   149245.26342
21534627000   149313.07496
21541435000   147329.89449
21548249000   147382.12625
21555070000   148475.93708
21561890000   146561.95517
21568697000   147566.13385
21575553000   147871.04573
21582342000   150760.91982
21589164000   146852.79395
21595975000   149875.17941
21602798000   146969.98085
21616408000   150932.63298
21623226000   150991.73089
21630049000   152080.05071
21636863000   152111.23354
21643680000   151159.30182
21650518000   153335.27311
21657325000   152318.42117
21664138000   153336.95771
21670950000   155347.70912
21677772000   151418.51103
21684574000   153364.35909
21691389000   154388.75666
21698197000   154368.37250
21704999000   156309.37745
21711813000   154322.75703
21718623000   154309.85651
21725440000   157338.49537
21732259000   154377.84406
21739068000   155353.92506
21745883000   154365.37651
21752700000   155387.53731
21759517000   156408.07812
21766324000   157365.36170
21773145000   156407.31886
21779974000   157496.96012
21786781000   156449.38943
21793591000   156418.69183
21800413000   156460.32801
21807225000   158438.71883
21814040000   157433.97822
21820849000   160390.64762
21827664000   157382.67036
21834486000   157416.20350
21841303000   160417.30872
21848117000   162398.31133
21854927000   164353.05283
21861741000   160330.81927
21868548000   161263.84600
21875362000   159238.37697
21882175000   158205.12969
21888991000   156188.74266
21895799000   158121.46243
21902600000   159009.45367
21909438000   161123.70577
21916254000   161100.84093
21923065000   162045.56527
21929877000   163994.83049
21936689000   161942.47810
21943499000   163876.19299
21950303000   163771.34736
21957112000   168695.67328
21963924000   170636.85352
21970741000   165607.19914
21977554000   166551.29933
21984365000   167481.46918
21991178000   170422.33367
21997991000   167361.58007
22004800000   170274.58672
22011611000   171198.28755
22018422000   176120.37123
22025235000   173053.14717
22032049000   174990.45948
22038862000   173919.99901
22045670000   177817.15051
22052492000   177798.83879
22059307000   178735.83013
22066110000   179597.36314
22072926000   181537.27228
22079736000   183438.64511
22086549000   186356.85897
22093362000   185273.45473
22100173000   184176.12824
22106979000   186046.42536
22113795000   185976.62383
22120610000   186899.05142
22127422000   188801.40656
22134268000   192911.27465
22141095000   191902.64639
22147913000   191837.03959
22154719000   193696.01010
22161529000   195577.96563
22168331000   195409.10682
22175142000   196293.98040
22181947000   199140.34142
22188765000   199065.02514
22195572000   201920.45202
22202385000   202811.15480
22209195000   202681.79465
22216010000   203581.55806
22222815000   206418.22433
22229628000   203302.45689
22236443000   206197.36605
22243249000   208035.33227
22250063000   209920.85862
22256893000   209903.11239
22263695000   211711.64117
22270504000   210561.58014
22277318000   210440.63248
22284133000   209324.21192
22290927000   213077.11814
22297739000   212939.02890
22304546000   213768.59723
22311357000   212621.12922
22324982000   213339.77454
22331792000   213181.31039
22338608000   209058.09222
22345421000   211914.82393
22352234000   210769.93755
22359050000   210641.86227
22365868000   208524.45313
22372681000   209374.71059
22379488000   212186.49585
22386349000   209328.33992
22393149000   209093.88877
22399968000   207974.51681
22406786000   209847.38250
22413612000   209767.75701
22420421000   214582.11157
22427239000   210450.11610
22434058000   211322.64062
22440880000   213211.96483
22447693000   214044.40693
22454508000   214887.51040
22461321000   217716.71584
22468140000   218581.13874
22474953000   219407.10658
22481771000   221262.15025
22488589000   223115.57346
22495399000   222918.26973
22502208000   225713.21126
22509022000   227537.22577
22515831000   228328.93374
22522642000   225131.30024
22529458000   224962.73521
22536267000   231749.59246
22543076000   234534.83354
22549890000   234349.14047
22556701000   235143.42032
22563557000   231212.20008
22570342000   235843.70686
22577156000   235651.53716
22583977000   236500.69545
22590795000   240329.82690
22597608000   241126.66416
22604434000   243001.63194
22611268000   240924.04961
22618463000   242059.22253
22625280000   242874.02375
22632098000   246693.33853
22638927000   243578.49922
22645742000   248376.17125
22652558000   250178.35707
22659377000   250997.32116
22666190000   249777.87018
22673008000   251587.46169
22679825000   254389.30087
22686642000   255189.52005
22693457000   253975.85643
22707135000   255837.95669
22713953000   255637.81662
22720759000   257362.49066
22727565000   259085.54993
22734383000   262880.55417
22741197000   262649.41899
22748021000   262477.96027
22754831000   266219.06853
22761656000   263050.49554
22768482000   264886.42754
22775289000   265604.29279
22782110000   268406.33920
22795734000   271895.26524
22802559000   272716.96067
22809370000   275451.24921
22816204000   273324.84452
22823025000   274117.16220
22829856000   274969.12450
22837065000   278135.24151
22843877000   281867.46343
22850689000   277598.06774
22857501000   279327.05443
22864315000   281066.67441
22871120000   283749.54892
22877935000   282492.05888
22884744000   285196.20139
22891562000   282953.84819
22898376000   288685.37749
22905187000   285396.91616
22911996000   290094.59010
22918798000   289747.78302
22925625000   288552.44587
22932440000   287282.00708
22939257000   292022.19493
22946067000   291717.90461
22952885000   291460.97650
22959711000   291251.40493
22966532000   294009.59965
22980162000   293447.66650
22986968000   293109.18081
22993775000   293775.20129
23000597000   293531.41700
23007418000   294279.88989
23014238000   292020.62067
23021057000   290753.61004
23027881000   292515.57722
23034698000   295233.08451
23041509000   295912.25617
23048323000   297608.16780
23055138000   298308.57967
23061948000   295976.77970
23068770000   295716.78293
23075592000   297455.16379
23082411000   298173.56875
23089220000   298829.17668
23096035000   299519.87265
23102856000   298245.65238
23116492000   299655.64622
23123309000   302352.09603
23130130000   303071.39058
23136956000   304819.64296
23143775000   305523.46112
23150593000   301219.54287
23157394000   303810.04521
23164213000   306509.00507
23171031000   306200.22923
23184709000   307834.61596
23191523000   309496.51258
23198341000   309181.24585
23205155000   308839.90438
23211973000   308521.39767
23218799000   310250.17524
23225631000   310014.00566
23232446000   312672.29448
23239266000   312359.52616
23246085000   311039.02428
23252899000   312686.34194
23259718000   315362.59937
23266538000   315043.34728
23273363000   315753.02974
23280182000   316424.42268
23287006000   316124.74825
23300664000   315581.63183
23307483000   316246.53507
23314290000   314836.50022
23321114000   314528.71206
23327913000   315066.56839
23334736000   315749.43049
23341606000   315717.78390
23348406000   317256.89195
23355213000   319837.14644
23362030000   318476.86667
23368848000   320121.07478
23375676000   317824.73866
23382496000   319477.91824
23389318000   319141.69069
23396146000   318840.48223
23402969000   319507.11520
23409795000   321190.44463
23416621000   318872.14978
23423436000   319485.06513
23430265000   322181.84153
23437087000   321834.25385
23443909000   321485.04380
23450735000   321158.63142
23457556000   319800.07092
23464396000   321555.87461
23471216000   325187.96152
23478031000   323787.90674
23491704000   324245.39397
23498526000   325883.19524
23505374000   325678.05481
23512205000   322367.53094
23519036000   323055.38042
23525855000   323668.37460
23532675000   325285.84999
23539500000   323932.21352
23546367000   324833.22356
23553187000   322445.82234
23560003000   324032.39491
23566821000   325629.54989
23573644000   322255.58802
23580458000   323825.09894
23587288000   321490.59525
23594111000   324111.76533
23600933000   323725.21279
23607759000   323361.43602
23614566000   321880.14836
23621393000   322519.22663
23628207000   320077.39549
23635039000   319743.72027
23641864000   322365.72952
23648691000   318998.31118
23655517000   318623.17023
23662342000   319240.30738
23669162000   320825.33378
23675979000   319390.44730
23682807000   321021.00691
23689628000   319607.26455
23696462000   319271.15403
23703281000   319841.97239
23710100000   320411.16982
23716926000   322021.41639
23723747000   320599.56124
23730577000   318230.94147
23737393000   317775.36534
23744212000   318336.45402
23751415000   315236.22193
23758216000   319684.28027
23765022000   319161.19648
23771845000   317740.09274
23778658000   316256.43040
23785476000   317801.61667
23792282000   319272.06527
23799095000   317783.54915
23805908000   316293.41494
23812732000   313868.67890
23819547000   318387.49020
23826387000   316056.98026
23833221000   315688.28933
23840043000   313244.87311
23846871000   316836.38171
23853684000   317334.90068
23860507000   313892.70880
23867329000   313442.80358
23874159000   313039.99797
23880988000   311629.47618
23887809000   312168.61053
23894626000   312681.76485
23901445000   313205.47778
23908276000   307800.63845
23915097000   308333.28429
23921923000   309894.75114
23928750000   308460.68206
23935578000   306031.07634
23942398000   307551.14247
23949221000   304087.85006
23956037000   307580.32307
23962861000   307119.87381
23969674000   307590.84514
23983299000   311521.84710
23990128000   308085.34366
23996950000   309604.61277
24003774000   309134.43097
24010597000   309656.54036
24017419000   311170.94165
24024261000   310805.42086
24031090000   311359.16610
24037922000   308929.53925
24044739000   309407.02078
24051571000   310974.14325
24058392000   311472.71653
24065222000   311024.42020
24072040000   312501.49752
24078858000   311976.95437
24085679000   314469.03938
24092512000   311032.49411
24099342000   312576.07405
24106163000   309063.28839
24112987000   308567.12660
24119809000   312057.17813
24126627000   311521.28151
24140259000   310420.30300
24147076000   304873.46521
24153896000   308343.24891
24160718000   309823.57170
24167535000   306271.87204
24174366000   306803.66933
24181185000   305260.88544
24187994000   305655.68757
24194809000   302085.34791
24201628000   304537.70453
24208447000   302988.44022
24215277000   304504.41687
24222088000   304903.28313
24228892000   304257.98708
24235714000   301720.47479
24242528000   301132.72089
24249348000   302579.81143
24256175000   303067.81906
24263000000   305542.04856
24269830000   301045.03654
24276646000   306461.33133
24283461000   308869.93062
24290276000   307276.91088
24297074000   304578.98854
24303886000   307964.50896
24310711000   306427.38714
24317548000   310961.53900
24324370000   312402.94307
24331191000   308836.65047
24338005000   312226.21743
24344824000   312644.53503
24351640000   312043.01089
24358458000   313452.01396
24365272000   314835.10406
24372086000   312216.57560
24378909000   308651.08243
24385732000   311083.96642
24392550000   314484.86670
24399367000   312878.07456
24406183000   310263.59074
24413008000   310702.13057
24420198000   314355.04105
24427020000   311772.03353
24433837000   312157.04996
24440657000   315558.65790
24447483000   312995.06598
24454299000   312369.14957
24467928000   312094.24957
24474756000   313536.30704
24481566000   312867.49601
24488388000   312269.89432
24495200000   311609.98430
24502017000   313978.79846
24508847000   311424.87821
24515673000   314845.06025
24522501000   312275.75332
24529345000   307801.89967
24536157000   313132.26379
24542974000   311491.34494
24549791000   313848.80611
24556614000   314241.04602
24563431000   310595.26579
24577093000   309468.68613
24583910000   311818.03928
24590737000   314226.42509
24597559000   311602.86102
24604384000   311995.86896
24611202000   311344.80123
24618019000   311686.04872
24624835000   311019.61214
24631652000   313357.61990
24638467000   315681.88045
24645284000   314016.64870
24652114000   315428.61761
24658929000   313748.01701
24665744000   314065.79737
24672555000   314357.70904
24679372000   314684.37663
24686193000   315033.67198
24693003000   318314.66673
24699813000   317594.04482
24706627000   316896.05114
24713452000   315263.10979
24720257000   313507.32962
24727080000   313859.02440
24733904000   315215.15662
24740728000   318569.66552
24747555000   314940.73050
24754373000   316255.63468
24761191000   319568.91839
24768015000   314916.93616
24774815000   318117.91824
24781642000   314480.87091
24788466000   315824.02372
24795288000   317153.43695
24802106000   320456.99621
24808931000   318801.33863
24815746000   319083.48303
24822561000   317364.00840
24829383000   316685.31335
24836197000   315956.54227
24843018000   320268.54792
24849836000   317560.76298
24856650000   318827.13359
24863467000   319110.05291
24870290000   319427.68537
24877103000   321683.14216
24883923000   316979.36618
24890747000   318298.18801
24897573000   317627.49567
24904400000   315961.23338
24911224000   317275.18408
24918046000   318575.40374
24924870000   315886.10827
24931687000   318152.81582
24938505000   317423.95652
24945332000   317747.95291
24952153000   318034.00854
24958971000   317300.28500
24965791000   318577.04538
24972596000   322761.40502
24979415000   321028.87441
24986238000   323318.92878
24993068000   324649.71900
24999886000   321906.27101
25006701000   326143.05025
25013524000   324426.61468
25020334000   329629.90249
25027168000   326976.77491
25033995000   329279.67054
25040832000   329641.43720
25047651000   333892.68626
25054462000   332093.92157
25061279000   334329.83293
25068091000   333533.88116
25074900000   335718.16662
25081708000   334894.78773
25088519000   335087.93688
25095331000   336285.51656
25102149000   337517.76326
25108971000   336772.57830
25115792000   339019.72401
25122616000   338283.38800
25129434000   339509.14976
25136253000   337739.33729
25143073000   336973.94990
25149886000   341164.62067
25156714000   338444.35641
25163527000   340631.78744
25170341000   341823.64545
25177162000   340056.19865
25183975000   344238.77328
25190801000   345498.30636
25197612000   345665.55350
