      38000   729918.54079
    6893000   727646.26321
   13713000   723962.88671
   20535000   722298.75064
   27357000   718630.59441
   34126000   717342.13702
   40963000   715840.38202
   47797000   713299.70886
   54626000   713696.87051
   61459000   712136.50608
   68290000   709548.85852
   75129000   708050.17541
   81972000   705593.94732
   88781000   704738.48470
   95585000   702820.90404
  102328000   700190.37925
  109083000   699695.38453
  115836000   697173.20643
  122587000   695623.84848
  129718000   694486.04136
  136469000   693928.58796
  143225000   691425.29025
  149978000   689883.19596
  156729000   689313.92772
  163476000   687694.25546
  170225000   686093.88333
  176975000   685501.19221
  183728000   684939.41040
  190476000   684315.61714
  197225000   682699.50432
  203977000   681114.29673
  210727000   681501.92566
  217479000   679908.84306
  224230000   678300.21085
  230984000   677722.47453
  237735000   677105.96672
  244488000   676508.74154
  251241000   673907.57711
  257991000   674267.64759
  264741000   672623.78232
  271500000   672080.44827
  278255000   671486.74053
  285009000   672877.48493
  291763000   671264.28890
  298512000   672589.12692
  305266000   669968.05297
  312018000   670319.83072
  318770000   669667.67038
  325521000   669999.96917
  332274000   668351.53543
  339028000   666710.76404
  345774000   664973.24403
  352529000   664336.19691
  359287000   663730.00777
  366041000   663073.47644
  372801000   662482.59684
  379633000   660722.83325
  386497000   659330.15797
  393327000   658539.11774
  400188000   658103.53401
  406950000   658515.90613
  413746000   656318.56376
  420565000   655383.90681
  427378000   656375.66938
  434205000   654525.72979
  447845000   652651.48154
  454657000   651615.59774
  461478000   650680.02484
  468305000   650809.97559
  475133000   647947.49013
  481954000   647999.85260
  488781000   647117.72811
  495606000   646208.40140
  502439000   644387.75093
  509271000   643551.48041
  516101000   642688.00531
  522941000   641936.35782
  529773000   642087.98788
  536607000   641258.75506
  543443000   641448.65582
  550281000   640657.68662
  557110000   638758.43344
  563938000   638843.56967
  570774000   639017.33137
  577601000   639082.82740
  584426000   638121.13655
  591249000   639132.26235
  598070000   638116.20835
  604891000   638096.13536
  611719000   637153.08975
  618541000   637136.55212
  625365000   637139.14808
  632189000   636137.72151
  639043000   635479.54321
  645862000   636412.17840
  652694000   635491.26563
  659519000   634485.30343
  666341000   633440.59754
  673152000   633264.57128
  679970000   632165.54290
  686788000   632062.49908
  693608000   630978.58175
  700426000   629867.50584
  707247000   629787.12388
  714083000   626876.26109
  720916000   626926.65576
  727753000   625019.28940
  734620000   625454.90829
  741444000   624389.07950
  748273000   621377.05946
  755486000   621802.22061
  762317000   619805.04729
  769139000   618699.76311
  775947000   618428.56465
  782767000   618292.12184
  789585000   617128.53584
  796417000   615122.80377
  803253000   614159.28576
  810083000   613122.36557
  816907000   611012.05381
  823739000   610990.19744
  830559000   611825.59932
  837394000   609830.36178
  844224000   607773.29890
  851059000   607769.99331
  857882000   606623.97076
  864710000   605531.70786
  871534000   604389.19528
  878368000   603358.21037
  885207000   601380.96328
  892036000   600284.13759
  898864000   599171.73022
  905688000   598009.08499
  912511000   597830.86516
  919339000   596706.38138
  926163000   594531.66681
  932980000   594272.07760
  939804000   593089.32210
  946636000   591994.93706
  953466000   590873.42299
  960289000   589667.04373
  967120000   589549.02194
  973950000   587415.42261
  980769000   586150.78578
  987591000   584916.76907
  994469000   584325.25176
 1001262000   581748.37407
 1008089000   581560.00001
 1014914000   579344.51346
 1021744000   578182.71636
 1028565000   576913.01127
 1035386000   574639.28720
 1042205000   574338.46240
 1049022000   572010.54042
 1055846000   570759.38198
 1062658000   571365.73182
 1069476000   569037.30435
 1076295000   568716.39934
 1083115000   567403.01504
 1089944000   568189.44361
 1096767000   566902.62684
 1110401000   564178.50957
 1117217000   562798.89514
 1124032000   562403.73381
 1130852000   561062.22661
 1137672000   559716.70160
 1144492000   560367.15877
 1151311000   560002.06670
 1158147000   558828.98248
 1164970000   559501.96818
 1171791000   558147.87318
 1178600000   557651.41020
 1192217000   558634.94175
 1199050000   558403.12043
 1205875000   556075.05214
 1212700000   555742.96016
 1219545000   553637.35543
 1226364000   554228.05450
 1233185000   552837.78567
 1240008000   551466.54542
 1246829000   551068.23744
 1253660000   548781.13648
 1260470000   548248.04251
 1267676000   546273.41960
 1274505000   545950.97582
 1281337000   544659.06425
 1288540000   544636.89360
 1295363000   543233.02818
 1302175000   541698.43891
 1308989000   539182.87689
 1315805000   538686.33860
 1322622000   536197.30385
 1329436000   535669.70666
 1336255000   536195.67606
 1343458000   533139.33513
 1350262000   531484.33125
 1357079000   531975.00607
 1363895000   530450.15353
 1370704000   529840.70047
 1377520000   529307.82586
 1384331000   525713.38159
 1391143000   527126.44083
 1397948000   524454.92073
 1404762000   523882.98641
 1411580000   523353.07719
 1418393000   520761.61066
 1425197000   521062.56452
 1432009000   519451.57696
 1438822000   518848.08762
 1445634000   517229.08269
 1452446000   516606.06937
 1459257000   515967.54283
 1466121000   514934.73432
 1472924000   513196.13290
 1479739000   511591.57053
 1486553000   511971.49375
 1493370000   509381.91192
 1500180000   507707.80667
 1506994000   508075.69826
 1513801000   505359.07820
 1520616000   505730.45196
 1527429000   506074.81590
 1534628000   503853.53210
 1541442000   503201.14748
 1548255000   502533.25496
 1555068000   500861.35288
 1561873000   500093.47342
 1568674000   501275.61226
 1575486000   498580.19845
 1582301000   497915.25889
 1589109000   498165.85204
 1595935000   497619.31614
 1602752000   494965.32336
 1609555000   494146.43029
 1616370000   493461.43466
 1623184000   492760.93643
 1629995000   491021.95718
 1636805000   490267.48122
 1643619000   489554.95488
 1650438000   487895.85943
 1657256000   485221.25961
 1664076000   485565.61864
 1677702000   483081.47967
 1684516000   481344.88122
 1691385000   480235.93556
 1698191000   478399.40965
 1705003000   478627.78408
 1711817000   478875.11617
 1718649000   477325.12135
 1725466000   474598.86690
 1732281000   473845.63566
 1739091000   473030.98916
 1745892000   472109.01590
 1752706000   469332.28059
 1759516000   468505.61892
 1766326000   466674.95122
 1773139000   465874.71067
 1779953000   464081.93769
 1786768000   463296.63051
 1793580000   461472.88353
 1800393000   460656.60354
 1807207000   459847.78876
 1814013000   457943.16967
 1820825000   457103.39090
 1827638000   455271.07677
 1834450000   453423.28063
 1841261000   453560.00426
 1848093000   452933.61701
 1854910000   452131.13784
 1861733000   450393.46485
 1868551000   448594.42309
 1875360000   447688.14581
 1882177000   446869.61013
 1888990000   445001.18930
 1895803000   444128.75891
 1902615000   442240.85240
 1909438000   441475.06300
 1916259000   439682.32153
 1923078000   437862.63152
 1929891000   437970.13976
 1936714000   437188.27441
 1943527000   435287.75764
 1950347000   433463.46824
 1957168000   432646.62285
 1963982000   432745.52979
 1970796000   431840.42599
 1977628000   429137.59260
 1984448000   427293.21356
 1991264000   426398.98117
 1998074000   425431.98591
 2004884000   425460.98461
 2012078000   422885.50512
 2018895000   421986.46135
 2025713000   421094.85921
 2032534000   419233.60758
 2039350000   418311.06331
 2046161000   416327.23522
 2052975000   415373.76059
 2059792000   414450.63411
 2066611000   411546.39811
 2073809000   410978.36674
 2080622000   408997.16724
 2087814000   406351.72093
 2094625000   405339.37933
 2101461000   404609.26471
 2108278000   403657.58664
 2115095000   401701.89430
 2121909000   400707.84489
 2128723000   397709.78473
 2135530000   397627.58887
 2142344000   395621.51135
 2149173000   393783.10177
 2155984000   393734.65996
 2162810000   391853.87196
 2170014000   389294.68724
 2183650000   387329.46480
 2190471000   385375.15543
 2204474000   383584.49421
 2211291000   381572.15566
 2218110000   381578.68141
 2224925000   379535.43573
 2231742000   378511.05435
 2238549000   376368.28346
 2245365000   375324.44249
 2252183000   374299.46111
 2258991000   372156.10670
 2265796000   370974.44309
 2272604000   369823.08308
 2279423000   369793.49332
 2286242000   367759.88692
 2293067000   366790.86079
 2299876000   365634.89534
 2306688000   363509.21994
 2313501000   363390.96720
 2320319000   360325.85721
 2327125000   361119.57329
 2333932000   357920.71732
 2340744000   357775.00234
 2347563000   356705.27571
 2354381000   354620.10494
 2361194000   354473.78407
 2368013000   353392.01168
 2374838000   353374.77717
 2381652000   351227.84217
 2388465000   352065.47185
 2395273000   351841.97203
 2402090000   350717.27912
 2408901000   348520.03507
 2416107000   347830.55425
 2422927000   346727.85776
 2429737000   346506.93338
 2436555000   343373.36633
 2443377000   341281.46315
 2450192000   340105.60511
 2457007000   337925.73515
 2463823000   335753.27133
 2470637000   335553.95947
 2477831000   334689.04790
 2484650000   331538.57221
 2491463000   331315.58583
 2498277000   330100.00497
 2505097000   328948.90036
 2511917000   326793.77795
 2518721000   326452.02457
 2525536000   324231.81229
 2532356000   322064.64882
 2539174000   321870.64443
 2545989000   321638.39169
 2552802000   317379.30626
 2559626000   318241.71896
 2566441000   315997.42633
 2573265000   315851.79929
 2580096000   314782.00587
 2586912000   313537.07019
 2593731000   313322.34195
 2600567000   311297.50339
 2607336000   309504.44858
 2614150000   307220.66449
 2620965000   305944.27414
 2627781000   303675.27578
 2634598000   301413.66764
 2641416000   299159.44794
 2648236000   297924.01706
 2655073000   295878.39463
 2661879000   294475.30474
 2668695000   294182.21719
 2675517000   292953.51522
 2682325000   290561.20442
 2689133000   289164.88995
 2695947000   286832.95987
 2702756000   285440.03192
 2709573000   284134.27382
 2716390000   282824.50143
 2723211000   281556.29741
 2730027000   279227.09905
 2736839000   279848.30966
 2743650000   277454.11800
 2750463000   275078.70573
 2757288000   273835.99648
 2764098000   273418.38164
 2770912000   272042.32692
 2777735000   270764.78000
 2784543000   269312.35633
 2791358000   267935.65738
 2798175000   266577.72488
 2804987000   265158.83514
 2818608000   263274.86822
 2825421000   261855.34191
 2832237000   260465.96474
 2839049000   259027.03188
 2845869000   256675.17113
 2852681000   255228.21677
 2859496000   253811.40569
 2866314000   253424.73258
 2873125000   252954.36506
 2879940000   250525.51880
 2886756000   249104.04216
 2893570000   246655.79053
 2900385000   245214.90851
 2907198000   242747.25505
 2914013000   242298.35037
 2920835000   239925.08388
 2927647000   240434.01725
 2934467000   237029.96150
 2941287000   236621.88795
 2948093000   237050.52934
 2954917000   235679.93099
 2961728000   232157.43440
 2968540000   231642.30508
 2975353000   231134.54124
 2982174000   228713.75415
 2988987000   228197.96647
 2995799000   226666.79712
 3002612000   224142.99090
 3009472000   223149.60896
 3016260000   224333.49736
 3023072000   222786.27974
 3029888000   221280.53040
 3036704000   218770.76796
 3043518000   218234.25645
 3050336000   215739.20379
 3057150000   214194.66844
 3063958000   213577.92499
 3070770000   211002.64041
 3077583000   209434.71249
 3084391000   207805.95271
 3091204000   206230.00860
 3098021000   204695.50805
 3104842000   203202.44399
 3112035000   200932.05745
 3132459000   196972.98494
 3139272000   195368.75200
 3146082000   196726.43210
 3152901000   193182.33304
 3159716000   192588.78554
 3166536000   194048.01293
 3173358000   191525.93607
 3180167000   189852.20863
 3186981000   188231.25432
 3193796000   186617.64428
 3200613000   185022.73115
 3207430000   183423.80375
 3214240000   183741.38938
 3221058000   180145.79020
 3227864000   179409.95079
 3234695000   176953.89697
 3241508000   175289.49641
 3248318000   173587.03539
 3255121000   171801.12035
 3268737000   167330.78223
 3275548000   166623.65148
 3282742000   163258.54548
 3289553000   162543.17497
 3296365000   160835.14340
 3303178000   158134.44901
 3310003000   157565.88470
 3316827000   154981.95230
 3323635000   156212.49671
 3330452000   152541.12627
 3337266000   150831.71371
 3344081000   151129.63244
 3350891000   148366.83205
 3357707000   147668.07073
 3364530000   145044.67814
 3371340000   143269.84847
 3378153000   142525.03001
 3384972000   141844.23296
 3391791000   139159.41928
 3398604000   137402.56507
 3405422000   136698.38493
 3412232000   133899.50023
 3419059000   132289.31385
 3425886000   129675.10141
 3432701000   128920.85045
 3453169000   122894.67598
 3459985000   121135.69582
 3466792000   119270.71972
 3473594000   118345.08692
 3480411000   116585.41126
 3487263000   115218.25943
 3494460000   115755.57485
 3501276000   112972.28354
 3508085000   112105.68411
 3528518000   109549.81325
 3542164000   108097.66129
 3548981000   106297.60733
 3555800000   103516.18657
 3562618000   102719.42603
 3569437000   100929.97260
 3576258000    98159.14648
 3583073000    96316.37309
 3589886000    94446.94618
 3596698000    93562.18950
 3603524000    90831.89906
 3610349000    90086.26472
 3617164000    89223.42230
 3623967000    86220.75377
 3630784000    84372.52909
 3637602000    83531.60682
 3644418000    81664.03692
 3651613000    81081.02013
 3658431000    79227.83064
 3665240000    78268.79714
 3672053000    76351.01356
 3678866000    74429.22042
 3685682000    71537.35527
 3692498000    70641.47702
 3699309000    70685.02896
 3706117000    67690.64144
 3712944000    66907.14336
 3719759000    65983.90432
 3726572000    64034.03539
 3733378000    63000.99810
 3740216000    61325.80939
 3747038000    60465.66614
 3753850000    58488.43643
 3760658000    56461.97415
 3767478000    55567.17364
 3774284000    53510.08722
 3781100000    52562.04223
 3787919000    50643.89521
 3794727000    48597.39747
 3801549000    47705.13120
 3808369000    45786.24092
 3815184000    44806.82616
 3821999000    42823.39949
 3828866000    40423.56884
 3835669000    39296.49297
 3842487000    37334.90391
 3849297000    36278.91232
 3856107000    36218.91469
 3862928000    35279.18032
 3869746000    33301.53711
 3876945000    32623.65966
 3883758000    29581.28411
 3890568000    28501.01453
 3897378000    26416.73892
 3904191000    25362.33820
 3911000000    24258.75569
 3917815000    22218.92313
 3924640000    20287.99743
 3931467000    19375.63060
 3938283000    18335.04002
 3945098000    17279.14624
 3951911000    15196.66149
 3958716000    14019.85571
 3965529000    11929.35655
 3972337000    10778.40903
 3979157000     8758.90385
 3985975000     5712.80770
 3992790000     4628.83813
 3999607000     3563.42744
 4006422000      471.43285
 4013243000    -1556.86831
 4020059000    -1645.60664
 4026872000    -3772.20720
 4040491000    -7116.41011
 4047302000    -9277.59782
 4054506000   -11009.48697
 4061323000   -13111.23989
 4068140000   -14217.00709
 4074959000   -17304.23078
 4081774000   -20440.58431
 4088585000   -21626.06063
 4095398000   -22792.98990
 4102213000   -24941.37566
 4109029000   -26082.49740
 4115837000   -28317.83512
 4122656000   -28433.15402
 4129475000   -29552.48955
 4136291000   -32709.66249
 4143108000   -33859.57553
 4149919000   -35081.13735
 4156739000   -37205.25992
 4163536000   -39592.63882
 4170357000   -40713.51281
 4177209000   -42489.03388
 4184025000   -43674.31146
 4190838000   -45897.40879
 4197654000   -48090.71080
 4204466000   -49333.09674
 4211279000   -51568.22394
 4218085000   -51886.22641
 4224894000   -55174.43238
 4231707000   -56421.58181
 4238520000   -58672.74080
 4245359000   -59635.04083
 4252174000   -61871.70709
 4258990000   -64101.12227
 4265804000   -64357.07536
 4272621000   -66583.25374
 4279434000   -69858.49131
 4286248000   -69126.47781
 4293067000   -70342.17479
 4299882000   -71606.92626
 4306712000   -71706.80653
 4313532000   -73923.29924
 4320363000   -74019.97512
 4327175000   -75334.56678
 4333995000   -77563.11468
 4340811000   -80840.70411
 4347637000   -82009.75325
 4354460000   -83216.59152
 4361286000   -84393.68865
 4368109000   -84608.57137
 4374913000   -87041.28209
 4381725000   -87387.97263
 4388543000   -89671.16072
 4395359000   -90980.86671
 4402172000   -93328.33767
 4408994000   -94578.56785
 4415815000   -96844.06765
 4422634000   -99136.08416
 4429460000  -101353.37940
 4436280000  -102642.18561
 4443091000  -103036.23346
 4449905000  -104400.54901
 4456720000  -107757.62939
 4463538000  -108084.98570
 4470349000  -110495.07064
 4477169000  -113807.96544
 4483983000  -115192.33941
 4490826000  -117254.67798
 4497640000  -118647.09051
 4504452000  -121065.99736
 4511262000  -123511.39501
 4518084000  -123825.91132
 4524899000  -127223.12797
 4531720000  -129556.91992
 4538535000  -130962.16394
 4545350000  -133371.41988
 4552162000  -136818.40076
 4558983000  -139168.25628
 4565792000  -140656.96871
 4572606000  -143093.50648
 4579416000  -145578.99625
 4586227000  -148057.25733
 4593040000  -148517.05734
 4599862000  -150879.76496
 4606675000  -153347.58940
 4613492000  -154774.49391
 4620310000  -157194.18091
 4627120000  -158707.73293
 4633938000  -162135.44613
 4640757000  -164555.94476
 4647571000  -164036.60717
 4654391000  -167453.90728
 4661205000  -170942.59471
 4668019000  -172435.29288
 4674830000  -173965.68301
 4681645000  -177455.17442
 4688453000  -179027.25903
 4695274000  -182457.41830
 4702090000  -183947.72015
 4708909000  -185408.36271
 4715742000  -187715.89232
 4722550000  -190308.02887
 4729369000  -191780.72309
 4736194000  -195190.10329
 4743009000  -196715.71905
 4749828000  -199200.46434
 4756647000  -201689.22626
 4763455000  -202305.41842
 4770267000  -204880.73894
 4777079000  -206460.06785
 4783896000  -209987.31688
 4790697000  -211698.05323
 4804369000  -214346.40012
 4811178000  -215979.44158
 4817989000  -218594.05848
 4824809000  -220111.75551
 4831628000  -220644.68388
 4838442000  -221237.69359
 4845262000  -223767.43993
 4852082000  -224301.20408
 4858902000  -227838.98603
 4865717000  -229436.83872
 4872543000  -230915.39337
 4879360000  -233498.85756
 4886224000  -236559.52167
 4893032000  -237251.91612
 4899852000  -238813.82261
 4906663000  -241480.61033
 4913480000  -244084.16651
 4920290000  -244770.17807
 4927489000  -248101.34698
 4934297000  -247818.00876
 4941117000  -252404.22535
 4947927000  -253106.49458
 4954742000  -254756.75537
 4961562000  -257355.01655
 4968379000  -258990.90069
 4975198000  -261608.39685
 4982019000  -263207.50856
 4989212000  -265644.26378
 4996022000  -268374.82527
 5002841000  -272008.60413
 5009648000  -272780.77745
 5016462000  -275478.57032
 5023287000  -278057.20721
 5030105000  -279718.24249
 5036920000  -280416.88062
 5043736000  -284108.33547
 5050547000  -283859.77651
 5057365000  -286536.86654
 5064174000  -288318.71301
 5084623000  -292442.06466
 5091443000  -296116.84154
 5098257000  -296862.77922
 5105069000  -299635.10746
 5111887000  -301344.30816
 5118706000  -303046.33558
 5125525000  -304752.37964
 5132345000  -307451.25277
 5139152000  -309299.57426
 5145963000  -311107.15274
 5159980000  -316316.18372
 5166800000  -317035.35504
 5173624000  -320713.80821
 5180432000  -322575.21830
 5187277000  -325026.86808
 5194094000  -325795.66730
 5200909000  -329590.84407
 5207725000  -331378.85171
 5214537000  -333215.59426
 5221350000  -336045.16534
 5228167000  -337834.02888
 5234978000  -339693.97882
 5241794000  -342502.04547
 5248629000  -344101.75254
 5255440000  -344973.74117
 5262260000  -349749.15004
 5269072000  -350617.98265
 5275886000  -352468.47334
 5282695000  -355378.84761
 5289508000  -358248.53083
 5296319000  -360144.57039
 5303121000  -363145.17237
 5309960000  -363736.39911
 5316784000  -366499.24040
 5323599000  -369366.64350
 5330396000  -371439.12653
 5337214000  -372281.03331
 5344018000  -376283.32530
 5350833000  -378166.76077
 5357646000  -380076.54435
 5364454000  -382046.17502
 5371273000  -384896.97330
 5378098000  -386684.79025
 5384910000  -388621.78549
 5391721000  -390573.95425
 5398534000  -392507.80112
 5405352000  -395389.83768
 5412173000  -397242.39956
 5418986000  -398188.28277
 5425792000  -400216.31098
 5432607000  -403147.88597
 5439426000  -404038.82876
 5446238000  -407011.91126
 5453055000  -409933.20290
 5459868000  -410903.14585
 5466686000  -412821.30501
 5473496000  -415832.74430
 5480310000  -416803.55963
 5487121000  -418811.85643
 5493939000  -421746.06621
 5500754000  -424717.75864
 5507584000  -425526.13587
 5514396000  -428539.32461
 5521214000  -431489.59797
 5528029000  -432477.34691
 5534845000  -435457.95498
 5541663000  -436420.27175
 5548474000  -438464.66523
 5555286000  -440501.91490
 5562106000  -442453.96952
 5568923000  -446443.49147
 5575735000  -448492.77396
 5582557000  -451434.57819
 5589361000  -452581.06795
 5596180000  -455564.34437
 5602994000  -458607.37191
 5609803000  -460710.14175
 5616623000  -463694.31351
 5623434000  -467782.80927
 5630247000  -467853.02315
 5637064000  -470882.67077
 5643870000  -475038.90971
 5650680000  -477154.57887
 5657495000  -479218.54310
 5664304000  -481353.36887
 5671120000  -484414.21239
 5677940000  -487434.50732
 5684762000  -490436.54038
 5691596000  -492308.92266
 5698411000  -494396.97372
 5705225000  -496500.17477
 5712048000  -499507.14925
 5718861000  -503629.51397
 5725672000  -505778.16086
 5732487000  -508886.27211
 5739318000  -512820.23331
 5746121000  -514069.99223
 5752928000  -519279.21317
 5759739000  -521447.90318
 5766560000  -525509.27270
 5773378000  -527608.05775
 5780193000  -529744.25303
 5787006000  -531906.72224
 5793824000  -536017.54894
 5800641000  -539143.52092
 5807454000  -540318.02412
 5814290000  -544240.57799
 5821095000  -546512.13832
 5827915000  -548620.78676
 5834718000  -552922.60999
 5841542000  -556994.77886
 5848358000  -560159.97587
 5855170000  -562373.68645
 5861984000  -565569.15637
 5868800000  -568746.38915
 5875616000  -570927.63502
 5882448000  -574934.92984
 5889268000  -577079.72266
 5896076000  -580361.99226
 5902894000  -583537.05560
 5909707000  -586771.73642
 5916522000  -587988.18718
 5923339000  -587186.41140
 5930159000  -587355.29399
 5936973000  -586594.90267
 5943818000  -586493.88087
 5950639000  -586663.71121
 5957452000  -587926.49077
 5964259000  -589259.97405
 5971067000  -588586.34473
 5977872000  -589950.06264
 5984684000  -589239.98321
 5991555000  -589878.22530
 5998341000  -589465.12879
 6005154000  -588755.98178
 6011970000  -588017.50963
 6018785000  -589294.16156
 6025601000  -588563.71502
 6032416000  -588848.39137
 6046042000  -591474.21436
 6052852000  -591826.46432
 6059662000  -593182.72031
 6066483000  -592420.80686
 6073300000  -593707.33748
 6080114000  -595031.19943
 6086922000  -594425.70270
 6093735000  -595768.68712
 6100551000  -597082.36934
 6107369000  -597377.85800
 6114180000  -598755.08130
 6120994000  -598103.00535
 6134610000  -598944.09741
 6141420000  -600348.44818
 6148233000  -600723.50559
 6155042000  -602146.96941
 6161865000  -601419.05737
 6168682000  -602761.75487
 6175494000  -603163.95387
 6182309000  -603536.87069
 6189120000  -604958.18451
 6195944000  -605239.26170
 6202755000  -603668.59759
 6209573000  -606024.27917
 6216386000  -604439.44578
 6223199000  -606858.62194
 6230014000  -605259.62220
 6236830000  -605653.54224
 6244030000  -606792.32341
 6250851000  -607139.04105
 6257674000  -607467.59699
 6264490000  -607877.80257
 6271302000  -607336.37793
 6278111000  -607832.22741
 6284930000  -607221.20184
 6291722000  -604913.55280
 6298531000  -606421.41275
 6305342000  -603911.10509
 6312157000  -604360.46209
 6318972000  -603813.83101
 6325805000  -603071.69154
 6332614000  -604599.59813
 6339424000  -605120.42630
 6346234000  -605645.26050
 6353049000  -607118.69020
 6359862000  -606618.29485
 6366680000  -608066.50442
 6373490000  -607607.37218
 6380357000  -609520.70014
 6387151000  -609246.88008
 6393971000  -611689.00433
 6400788000  -612168.38034
 6407602000  -612685.00281
 6414410000  -613272.09686
 6421227000  -613763.50863
 6428046000  -614236.78342
 6434868000  -614680.84971
 6441693000  -614095.71282
 6448519000  -615503.52577
 6455327000  -616114.68250
 6462132000  -615763.06097
 6468945000  -615326.86282
 6475759000  -616883.60272
 6482568000  -617499.70797
 6489381000  -618075.53675
 6496187000  -618732.86330
 6503019000  -618106.39316
 6509843000  -620572.50349
 6516663000  -621086.90825
 6523488000  -619549.99389
 6530311000  -619039.23682
 6537127000  -617609.96454
 6543928000  -618350.68964
 6550741000  -617962.62982
 6557556000  -618556.45068
 6564373000  -619132.15575
 6571193000  -618678.68530
 6578010000  -620262.42069
 6584842000  -619684.23907
 6591654000  -619331.31933
 6598476000  -617871.79889
 6605293000  -618471.60022
 6612130000  -619854.22124
 6618946000  -619473.12203
 6625760000  -621118.15302
 6632569000  -619822.48456
 6639383000  -620475.53410
 6646195000  -620154.70794
 6653008000  -619826.83398
 6659811000  -617613.52567
 6666651000  -616995.17943
 6673470000  -616613.01759
 6680285000  -616279.08775
 6687103000  -614916.01007
 6693923000  -614534.84251
 6700747000  -614113.48448
 6707564000  -612773.50935
 6714389000  -613349.14134
 6721206000  -611017.19948
 6728026000  -610656.12274
 6734837000  -610398.50597
 6748449000  -611005.77357
 6755264000  -609715.98309
 6762085000  -611363.92388
 6768901000  -611071.11458
 6775718000  -608771.27279
 6782527000  -609563.80534
 6789340000  -610316.16506
 6796150000  -609105.66585
 6802968000  -606810.82673
 6809783000  -607553.13102
 6823415000  -605027.69241
 6830229000  -603793.07453
 6837034000  -602661.83009
 6843847000  -601446.26811
 6850665000  -599179.52008
 6857483000  -599916.78750
 6864303000  -598635.99449
 6871128000  -598304.03250
 6877941000  -598108.53542
 6884757000  -597883.93936
 6891576000  -597630.24964
 6898386000  -596479.89155
 6905199000  -596300.43626
 6912012000  -597124.99053
 6918822000  -595986.65408
 6925640000  -595764.06249
 6932456000  -594567.55046
 6939267000  -594430.20888
 6946087000  -593197.59659
 6952900000  -593046.21414
 6959711000  -593920.90067
 6966515000  -591876.79821
 6973328000  -592737.43799
 6980141000  -591602.08734
 6986947000  -590547.93770
 6993763000  -591387.52177
 7000572000  -590308.30215
 7007376000  -589288.21532
 7014188000  -588183.92748
 7021029000  -588763.94021
 7027839000  -588689.73385
 7034649000  -588619.53353
 7041467000  -588465.15812
 7048284000  -587325.82020
 7055097000  -587234.58242
 7061912000  -588125.31246
 7068728000  -588009.03412
 7075550000  -587830.65071
 7082364000  -587744.44032
 7089176000  -586684.27771
 7095991000  -587595.06970
 7102803000  -584542.92564
 7109619000  -587450.72295
 7116427000  -585450.66268
 7123238000  -586421.55937
 7130058000  -586297.32836
 7136877000  -586188.12956
 7143688000  -585171.05788
 7150502000  -586124.95374
 7157311000  -586137.92352
 7164119000  -587165.91021
 7177777000  -586771.43815
 7184592000  -587734.38863
 7191398000  -587800.43824
 7198208000  -588826.45278
 7205021000  -588823.44781
 7211836000  -588802.43655
 7218646000  -589840.47390
 7225454000  -589904.53078
 7232273000  -590851.52358
 7239086000  -588868.56644
 7245905000  -590823.58897
 7252718000  -590848.65450
 7259529000  -589899.73719
 7266341000  -589943.82388
 7279964000  -589055.02447
 7286787000  -588990.11979
 7293598000  -589061.24678
 7300417000  -590048.37880
 7307233000  -592072.52650
 7314042000  -590177.68097
 7320855000  -593242.84627
 7327676000  -594224.03779
 7334485000  -594341.21624
 7341299000  -595407.41585
 7348111000  -594499.61851
 7354928000  -595540.85174
 7361738000  -595663.06406
 7368559000  -597668.34417
 7375419000  -596248.88523
 7382244000  -598218.25348
 7389058000  -597312.56419
 7395897000  -599136.08500
 7402717000  -599172.48329
 7409540000  -599179.92686
 7416356000  -600268.32357
 7423177000  -600305.78504
 7429958000  -599786.82874
 7436791000  -602700.44270
 7443619000  -603673.02931
 7450446000  -603660.63047
 7457274000  -604641.27098
 7464047000  -604230.17619
 7470876000  -605207.85318
 7477664000  -605639.94196
 7484463000  -604955.18281
 7491285000  -607021.78968
 7498106000  -608103.39992
 7504926000  -609200.01174
 7511740000  -609366.53349
 7518558000  -611493.14026
 7525376000  -611623.76248
 7532199000  -611703.49890
 7545816000  -613193.42890
 7552638000  -615296.19075
 7559505000  -615908.96752
 7566329000  -615997.84161
 7573155000  -617068.78480
 7579988000  -617066.92000
 7586804000  -619255.67242
 7600430000  -622711.06269
 7607251000  -622856.98203
 7614073000  -624995.94717
 7620890000  -624193.79543
 7627709000  -626373.71396
 7634522000  -626623.47760
 7641306000  -628195.40472
 7654889000  -632186.64069
 7661710000  -633364.64770
 7668530000  -631557.64217
 7675361000  -635634.00772
 7682192000  -636714.40406
 7688973000  -638347.16649
 7695731000  -638236.12177
 7702526000  -637723.29717
 7709349000  -639907.44239
 7716177000  -640040.78715
 7723010000  -640123.34032
 7729835000  -641297.63205
 7736665000  -643421.13454
 7743498000  -644515.78063
 7750324000  -645691.18973
 7757149000  -645881.58453
 7763971000  -645108.88372
 7770721000  -647129.29745
 7777493000  -647912.54754
 7784321000  -649086.08450
 7791153000  -650219.81717
 7797981000  -650401.41097
 7804800000  -650685.64234
 7811621000  -649951.97811
 7818452000  -651112.77762
 7825272000  -652398.11219
 7832102000  -651577.92112
 7845688000  -653760.16222
 7852432000  -653893.93861
 7859235000  -655385.47554
 7866027000  -655001.47583
 7872811000  -656709.06764
 7879590000  -657475.38616
 7886360000  -658344.22124
 7893167000  -658811.89978
 7899963000  -658404.01414
 7906741000  -660197.18023
 7913525000  -658928.63092
 7920300000  -660762.57764
 7927098000  -662348.72811
 7933887000  -663037.38048
 7940658000  -663927.02362
 7947450000  -663590.79502
 7954251000  -666160.05716
 7961001000  -665291.41838
 7967778000  -666131.26444
 7974549000  -667040.73005
 7981334000  -668800.97558
 7988125000  -666499.55258
 7994924000  -667114.59104
 8001722000  -668744.56230
 8008532000  -667247.25623
 8015337000  -667808.64878
 8022138000  -668417.79320
 8028932000  -667107.49447
 8035733000  -668724.62568
 8042503000  -668684.77359
 8049293000  -667430.16891
 8056059000  -667441.98674
 8062836000  -669337.48044
 8069640000  -669941.72811
 8076417000  -669845.17223
 8083199000  -669697.92037
 8089978000  -669587.43789
 8096768000  -671360.67873
 8103558000  -670137.90212
 8110312000  -671312.59925
 8117085000  -673283.57195
 8123867000  -674160.14500
 8130688000  -674614.47759
 8137473000  -674466.23591
 8144285000  -676026.93167
 8151052000  -675083.34144
 8157879000  -674488.13442
 8164693000  -675038.98646
 8171514000  -675517.37405
 8178330000  -677054.40282
 8185146000  -675595.44469
 8191962000  -675140.49965
 8198778000  -674689.56771
 8205593000  -673253.57095
 8212376000  -674171.07395
 8219145000  -672245.44404
 8225965000  -672766.83551
 8232787000  -672270.40532
 8239546000  -669465.90154
 8246303000  -669687.18115
 8253063000  -668879.65073
 8259810000  -669217.99392
 8266630000  -668763.34202
 8273454000  -669269.04305
 8280275000  -666811.51349
 8287101000  -666303.42771
 8293925000  -666821.19572
 8300731000  -666539.43579
 8307487000  -664807.34112
 8314292000  -665544.46715
 8321109000  -664154.64808
 8327930000  -664725.19723
 8334713000  -663714.38060
 8341478000  -661903.92448
 8348241000  -662119.24115
 8355066000  -661662.14001
 8361902000  -661089.06818
 8368729000  -661618.20495
 8375556000  -661151.36777
 8382375000  -660775.81115
 8389207000  -659262.49028
 8396039000  -658753.20136
 8402919000  -658724.50253
 8409732000  -657430.49037
 8416559000  -655987.83375
 8423378000  -654636.42934
 8430178000  -654496.19250
 8436931000  -652872.34851
 8443784000  -653162.29264
 8450597000  -651892.33022
 8457395000  -652789.88233
 8464193000  -650691.42636
 8470967000  -651858.54212
 8477735000  -650095.01311
 8484490000  -650477.11475
 8491277000  -649514.44099
 8498084000  -649337.80991
 8504862000  -647481.17199
 8511655000  -647465.06788
 8518460000  -646322.20914
 8525270000  -647128.87821
 8532084000  -645895.97781
 8538897000  -646677.98143
 8545692000  -646660.06329
 8552482000  -645700.59413
 8559274000  -645723.32446
 8566079000  -646608.45740
 8572886000  -645475.80979
 8579647000  -647848.09405
 8586454000  -646723.42441
 8593255000  -645668.08884
 8600055000  -645627.63673
 8606861000  -645525.85438
 8613671000  -645384.52603
 8620483000  -645225.43123
 8627304000  -644972.37393
 8634114000  -645843.07134
 8640923000  -645728.65926
 8647723000  -644716.20705
 8654498000  -644979.83172
 8661304000  -642910.05707
 8668100000  -643953.10506
 8674914000  -642804.27486
 8681721000  -643735.62208
 8688523000  -641725.37364
 8695341000  -643545.04538
 8702145000  -642521.04121
 8708945000  -641544.55043
 8715769000  -640310.98161
 8722584000  -641179.33212
 8729385000  -640203.97025
 8736193000  -640156.47009
 8743023000  -639873.70912
 8749842000  -638714.60350
 8756676000  -638396.39732
 8763492000  -637277.95547
 8770305000  -637196.14661
 8777125000  -637042.23834
 8783940000  -636946.70850
 8790760000  -636800.83290
 8797569000  -636778.55551
 8804383000  -635705.93120
 8811199000  -635615.57808
 8817980000  -634909.65944
 8824800000  -633783.83754
 8831613000  -632738.10948
 8838434000  -631609.45166
 8845252000  -631517.41331
 8852002000  -633168.29483
 8858793000  -632377.62007
 8865581000  -632623.52423
 8872356000  -632014.64691
 8879155000  -630149.00094
 8885979000  -630015.76532
 8892792000  -631006.04214
 8899599000  -630065.50132
 8906406000  -628128.96302
 8913232000  -627990.06905
 8920039000  -627061.54692
 8926856000  -626028.42952
 8933671000  -624021.04477
 8940540000  -624431.30760
 8947355000  -622431.97848
 8954139000  -620773.24131
 8960931000  -621031.62497
 8967751000  -619990.01859
 8974539000  -619299.81108
 8981315000  -617743.84465
 8988131000  -616757.66487
 8994975000  -617471.58910
 9001795000  -615450.03878
 9008615000  -615432.50626
 9015415000  -614636.03411
 9022213000  -613865.25932
 9029020000  -613000.81788
 9035837000  -613031.87529
 9042650000  -614110.34608
 9049471000  -613106.03295
 9056280000  -611235.92197
 9063104000  -611207.09571
 9070314000  -609995.19437
 9077130000  -609061.41507
 9083950000  -607088.26403
 9090771000  -607108.28518
 9097586000  -606197.39550
 9104395000  -606355.58439
 9111212000  -605431.02731
 9118019000  -603618.91716
 9124792000  -604179.46060
 9131590000  -603472.91430
 9138381000  -604846.25048
 9145526000  -602385.89008
 9152333000  -603593.95651
 9159165000  -603535.03264
 9166001000  -602436.78424
 9172840000  -602310.05694
 9179679000  -600187.36987
 9186519000  -602057.88567
 9193362000  -600899.93261
 9200203000  -600767.69683
 9207037000  -600715.35268
 9213879000  -599580.36297
 9227933000  -601314.01365
 9234828000  -598617.21551
 9241696000  -600217.00372
 9248532000  -598167.49019
 9255369000  -600111.18193
 9262208000  -599037.24993
 9269015000  -597313.92521
 9275801000  -598822.02535
 9282632000  -597846.79617
 9289452000  -597994.71080
 9296273000  -599135.81536
 9303091000  -598313.42075
 9309915000  -598430.08146
 9316735000  -597594.06909
 9323560000  -597707.94697
 9330393000  -596739.24919
 9337224000  -595796.23321
 9344040000  -595019.60413
 9350860000  -596203.69553
 9357672000  -595478.38526
 9364489000  -593702.97349
 9371310000  -593888.29046
 9378126000  -594131.73039
 9384946000  -592335.90260
 9391769000  -591511.63375
 9398578000  -592842.85267
 9405402000  -591015.79982
 9412220000  -592257.67661
 9419032000  -591568.47243
 9425854000  -592775.10989
 9432669000  -592061.48011
 9439488000  -591308.60027
 9446303000  -592602.99669
 9453126000  -591814.89048
 9459948000  -592041.61934
 9466773000  -590239.92895
 9473605000  -590366.57441
 9480434000  -590529.68772
 9487249000  -588848.18862
 9494068000  -589127.45832
 9500889000  -589389.12427
 9507713000  -588622.38039
 9514557000  -589643.47878
 9521383000  -588863.17489
 9528211000  -587065.28022
 9535036000  -589303.83452
 9541875000  -587395.11938
 9548699000  -586652.53541
 9555521000  -585935.58490
 9562347000  -587179.43502
 9569173000  -586427.31002
 9575990000  -584776.44325
 9582808000  -586118.78765
 9589612000  -585616.38288
 9596436000  -584901.93829
 9603268000  -585105.10544
 9610076000  -583571.52278
 9616867000  -583225.54675
 9623696000  -582473.17017
 9630529000  -583681.62603
 9637359000  -582926.51024
 9644181000  -583261.80657
 9651006000  -583568.73139
 9657853000  -584642.15394
 9664670000  -584043.50750
 9671460000  -583740.35267
 9678256000  -584376.41116
 9685074000  -583778.98499
 9692281000  -583986.83400
 9699086000  -585537.97777
 9705902000  -583974.40437
 9712725000  -585339.30081
 9719562000  -585557.14033
 9726394000  -584832.97129
 9733208000  -585307.05644
 9740027000  -585731.20465
 9746878000  -585814.12324
 9753706000  -586149.22838
 9760530000  -585531.51181
 9767353000  -584928.60493
 9774178000  -584308.14624
 9781000000  -585724.06923
 9787806000  -585316.57892
 9794595000  -586096.43189
 9801340000  -586354.77268
 9808087000  -586595.47608
 9814862000  -586538.18571
 9821678000  -586042.77845
 9828480000  -585702.33081
 9835287000  -586311.97326
 9842105000  -585807.03032
 9848918000  -587360.00347
 9855738000  -586841.52940
 9862556000  -586348.63105
 9869364000  -587967.53178
 9876189000  -587407.21402
 9883000000  -589001.80056
 9889815000  -589557.28792
 9896649000  -588912.04306
 9903467000  -588443.23919
 9910226000  -587614.16581
 9917038000  -587218.00357
 9923851000  -586815.07606
 9930649000  -586577.75415
 9937436000  -585462.92148
 9944234000  -587233.57697
 9951053000  -586782.02692
 9957882000  -586226.78633
 9964699000  -583804.81570
 9971516000  -581386.85934
 9978301000  -581317.52371
 9985113000  -579961.41888
 9991942000  -578426.27025
 9998763000  -578981.28753
10005582000  -577561.85698
10012391000  -576254.10315
10019217000  -576767.34204
10026028000  -575446.07827
10032853000  -573978.12232
10039672000  -574578.77199
10046505000  -573032.75541
10053313000  -571759.83380
10060135000  -570340.24947
10066957000  -569924.68531
10073739000  -567943.56961
10087374000  -565229.33076
10094180000  -565001.96147
10101001000  -563617.21819
10107820000  -562258.00942
10114626000  -561042.66059
10121375000  -559444.43882
10128114000  -557957.71175
10135246000  -555248.03031
10141993000  -555683.33939
10148789000  -553595.62354
10155611000  -552232.30268
10162421000  -551002.03856
10169239000  -549689.76080
10176060000  -548349.24289
10182886000  -545958.98755
10189698000  -544723.26678
10196521000  -543373.30326
10203346000  -542005.86206
10210169000  -540663.94241
10216989000  -538358.28911
10223816000  -538981.41940
10230635000  -538694.55300
10237463000  -541314.98412
10244284000  -540014.66433
10251112000  -541643.14581
10257943000  -540243.42014
10264778000  -540804.74842
10271602000  -540488.29199
10278427000  -541165.11506
10285255000  -540813.73451
10292074000  -540563.05784
10298896000  -542284.17402
10305698000  -543224.12380
10312522000  -544931.78836
10319325000  -542869.00483
10326142000  -542659.87440
10332983000  -540197.03866
10339784000  -539167.75455
10346609000  -537884.77455
10353430000  -537648.76445
10360252000  -535406.03738
10367082000  -534081.44751
10373903000  -532857.50027
10380724000  -532637.57201
10387546000  -529410.92914
10394327000  -529628.36003
10401152000  -528377.53604
10407976000  -525141.46760
10414805000  -524855.76545
10421623000  -523692.12895
10435159000  -520449.85079
10441953000  -517555.69538
10448796000  -515139.83986
10455618000  -512953.31144
10462445000  -510717.16751
10469270000  -508506.50274
10476088000  -507374.94334
10482915000  -505150.87111
10489738000  -502973.72405
10496610000  -501275.11336
10503765000  -500545.81024
10510587000  -499391.67474
10517404000  -496295.17132
10524221000  -496202.68218
10537898000  -491568.76022
10544718000  -492456.17915
10551534000  -491390.49364
10558357000  -491253.78928
10565194000  -489971.05068
10572019000  -490820.96194
10578844000  -489674.89689
10585673000  -489489.98960
10592494000  -488394.83792
10599324000  -488207.26744
10606155000  -488013.01185
10612983000  -489854.92942
10619807000  -486743.72839
10626637000  -489572.27219
10633464000  -488436.98266
10640295000  -489262.87212
10647130000  -489049.94764
10653954000  -489958.87514
10660783000  -487818.27517
10667633000  -489456.80603
10674466000  -488281.44002
10681303000  -489067.27424
10688141000  -487846.43868
10694979000  -487629.64217
10701810000  -488491.82990
10708645000  -488315.22494
10715474000  -487206.88714
10722285000  -489295.26210
10729120000  -488130.74594
10735944000  -487088.00385
10742780000  -485920.84928
10749618000  -485736.32674
10756441000  -485716.36928
10763273000  -486604.12285
10770105000  -485495.90838
10776952000  -486231.22640
10783789000  -487077.58783
10790619000  -487002.87861
10797462000  -487793.12248
10804280000  -487854.85138
10811111000  -488781.53453
10817948000  -487648.06993
10824790000  -488465.16404
10831629000  -490318.38763
10845291000  -490208.06048
10852123000  -491148.24960
10858922000  -492445.33581
10865761000  -492318.72332
10872584000  -491367.21831
10879417000  -492312.82351
10886243000  -493337.29551
10893066000  -493397.86220
10899894000  -493409.00350
10906719000  -494456.23832
10913541000  -494539.56133
10920369000  -494562.77905
10927195000  -495611.39798
10934019000  -494685.41459
10940846000  -494731.39630
10947667000  -494845.51538
10954498000  -493856.80717
10961316000  -493011.02223
10968138000  -492126.51894
10974964000  -490203.30438
10981800000  -489177.29201
10988643000  -489080.54457
10995472000  -488137.37731
11002298000  -486230.27997
11009119000  -486380.60705
11015936000  -485577.67041
11022749000  -483821.46297
11029573000  -481951.80552
11036394000  -480118.20326
11043218000  -478256.58908
11050048000  -476334.93919
11056878000  -474417.31890
11063708000  -473503.72820
11070531000  -471668.88935
11077352000  -469859.41986
11084177000  -467011.27566
11090992000  -465273.88353
11097828000  -464316.38611
11104665000  -462352.25373
11111488000  -461541.55413
11118314000  -460702.86445
11125144000  -459825.52010
11131977000  -458920.19746
11138804000  -458082.92021
11145631000  -457249.66901
11152454000  -457463.11399
11159289000  -457552.57705
11166113000  -455763.40544
11172891000  -454468.88135
11179666000  -453210.32127
11186479000  -453550.47170
11193251000  -453331.85580
11199982000  -450554.40160
11206791000  -449949.15968
11213524000  -448158.25358
11220274000  -446190.01505
11227037000  -443087.11815
11233832000  -442647.03618
11241011000  -442117.54293
11247773000  -441037.41983
11254586000  -440417.65239
11261410000  -439684.65523
11268232000  -439976.99565
11275050000  -438315.98398
11281867000  -437669.64412
11288684000  -437027.31853
11295493000  -436474.24859
11302318000  -435754.71018
11309136000  -435113.77342
11315963000  -434380.97148
11322777000  -432790.68219
11329600000  -432108.53361
11336408000  -432590.18093
11343238000  -431841.50886
11350047000  -431320.52602
11356869000  -430665.09972
11363680000  -429130.83569
11370878000  -427479.54084
11377701000  -425825.74206
11384539000  -425016.25241
11391374000  -422242.74248
11398190000  -422675.54775
11404997000  -422208.17754
11411800000  -418787.39033
11418629000  -416093.84297
11425461000  -415372.39220
11432276000  -413835.91044
11439098000  -413228.94123
11445927000  -412551.49693
11452713000  -411335.66941
11459511000  -408996.12767
11466332000  -407415.84831
11473154000  -406828.94810
11479968000  -405331.18195
11486787000  -403784.23331
11493629000  -402996.62596
11500459000  -402340.71199
11507290000  -399678.19073
11514116000  -399072.88170
11520942000  -398471.59754
11527775000  -395799.89252
11534610000  -395110.95160
11541446000  -392415.41225
11548324000  -390277.30956
11555142000  -388781.25775
11561979000  -389087.21047
11568814000  -387418.46419
11575650000  -386743.12243
11582471000  -384231.27309
11596101000  -382347.18182
11602926000  -380804.86790
11609766000  -379107.15731
11616594000  -376541.01734
11623434000  -373851.38247
11630258000  -372335.80908
11637082000  -370824.25821
11643910000  -369274.22956
11650740000  -368706.97918
11657947000  -367138.55595
11664772000  -366632.70357
11671599000  -364109.62951
11678425000  -363601.20361
11685253000  -364075.55959
11692085000  -362511.45915
11698909000  -361036.35326
11705727000  -360628.98831
11712938000  -357052.32086
11719763000  -357578.88860
11726589000  -355098.86212
11733411000  -354665.32990
11740247000  -355087.18328
11747067000  -352682.93196
11753881000  -350346.39191
11760705000  -348907.71274
11767514000  -348632.27205
11774340000  -347180.40146
11781170000  -346690.10288
11787994000  -343267.50967
11794812000  -343912.61122
11801643000  -341423.77937
11808477000  -340907.14572
11815300000  -338511.25936
11822137000  -336970.85882
11828934000  -333858.85979
11835751000  -330538.68141
11842565000  -329254.34105
11849395000  -325804.29423
11856219000  -322421.91741
11863037000  -320107.20000
11869854000  -318807.10360
11876674000  -317479.20657
11883499000  -316102.30545
11890318000  -313793.05077
11897132000  -311540.82874
11903937000  -311388.04096
11910756000  -309090.82499
11917576000  -306787.02420
11924397000  -305476.64039
11931220000  -302149.07504
11938042000  -299836.13071
11944864000  -298527.20655
11951678000  -295307.09046
11958493000  -293080.38722
11965311000  -289825.90396
11972116000  -285713.19357
11978918000  -285636.27174
11985733000  -284425.60441
11992551000  -281187.16412
11999373000  -279910.36180
12006193000  -278658.76720
12013013000  -277411.19042
12019815000  -276358.29831
12026639000  -274076.37848
12033452000  -271914.98686
12040653000  -272648.36628
12047470000  -271452.86127
12054293000  -270197.83278
12061114000  -267968.00371
12067936000  -266731.60518
12074757000  -265509.81467
12081574000  -264334.39223
12088394000  -262131.22403
12095218000  -259889.72926
12102034000  -256736.94104
12108851000  -253577.58100
12115682000  -251274.05470
12122500000  -248112.14772
12129319000  -244943.67304
12136145000  -242705.13711
12142967000  -240512.95393
12149789000  -238324.79091
12156609000  -237161.80963
12163429000  -235002.84616
12170253000  -233805.58206
12177068000  -232707.55167
12183896000  -228476.01359
12190720000  -228290.81412
12197548000  -227067.32816
12204369000  -225921.90608
12211570000  -223761.60150
12218385000  -221687.89400
12225190000  -219723.94705
12232005000  -218658.25750
12238823000  -217564.85881
12245650000  -215380.31771
12252464000  -213337.24526
12259293000  -211139.60478
12266112000  -208051.70600
12272930000  -205978.39459
12286571000  -202790.97033
12293388000  -200740.27719
12300260000  -199112.33737
12307075000  -198090.84075
12314285000  -195899.31818
12321112000  -193759.27900
12334791000  -190227.14389
12341608000  -187204.84571
12348441000  -186017.53432
12355264000  -183939.89234
12362086000  -182876.83474
12368919000  -180701.61037
12375741000  -179646.59959
12382562000  -177606.17025
12389386000  -175538.07785
12396218000  -175389.52725
12403043000  -173318.92511
12409911000  -170798.31359
12416740000  -168693.55094
12423561000  -166677.27853
12430406000  -166411.65380
12437233000  -164340.09423
12444059000  -162283.11667
12450884000  -159240.71936
12457705000  -158244.56487
12464534000  -156167.99586
12471358000  -155148.22326
12478180000  -152153.57920
12485002000  -151162.95531
12491850000  -149902.00399
12498665000  -148993.29444
12505490000  -145983.09029
12512311000  -145019.11009
12519133000  -144048.59940
12526006000  -140544.11596
12532823000  -140634.41710
12539639000  -137739.28023
12546470000  -136689.94978
12553297000  -135686.83619
12560129000  -134635.01901
12566962000  -131576.68844
12573783000  -129648.92804
12580623000  -129524.84755
12587443000  -128615.67988
12594273000  -125605.10020
12601106000  -123566.92295
12607942000  -124501.15343
12614768000  -120544.83271
12621599000  -119539.83376
12628409000  -118760.20627
12635239000  -116773.79593
12642068000  -115801.95405
12648897000  -113834.14058
12655719000  -110944.11926
12662539000  -110079.19227
12669360000  -108207.74659
12676187000  -107277.10446
12683024000  -105245.13524
12689851000  -103322.55113
12696673000  -102456.66377
12703497000  -100573.72948
12710373000   -99147.10404
12717200000   -97240.64836
12724031000   -96296.09164
12730863000   -93345.03453
12737693000   -93419.07055
12744553000   -91181.23614
12751392000   -88168.58438
12758205000   -85433.72216
12765023000   -85650.22835
12771850000   -83776.00121
12778673000   -81947.90833
12785496000   -80123.83681
12792328000   -77209.05376
12799159000   -77308.82796
12805994000   -75370.53416
12812837000   -72352.08306
12819670000   -71442.91201
12826493000   -69643.00333
12833325000   -68752.41500
12840154000   -65897.42385
12846980000   -65078.02459
12853806000   -63262.65020
12860636000   -61409.22081
12867467000   -60549.30163
12874300000   -58672.37564
12881136000   -57767.92820
12887959000   -56004.24639
12894797000   -54086.83059
12901626000   -53268.10172
12908450000   -53505.98048
12915284000   -51642.72923
12922109000   -50878.14427
12928933000   -49128.09709
12935748000   -48476.69378
12942580000   -47650.58319
12949405000   -46902.09068
12956234000   -45115.57501
12963072000   -45238.48765
12969909000   -44375.94986
12976748000   -43496.43005
12983590000   -42589.42241
12990409000   -40928.16006
12997264000   -39892.62015
13004090000   -40165.85921
13010918000   -39422.10916
13017740000   -37745.42476
13024568000   -38009.72566
13031398000   -37257.04335
13045008000   -36288.96976
13051822000   -34716.40207
13058644000   -36063.82217
13065456000   -35520.28523
13072271000   -31949.25161
13079057000   -31686.76193
13085883000   -34008.22940
13092709000   -35333.72175
13099524000   -36778.73169
13106339000   -35227.75355
13113158000   -32638.79469
13119984000   -33980.36947
13126790000   -31535.90875
13133586000   -32200.41331
13140412000   -30554.03326
13147241000   -29880.19243
13154078000   -27126.42303
13160905000   -26481.63184
13167724000   -24924.81427
13174544000   -24361.52048
13188187000   -20215.51129
13195021000   -19517.39745
13201854000   -18833.80844
13208682000   -17206.70210
13215510000   -15583.62300
13222346000   -13880.66132
13229175000   -13255.15328
13236004000   -11633.67366
13242828000   -10068.65726
13249647000    -8560.09523
13256519000    -7499.80358
13263332000    -6062.21715
13270157000    -6502.82511
13276989000    -4874.06871
13283821000    -3249.34427
13290645000    -2712.51442
13297465000     -221.63605
13304268000       87.03646
13311027000     1930.54428
13317829000     3220.76656
13324653000     5737.54981
13338319000     5947.66555
13345140000     7420.93626
13351944000     9712.06994
13358742000     9936.34296
13365570000    11470.91478
13372370000    12708.13787
13379131000    13532.83454
13385884000    16269.78582
13392661000    16254.17425
13399488000    17758.26678
13406277000    17860.36541
13413105000    19366.90048
13419924000    20775.16336
13426743000    22179.40961
13433496000    24888.58719
13440283000    24949.80224
13447106000    26383.93357
13453925000    27772.16867
13460749000    29208.72781
13467565000    30557.52407
13474380000    33891.84027
13481188000    34148.87997
13487980000    35234.46349
13494809000    37703.27429
13501614000    38916.90619
13508435000    40293.96218
13515259000    41698.38947
13522079000    44056.94289
13528903000    46453.32749
13535721000    47782.91962
13542544000    48160.80163
13549361000    50471.89943
13556194000    51946.34120
13563022000    53364.45332
13569835000    54621.65755
13576648000    55874.85221
13583459000    57103.12224
13590273000    58358.75589
13597080000    59537.18430
13603907000    61920.72558
13617517000    63215.72797
13624337000    64514.03899
13631160000    65839.69245
13637986000    68192.68303
13644813000    68552.10097
13651615000    69646.20170
13658424000    71809.46321
13665253000    73177.72926
13672053000    76238.92036
13678862000    75390.16083
13685678000    75610.53737
13692505000    77941.83008
13699333000    80279.54425
13706153000    81529.65570
13712966000    81702.62491
13719791000    83996.93366
13726614000    85266.32837
13733421000    85364.58845
13740233000    85511.06599
13747054000    87747.52577
13753878000    89011.29501
13760677000    91009.98609
13767465000    93889.82604
13774257000    93807.45001
13781074000    94982.10073
13787897000    96215.37641
13794724000    97486.38790
13801528000    98513.28330
13808348000    99703.18947
13815169000   102899.51535
13821987000   103060.51145
13828810000   104269.67381
13835606000   107193.04950
13842416000   108258.52794
13849231000   110372.17322
13856050000   111523.54253
13862869000   112670.89522
13869687000   113803.79846
13876475000   115619.71959
13883302000   118838.49430
13890098000   118729.88055
13896909000   122773.73410
13903709000   122698.85187
13910539000   122932.85382
13917349000   124954.25233
13924197000   127367.91271
13931013000   129443.84187
13937832000   131547.03871
13944650000   132635.79258
13951470000   134741.38249
13958280000   135738.70303
13965097000   136804.98950
13971916000   138888.10966
13978728000   140894.24946
13985548000   142979.76328
13992361000   146988.30381
13999179000   149044.94289
14006004000   150170.51376
14012799000   151979.44755
14019634000   155201.18727
14026449000   154210.50615
14033270000   157278.32518
14040083000   157258.78050
14046831000   160558.08845
14053651000   162603.48132
14060438000   164301.11747
14067250000   165255.16822
14074074000   168330.19244
14080900000   169422.02327
14087668000   170905.81851
14094478000   172823.01952
14101296000   174819.51691
14108110000   176770.34999
14114930000   176779.64209
14121755000   180836.97155
14128587000   181963.15043
14135397000   183856.28051
14142133000   185975.11843
14148875000   188152.48905
14155710000   190293.88715
14162525000   193223.09949
14169316000   193898.53368
14176523000   195899.01435
14183351000   197951.24859
14190165000   198853.78383
14196988000   200845.94916
14203814000   202865.30499
14210638000   204859.82922
14217466000   205891.94200
14224283000   208805.60358
14231103000   210746.45565
14237913000   213579.27990
14244743000   215616.10636
14251566000   216576.10447
14258396000   221604.87586
14265225000   223619.21902
14272051000   225598.33959
14278864000   228438.26825
14285689000   230398.94985
14292503000   234241.24860
14299313000   237037.95382
14306132000   237924.20900
14312947000   239764.86945
14319769000   243674.27551
14326612000   244797.92155
14333435000   248709.66765
14340248000   251513.47079
14347068000   254386.00537
14353900000   256379.21395
14360720000   258243.70584
14367519000   259885.99402
14374329000   263638.57050
14381141000   268407.91820
14387971000   269360.24223
14394786000   273152.72491
14401606000   273993.12999
14408434000   275912.60743
14415264000   278848.82899
14422073000   280562.93400
14428895000   282408.03272
14435709000   284166.03995
14442528000   285971.95307
14449346000   287763.46683
14456162000   288530.20083
14462976000   290272.15862
14469795000   292062.01051
14476616000   294868.60654
14483441000   295712.70276
14490264000   298532.01687
14497085000   300326.55240
14503898000   302034.04475
14510676000   305374.31718
14517490000   306084.18785
14524292000   307665.53261
14531118000   309491.89694
14537944000   311314.23640
14544755000   313976.93354
14551585000   315832.72770
14558410000   317632.62568
14565232000   319397.38178
14572066000   322282.58336
14578886000   323018.54895
14592512000   327333.24153
14599320000   328932.72456
14606128000   330528.20391
14612941000   332171.52260
14619764000   333914.51190
14626583000   335612.01015
14633792000   337348.55230
14640621000   339141.44972
14647379000   341194.35910
14654164000   342523.17965
14660952000   343879.11690
14667730000   345127.43523
14674507000   348361.42179
14681325000   350016.31178
14688134000   350573.92733
14694912000   354806.33077
14701688000   355014.04385
14708510000   355694.36703
14715328000   356329.23100
14722149000   358991.15703
14728922000   360151.85197
14735710000   362463.95431
14742491000   364699.57456
14749297000   365190.14353
14756109000   366738.84860
14762930000   369376.74615
14769744000   372938.13927
14776551000   373423.04034
14783369000   375017.83164
14790160000   376329.06848
14796966000   378791.61226
14803775000   379281.21108
14810525000   380156.06441
14817276000   383037.33294
14824025000   384893.96381
14830754000   386539.66428
14837499000   389347.04079
14844241000   390119.44149
14850985000   393908.61186
14857795000   394376.78570
14864588000   398665.05675
14871358000   399711.37724
14878161000   401095.14664
14884970000   403536.98888
14891777000   406954.13722
14898602000   407553.47382
14905420000   410076.38332
14912242000   411636.64838
14919061000   413161.86679
14925870000   415579.65282
14932690000   418107.18484
14939500000   418527.29508
14946303000   421871.02061
14953127000   423427.87200
14959927000   426732.57368
14966728000   429043.61914
14973505000   430102.57013
14980297000   433312.60692
14987091000   435539.33139
14993911000   438030.79680
15000711000   441311.54222
15007502000   443495.28264
15014294000   446685.37329
15021117000   449191.81287
15027918000   451466.91040
15034736000   451913.65940
15048289000   457937.63832
15055077000   460062.47747
15061893000   461472.57155
15068709000   464878.65254
15075468000   469691.98739
15082279000   472038.43542
15089099000   474473.82352
15095907000   477781.27118
15102724000   481177.65184
15109546000   482621.64676
15116364000   486020.32105
15123181000   488404.65535
15129989000   491692.05989
15136815000   493161.28112
15143655000   494770.99615
15150470000   497118.61546
15157288000   498493.18760
15164105000   501853.42329
15170922000   504209.64471
15177740000   505572.17167
15184534000   508683.02165
15191346000   509975.61998
15198168000   511367.39047
15204942000   515259.90241
15211735000   518344.47132
15218556000   521713.91039
15225382000   524130.90898
15232200000   526461.36179
15239021000   527818.74271
15245837000   530120.53498
15252646000   533346.12071
15259455000   534567.70159
15266270000   537847.15063
15273086000   540132.89933
15279905000   543445.56791
15286715000   544661.42623
15293524000   546862.96869
15300340000   547132.67089
15307154000   549377.74272
15313975000   551690.96015
15320790000   553938.31383
15327613000   555264.11057
15334435000   557575.57968
15341226000   560563.55209
15347981000   561176.55680
15354758000   563012.31954
15361532000   565813.20315
15368350000   567063.47057
15375173000   569361.23636
15381988000   571572.56341
15388808000   574831.38647
15395632000   577127.39570
15402431000   582161.87222
15409216000   582048.15812
15416005000   584971.66429
15422812000   587076.56477
15429645000   588445.21229
15436385000   589852.16179
15443140000   591409.64058
15449964000   593673.62288
15456811000   596170.38405
15463638000   598457.19312
15470465000   602739.97613
15477292000   604018.73307
15484111000   607211.11713
15490927000   610368.60627
15497754000   609635.29623
15504572000   609805.33587
15518109000   609114.61798
15524869000   608675.85942
15531670000   607655.01256
15538480000   608722.76815
15545307000   607961.41487
15552132000   608175.46056
15558955000   608364.90878
15565729000   609046.30691
15572466000   608343.16963
15579281000   610438.35233
15586034000   611891.88123
15592819000   613670.55774
15599643000   617846.30919
15606457000   618915.21028
15613236000   620620.22371
15620059000   623773.65841
15626887000   623974.47686
15633717000   626191.82894
15640542000   628353.75221
15647359000   630429.41777
15654180000   631542.18370
15660990000   634537.87184
15667806000   635591.21885
15674630000   637722.76794
15681444000   638747.53144
15688275000   639942.97139
15695093000   643000.80391
15701879000   643725.83567
15708689000   644693.46449
15715499000   647657.08729
15722271000   649226.33844
15729060000   648966.25546
15735877000   651989.79609
15742696000   653029.86448
15749478000   654685.91037
15756270000   656440.68155
15763096000   659540.62252
15769922000   661636.53862
15776747000   663718.16176
15783565000   665723.88879
15790393000   666828.26934
15797216000   669877.29111
15804041000   670942.82298
15810855000   672891.41473
15817681000   674959.17021
15824501000   676961.31712
15831324000   678990.23629
15838081000   680337.79104
15844886000   683173.98704
15851693000   684026.70609
15858503000   686906.20567
15865321000   689863.78260
15872132000   690745.52524
15878954000   693736.11238
15885763000   694589.31680
15892586000   696582.12933
15899408000   699560.66304
15906224000   699473.63524
15913038000   699362.08175
15919856000   698287.54036
15926683000   697301.27963
15933505000   697259.72017
15940279000   696721.95110
15947091000   695569.84599
15953907000   695454.74359
15960737000   693479.15863
15967483000   694638.41008
15974317000   694695.81952
15981132000   694554.43667
15987942000   694357.79275
15994719000   695818.91772
16001496000   693276.07538
16008277000   692770.25804
16015086000   692547.39837
16021919000   693566.45939
16028740000   692458.53159
16042348000   690882.28458
16049132000   690383.27171
16055948000   690208.09000
16062770000   690090.35541
16069589000   689937.87231
16076431000   689016.94293
16083271000   688071.48657
16090098000   688988.85573
16096920000   686850.99673
16104094000   687313.53188
16110898000   685983.11935
16117720000   686833.00303
16124507000   685320.53538
16131295000   683814.32615
16138110000   683580.53197
16144926000   682352.96215
16151744000   682141.85060
16158562000   680926.72359
16165383000   681738.28464
16172196000   682463.95538
16179012000   684216.31654
16185883000   685527.46505
16199513000   686991.59400
16206333000   688768.79543
16213154000   689552.20942
16219976000   691341.83422
16226779000   693933.08406
16233557000   694264.62074
16240362000   694868.34572
16247181000   695611.25468
16253998000   698329.69331
16260771000   697594.16213
16267560000   700018.27917
16274387000   700826.96827
16281198000   703468.03931
16288067000   703698.08985
16294823000   706768.82973
16301626000   706316.09550
16308417000   708736.69768
16315239000   708470.18453
16322058000   710168.98830
16328873000   711822.89392
16335689000   713483.00741
16342508000   715169.76541
16349330000   716883.16262
16356141000   718480.14139
16362957000   719124.20013
16369777000   720805.11317
16376545000   721950.76282
16383324000   723204.82815
16390153000   725965.67835
16396980000   726702.07113
16403797000   728332.29875
16410614000   729958.51210
16417437000   730641.98757
16424266000   732382.71454
16431081000   732976.45136
16437868000   735280.26924
16444603000   736049.16821
16451330000   737732.47048
16458077000   739616.04820
16464817000   741424.23320
16471555000   742208.07798
16478295000   744008.41594
16485027000   746723.17465
16491772000   745566.70061
16498509000   748324.65082
16505249000   750109.29585
16512040000   748410.44942
16518758000   751962.72905
16525492000   752674.36451
16532232000   754443.29975
16538977000   753259.32204
16545716000   755010.20451
16552459000   756797.96831
16559203000   757592.00501
16565968000   759596.31087
16572754000   760810.84910
16579588000   762510.94834
16586399000   762972.45616
16593226000   765593.11752
16600056000   765240.34369
16606859000   769608.23833
16613689000   769247.42123
16620519000   767882.57452
16627319000   772207.86022
16634137000   773712.64387
16640956000   774223.60549
16647783000   772812.09315
16654605000   772345.59353
16661423000   773834.30713
16668234000   774247.66780
16675050000   777707.97365
16681858000   779082.74729
16688672000   780514.65306
16695497000   781054.62392
16702296000   781325.67986
16709127000   781918.74386
16715946000   784385.53373
16722728000   784471.41172
16729529000   786746.84624
16736352000   787242.35934
16743164000   787621.82057
16749978000   789017.64143
16756800000   788490.91887
16763617000   792909.26201
16770444000   792425.41326
16777265000   792876.44856
16784077000   794231.83533
16790894000   794634.11607
16797721000   797134.18135
16804491000   799050.00080
16811342000   799786.33652
16818120000   801775.61533
16824931000   804096.78424
16838560000   805798.33490
16845383000   808229.58724
16852168000   809270.16151
16858953000   809306.75910
16865771000   810675.12218
16872583000   810978.42932
16879413000   813460.83893
16886236000   811868.01330
16893058000   815260.99467
16899880000   816649.95588
16906696000   817973.87411
16913515000   818324.28889
16920310000   819426.62404
16927087000   820341.93408
16933879000   821405.79862
16940671000   825465.67828
16947490000   825796.08058
16954315000   827183.46438
16961137000   828536.32719
16967956000   826854.67430
16974775000   829169.00477
16981599000   828530.13861
16988417000   831826.26947
16995241000   833179.36180
17002058000   831457.29599
17008870000   832680.40769
17015688000   835960.47733
17022503000   836206.05012
17029322000   836488.25049
17036141000   836766.43423
17042956000   838999.96655
17056588000   839475.31048
17063398000   840646.02120
17070214000   843873.66395
17077415000   846007.25270
17084203000   844942.29883
17090997000   845934.29206
17097746000   847465.36971
17104571000   847764.16956
17111405000   849150.32078
17118221000   852349.69816
17125043000   853605.97208
17131859000   856797.31973
17138674000   856974.50385
17145541000   855675.46766
17152348000   857763.40335
17159092000   858207.97074
17165882000   863115.42112
17172710000   862404.49362
17186336000   864666.16757
17193099000   864283.70389
17199922000   866505.99777
17206749000   866764.84850
17213579000   866050.10505
17220402000   870260.32841
17227225000   868466.53042
17234008000   870263.02338
17240791000   874055.54201
17247620000   874310.57326
17261210000   874119.04124
17268040000   873372.16660
17274916000   877087.64084
17281724000   880109.64227
17288552000   881330.38970
17295373000   883476.15163
17302195000   882628.03088
17309017000   885775.88997
17315837000   888899.45863
17322656000   887008.87495
17329473000   889094.00674
17336300000   889276.45785
17343122000   888404.21905
17349942000   887507.69572
17363616000   892047.04965
17370445000   890229.62655
17377267000   891337.26629
17384083000   894380.11049
17390921000   891641.77169
17397744000   893747.47309
17404567000   893849.15315
17411351000   894551.86379
17418144000   896341.73552
17424956000   895320.00952
17431775000   899365.15090
17438602000   899487.27183
17445418000   902494.00344
17452232000   899476.47528
17458983000   896817.20259
17465749000   897305.82565
17472513000   897770.25108
17479282000   897281.32946
17486023000   896505.07801
17492805000   893139.81479
17499614000   895043.79822
17506440000   892115.79405
17513259000   892112.93849
17520048000   893802.54176
17526869000   891811.90440
17533699000   888908.29482
17540440000   888100.35650
17547198000   888460.45032
17554002000   887281.86858
17560821000   885250.99733
17567591000   881720.55397
17574377000   880347.95619
17581173000   881072.50263
17587988000   876985.18024
17594803000   876893.84592
17601623000   875849.05188
17608413000   874496.94449
17615217000   873282.38427
17622055000   868407.52006
17628880000   870397.21170
17635695000   866281.80469
17642499000   867051.20977
17649313000   865917.67907
17656114000   865648.76311
17662932000   862547.63915
17669758000   863523.33617
17676581000   859464.69642
17683391000   858270.69144
17690215000   859214.11945
17697037000   856133.32053
17703854000   853997.99341
17710679000   853939.46017
17717508000   849917.30495
17724337000   849891.12130
17731163000   844830.61148
17737985000   843725.68215
17744805000   842596.53650
17751631000   839523.95794
17758452000   837396.87003
17765276000   836296.05204
17772101000   834201.30725
17778922000   832062.15826
17785748000   830969.46294
17792572000   827852.55486
17799395000   823721.53091
17813044000   822477.69548
17819859000   820253.87302
17826679000   819076.49364
17833492000   814824.46357
17840321000   810729.86108
17847147000   807600.96247
17853963000   810367.15257
17860788000   808220.12204
17867612000   805058.98034
17874432000   803853.46864
17881257000   799694.37053
17888066000   799369.87761
17894933000   795626.31594
17901721000   796082.00435
17908538000   791826.14651
17915351000   787525.94104
17922170000   787282.22250
17928993000   785074.81598
17935815000   779853.30654
17942630000   779557.21005
17949443000   777236.94086
17956256000   774912.66211
17963047000   772362.63098
17969832000   773748.14434
17976615000   769109.52494
17983369000   767174.68480
17990172000   764729.67126
17996959000   762119.43929
18003768000   757726.89376
18010588000   756441.16961
18017411000   754181.65122
18031054000   750620.33037
18037883000   750409.18625
18044686000   747932.13739
18058327000   744318.53091
18065133000   742859.67927
18071934000   742346.47724
18078746000   738940.04123
18085562000   737569.87138
18092389000   733306.43694
18099212000   732998.70662
18106036000   731697.02182
18112861000   727401.38077
18119683000   724071.51896
18126508000   721767.83228
18133335000   721480.25091
18140151000   720077.94036
18146969000   714691.74337
18153790000   714331.71917
18160661000   714470.78353
18167462000   713901.46067
18174277000   713468.99599
18181093000   714042.57977
18187907000   710592.03086
18194719000   709117.35280
18201527000   707598.43187
18208346000   707186.14560
18215170000   701820.12989
18221988000   702389.75055
18228806000   702955.35577
18235680000   696080.06311
18242470000   700356.06216
18249279000   697819.11408
18256101000   694408.86191
18262919000   694954.37631
18269708000   694204.34615
18276516000   692641.32531
18283327000   692104.45545
18290159000   688774.64862
18296966000   686189.55048
18303776000   684630.59920
18310592000   679127.93707
18317390000   679440.38686
18324207000   678939.75716
18331015000   675344.68628
18337827000   669785.79910
18344618000   669011.93212
18351431000   666455.08619
18358240000   663854.05036
18365055000   659309.27664
18371872000   658780.57880
18378689000   658247.86669
18385515000   654801.52485
18392336000   652300.94743
18399098000   652203.89959
18405907000   649574.82740
18412725000   648032.11373
18419512000   647174.15119
18426347000   642794.09126
18433170000   640289.53252
18439985000   639700.64828
18446798000   637087.67726
18453619000   634550.99141
18460436000   635970.14156
18467245000   631304.99212
18474054000   632635.83781
18480863000   631962.67864
18487723000   630797.24347
18494530000   630095.97797
18501343000   625450.90629
18508152000   624761.69651
18514970000   621158.76578
18521783000   622501.66481
18528595000   620830.52391
18535409000   621175.43418
18542230000   620586.53802
18549035000   619833.16528
18555848000   617156.01648
18562618000   619043.67883
18569404000   619087.81153
18576211000   618338.51772
18583021000   620615.29839
18589834000   621918.14826
18603493000   617842.60793
18610314000   619213.59614
18617128000   619510.40633
18623923000   616612.78530
18630697000   618500.72340
18637530000   617975.93428
18644301000   618825.84915
18651103000   614982.41709
18657912000   614205.12276
18664714000   612353.69333
18671516000   612498.26727
18678334000   614799.12349
18685154000   613115.99794
18691976000   611448.88709
18698790000   615697.63076
18705606000   615962.39384
18712421000   617213.12934
18719239000   613489.89461
18726052000   614712.57788
18732865000   613931.25158
18739685000   614216.00064
18746506000   609506.74344
18753328000   609803.47821
18760145000   613046.14099
18766968000   610344.84814
18773765000   613379.29508
18780579000   611579.89748
18787390000   610746.46510
18794200000   610899.01809
18800975000   609697.32577
18807793000   605921.93726
18814574000   608772.32384
18821355000   609618.73842
18828157000   609671.27532
18834983000   605959.90921
18841801000   606164.49173
18848610000   609275.03430
18855404000   605231.53998
18869050000   603712.64530
18875851000   604727.15783
18882660000   601817.67316
18889469000   600904.18364
18896293000   599136.66832
18903152000   602715.06093
18909931000   603489.59586
18916751000   601670.03152
18923571000   599846.44937
18930389000   599998.85810
18937204000   599117.26616
18944018000   599221.66782
18950841000   598412.00377
18957657000   596528.36525
18964425000   596161.06325
18971239000   592249.44254
18978055000   590353.79417
18984878000   593524.06936
18991693000   592610.40031
18998511000   588722.68867
19005324000   591781.01564
19012147000   592935.21901
19018962000   590005.49698
19025772000   590021.82594
19032596000   590173.96449
19039409000   587212.23186
19046232000   586346.34619
19053055000   589476.43917
19059875000   589572.55740
19066744000   591153.86804
19073546000   591062.22252
19080357000   590056.42472
19087173000   590096.53029
19093986000   589102.67817
19100801000   586124.77837
19107610000   587082.98454
19114412000   586967.32753
19121225000   585957.44480
19128044000   583003.42402
19134853000   583945.60664
19141668000   584943.64885
19148479000   583897.77187
19155293000   585877.81637
19162111000   583893.75269
19168928000   582895.69851
19175749000   583933.52791
19182578000   581047.12932
19189396000   585046.99617
19196215000   580052.82027
19203031000   578024.71142
19209845000   579972.64643
19216656000   580886.65790
19223467000   579796.66217
19230285000   579772.44750
19237100000   580714.30988
19243913000   581632.22319
19250727000   579556.09491
19257538000   578446.05370
19264345000   579292.13804
19271158000   578194.01720
19277960000   575982.26482
19284708000   579228.40313
19291500000   576909.04457
19298300000   574665.41215
19305106000   576477.56519
19311961000   575773.88921
19318763000   575538.16234
19325583000   573477.74625
19332411000   575492.99979
19339238000   572494.26575
19346057000   575411.82764
19353256000   570109.84884
19360069000   570959.40238
19366887000   570854.73612
19373695000   568646.48076
19380507000   566474.04882
19387329000   566397.17038
19394143000   562236.62697
19400952000   563022.29778
19407772000   556913.46236
19414585000   557730.93231
19421395000   557514.53296
19428207000   555314.03289
19435022000   554139.38063
19441836000   551950.76497
19448645000   552708.38411
19455463000   552551.55112
19462277000   552350.90382
19469145000   554683.49839
19482766000   555192.45091
19489590000   553075.20652
19496387000   549685.37693
19503200000   550450.69545
19509978000   549863.90871
19516799000   548700.78873
19523620000   545533.64976
19530440000   547352.54798
19537247000   546038.16631
19544058000   548759.55273
19550864000   548427.22164
19557681000   545200.24541
19564485000   546840.02342
19571286000   547445.98156
19578477000   547924.42442
19585284000   548581.79706
19592090000   544225.22869
19598900000   545904.41064
19605715000   546629.27317
19612543000   542479.30133
19619349000   542106.70706
19626155000   545730.11146
19632971000   543448.86423
19639784000   544133.80075
19646599000   542834.59530
19653412000   543511.51151
19660229000   540224.14862
19667031000   539783.79107
19673853000   541538.06565
19687479000   538855.80964
19694288000   539468.94859
19707934000   534961.20977
19714751000   535641.74093
19721539000   537030.36562
19728336000   535504.35069
19735152000   533162.94173
19741967000   533807.59412
19748783000   533458.15954
19755601000   531124.56063
19762408000   529677.78460
19769220000   529276.62206
19776030000   526851.60591
19782835000   525372.97361
19789642000   523910.18403
19796447000   526423.55025
19803260000   523012.27838
19810068000   520547.39859
19816869000   521009.08155
19823682000   517585.79099
19830491000   516118.81924
19837300000   516647.84262
19844106000   516143.11097
19850919000   512703.79097
19857733000   512270.37697
19864531000   511674.31277
19871347000   511252.71545
19878152000   507718.05335
19884965000   504258.69671
19891774000   502755.68005
19898584000   504258.57056
19905401000   504826.83509
19912213000   502341.53110
19919021000   499812.57769
19926188000   497837.18697
19932997000   492309.92412
19939803000   487748.93102
19946613000   487223.56809
19953419000   482654.56998
19960244000   479269.79782
19967060000   478791.84698
19973873000   475280.16648
19980680000   473705.04681
19987490000   471155.63767
19994312000   470721.06757
20001122000   470163.63930
20007931000   470592.30242
20014739000   464007.05869
20021547000   465417.81127
20028359000   462864.16343
20035166000   461257.00607
20041975000   457665.64548
20048792000   454149.47243
20055605000   456589.69126
20062420000   455045.69627
20069230000   450448.20294
20076044000   447886.29036
20082863000   444369.84757
20089692000   442948.34331
20096504000   442354.59687
20103315000   440746.94770
20110125000   436125.39758
20116940000   436549.30722
20123752000   431939.52723
20130564000   433325.73885
20137375000   429698.05067
20144185000   427056.46449
20151008000   425539.44512
20157806000   426771.16363
20164595000   422909.88879
20171413000   418331.39789
20178227000   421709.34005
20191853000   418433.41878
20198670000   414828.98820
20205481000   413161.23026
20212290000   411469.69526
20219111000   407892.76745
20225923000   407222.86692
20232738000   407578.60748
20239553000   405930.33612
20246362000   404218.76094
20253176000   403552.58788
20259986000   404842.88085
20266791000   405079.76669
20273629000   404638.68014
20280439000   403916.94148
20287253000   403230.71058
20294063000   402500.95749
20300876000   402796.83018
20307692000   396118.32337
20314507000   396425.92737
20321318000   394690.01741
20328129000   394950.10023
20334939000   394196.30152
20341754000   392487.86549
20348568000   389765.54438
20355380000   391019.46740
20362192000   386269.38202
20369005000   386525.15965
20375808000   386678.21970
20382618000   381896.37345
20389420000   383031.56415
20396231000   381251.57957
20403042000   381467.58777
20409854000   378689.45662
20416668000   375927.05163
20423477000   376111.30247
20430292000   374350.74503
20437105000   372566.44466
20443912000   370718.94521
20450730000   367975.95088
20457540000   365150.03117
20464348000   360300.37912
20471163000   358515.76135
20477976000   356707.40770
20484793000   354934.49003
20491606000   353118.11490
20498419000   351297.73019
20505229000   352443.75706
20512050000   352694.22726
20518862000   347851.95247
20525667000   347936.66431
20532852000   345763.13175
20539661000   345879.04649
20546475000   347040.23667
20553294000   343246.69345
20560109000   341409.71408
20566917000   342499.74274
20573734000   338674.45106
20580543000   338766.32018
20587355000   339883.74202
20594167000   340997.15547
20600981000   340126.26324
20607796000   338261.21102
20614612000   337401.99706
20621429000   337548.61958
20628248000   337710.92582
20635061000   337810.12499
20641868000   339846.22768
20648675000   337878.32787
20655492000   338004.89197
20662305000   342088.05759
20669117000   343157.36818
20675932000   345252.20499
20682794000   344805.71132
20689580000   347607.02945
20696394000   346679.97681
20703202000   343689.85830
20710016000   338754.78770
20716825000   342766.49965
20723637000   339803.72900
20730448000   335827.10979
20737255000   333807.12506
20744063000   334792.97681
20750882000   328883.04731
20757688000   331841.20960
20764500000   328854.39391
20771321000   324952.09957
20778147000   322094.96647
20784928000   323791.21284
20791691000   321306.45945
20798476000   319034.10954
20805269000   316836.45259
20812075000   315762.64010
20818905000   314920.80692
20825715000   313878.30541
20832541000   312989.09944
20839327000   307702.63818
20846146000   305736.59483
20852963000   305746.87568
20859784000   305792.45823
20866597000   301755.39454
20873416000   299773.28819
20887054000   295797.02561
20893867000   293743.91307
20900680000   291686.79096
20907494000   292635.48416
20914308000   287580.16662
20921119000   285491.36725
20927924000   285339.62201
20934739000   283282.10182
20941561000   278289.32323
20948374000   278204.13240
20955185000   276095.29049
20962002000   270041.36237
20968820000   266993.23954
20975630000   265862.54936
20982444000   264767.12675
20989263000   262716.78244
20996085000   261691.87316
21002901000   258604.04393
21009719000   253531.83369
21016534000   255426.16162
21023352000   252345.92225
21030130000   250869.09628
21036945000   248751.40847
21043738000   246413.82047
21050544000   245199.80913
21057295000   242442.14025
21064082000   244033.74300
21070912000   239043.22937
21077742000   238048.68614
21084568000   237010.87500
21091389000   232919.99404
21098178000   234511.22527
21104991000   234333.86268
21111806000   232172.10498
21125434000   229816.94172
21132254000   226692.17672
21139071000   226533.97931
21145898000   226469.81042
21153109000   224166.22609
21159932000   222054.56636
21166753000   221919.28033
21173577000   218809.38098
21180384000   216528.83700
21187190000   215234.48980
21193993000   212906.74089
21200782000   212437.80065
21207584000   211092.26542
21214395000   206830.91882
21221219000   203692.93608
21228037000   202492.14770
21234847000   203208.97110
21241661000   199960.97251
21248480000   197757.94026
21262138000   197535.71066
21268899000   192752.58491
21275717000   191523.71545
21282538000   187320.20798
21289365000   185171.43283
21296142000   186529.06666
21302937000   182058.96606
21309712000   179389.07449
21316518000   180018.69378
21323344000   176840.09079
21330155000   176510.63747
21336956000   174079.29919
21343760000   170673.32701
21350562000   173243.78267
21357377000   166937.45985
21364192000   168627.12511
21371025000   164488.90546
21377845000   161219.45750
21384661000   161906.85712
21391484000   159658.72510
21398291000   159250.05210
21405114000   156993.88682
21411928000   155645.66851
21418748000   154352.12371
21432374000   149616.06723
21439195000   145320.25620
21446011000   145971.53440
21452827000   146618.79951
21459640000   148232.71999
21466461000   143920.84361
21473269000   144477.86024
21480087000   143128.62731
21486902000   140746.05446
21493712000   139310.59852
21500538000   140027.51488
21507364000   136740.40635
21514173000   140283.14101
21520993000   134929.36148
21527811000   135552.02156
21534627000   136151.12478
21541435000   132668.05401
21548249000   131239.59670
21555070000   130875.51120
21561888000   129478.10167
21568695000   130969.23135
21575551000   125934.94976
21582342000   127261.78036
21589162000   125867.84100
21595975000   125401.52602
21602796000   121009.31997
21609603000   122476.39581
21616408000   117919.94186
21623226000   116486.40739
21630049000   112097.66975
21636863000   110617.05396
21643680000   108161.71125
21657325000   104346.34415
21664138000    99839.91409
21670950000   100319.71554
21677770000    98873.57529
21684572000    95247.77778
21691389000    92764.34104
21698197000    91189.08088
21704999000    91551.28114
21711813000    88026.54953
21718623000    84458.78793
21725440000    85955.29984
21732259000    81467.30473
21739068000    80877.76258
21745883000    78342.73028
21752700000    77823.18980
21759511000    75241.12739
21766324000    74674.55914
21773143000    72162.48191
21779972000    71743.88313
21786781000    69126.27756
21793591000    69514.41546
21800413000    66015.52024
21807225000    64415.13332
21814040000    63839.97770
21820849000    61202.33430
21827664000    54619.15838
21834486000    53100.18413
21841303000    52528.46866
21848117000    50923.50806
21854927000    51275.56458
21861741000    49662.58485
21868548000    46977.40137
21875360000    45336.92174
21882175000    40721.65575
21888991000    41112.11794
21895799000    41420.65100
21902600000    38657.00799
21909438000    39249.68757
21916252000    39604.62248
21923065000    36945.80950
21929877000    35273.25040
21936687000    33577.21096
21943499000    31896.63626
21950303000    30134.17482
21957112000    31416.38543
21963924000    29723.79203
21970741000    25075.85538
21977554000    24384.97470
21984363000    23651.15705
21991176000    22952.25960
21997991000    20268.81393
22004800000    15522.97581
22011611000    14792.59184
22018422000    16058.20066
22025235000    13339.25890
22032049000    13626.03532
22038860000     8879.61955
22045670000     7119.47002
22052492000     7472.02607
22059307000     2752.48430
22066108000     3892.78355
22072924000     4174.95038
22079736000      414.20966
22086549000     -340.81641
22100173000    -7882.34097
22106979000    -7717.44339
22113793000   -11478.78176
22120610000   -14214.97063
22127472000   -13517.79664
22134268000   -13466.13750
22141095000   -16117.20020
22147913000   -21859.74846
22154719000   -21722.91781
22161529000   -25551.22231
22168331000   -27461.26051
22175142000   -32287.85699
22181947000   -31176.74939
22188763000   -34962.78579
22195572000   -33820.83053
22202385000   -36644.02805
22209195000   -40500.37244
22216010000   -43312.16365
22222815000   -44225.07931
22229626000   -47083.73114
22236443000   -51888.12971
22243249000   -53803.34693
22250063000   -55644.89428
22256887000   -57393.36926
22270504000   -64203.30791
22277318000   -64060.89764
22284131000   -64932.20407
22290927000   -66972.51136
22297739000   -70861.53170
22304546000   -71803.08139
22311355000   -76729.22639
22318175000   -80552.64305
22324982000   -79506.20909
22331792000   -85434.67211
22338606000   -87328.33615
22345421000   -88216.31029
22352234000   -89127.69648
22359050000   -93013.99379
22365868000   -94884.90640
22372679000   -93827.72262
22379488000   -96793.94150
22393149000  -101321.44250
22399968000  -108202.74173
22406786000  -106097.75294
22413612000  -111919.22143
22420421000  -108909.51593
22427237000  -112835.96011
22434058000  -115717.95235
22440880000  -117594.27116
22447693000  -116561.83660
22454508000  -121514.02912
22461321000  -120489.61486
22468138000  -123430.44992
22474953000  -122394.67820
22481771000  -126333.85175
22488589000  -126277.04075
22495399000  -132301.74686
22502208000  -129340.14613
22509022000  -133334.11760
22515831000  -136380.52953
22522642000  -139411.57560
22529456000  -141417.57459
22536267000  -142456.63686
22543076000  -145519.07351
22549890000  -147537.10003
22556701000  -150588.18451
22563505000  -150711.04899
22570342000  -155518.43166
22577156000  -157552.50703
22583977000  -162522.83274
22590795000  -162526.21585
22597608000  -163582.00880
22604434000  -165515.99355
22611266000  -167395.93698
22618463000  -168747.77334
22625280000  -169781.14342
22632098000  -171808.85188
22638925000  -174753.49800
22645742000  -175798.91738
22652558000  -175858.02517
22659377000  -178892.12543
22666190000  -183988.28005
22673008000  -186040.08241
22679825000  -187105.57199
22686642000  -188175.07585
22693457000  -191267.93518
22707135000  -197001.55745
22713951000  -197096.81197
22720759000  -203273.42551
22727565000  -201473.37804
22734383000  -203561.32713
22741197000  -203691.95757
22748019000  -207749.27166
22754831000  -209907.25890
22761654000  -210962.94272
22768482000  -216974.32730
22775289000  -216192.67323
22782110000  -219279.74049
22788924000  -219438.46320
22795734000  -223639.84372
22802557000  -224719.63498
22809370000  -227900.05345
22816204000  -233881.62154
22823025000  -234992.79625
22829856000  -238011.40176
22837065000  -237383.23444
22843871000  -241651.56469
22850689000  -243808.01206
22857501000  -248026.41346
22864315000  -250229.51156
22871120000  -249523.51768
22877935000  -250724.97731
22884744000  -251988.37331
22891560000  -254188.19975
22898376000  -256392.03930
22911996000  -260927.57834
22918798000  -261278.56599
22925623000  -264411.58771
22932440000  -267625.83278
22939257000  -268844.09213
22946067000  -273133.90720
22952885000  -273350.54278
22959711000  -279494.01302
22966530000  -278709.03721
22973351000  -281908.78519
22980162000  -283209.01048
22986968000  -285561.46922
22993775000  -286908.28463
23000597000  -291114.44151
23007418000  -292334.26204
23014238000  -296567.74444
23021055000  -297834.17155
23027879000  -298037.12096
23034696000  -299311.58075
23041509000  -302628.61695
23048323000  -302940.02277
23055138000  -306245.79998
23061948000  -308603.78294
23068770000  -310850.11379
23075592000  -313100.46480
23082411000  -316383.74699
23089220000  -317767.40992
23096035000  -317097.26277
23102856000  -322373.31613
23109673000  -321691.92706
23116492000  -324995.28415
23123309000  -326321.92480
23130130000  -327614.04822
23136956000  -327862.02917
23143775000  -333181.45691
23157394000  -341015.34222
23164213000  -342346.80865
23171031000  -344691.92107
23184709000  -350989.80929
23191523000  -351385.50310
23198341000  -353746.69971
23205155000  -356150.41736
23211973000  -360519.64252
23218799000  -364815.88137
23225629000  -367077.64659
23232446000  -368468.55393
23239266000  -372834.60518
23246089000  -372175.80566
23252899000  -374646.11705
23259718000  -376033.83929
23266538000  -378415.95707
23273363000  -379753.99013
23280182000  -383153.76640
23287006000  -385509.46265
23293869000  -386494.05070
23300664000  -390136.74125
23307481000  -391571.83388
23314290000  -397087.87655
23321114000  -399463.67835
23327911000  -399103.12909
23334736000  -404477.34481
23341606000  -408422.92664
23348406000  -407045.56688
23355213000  -406604.90733
23362030000  -408072.12182
23368848000  -410533.73833
23375674000  -416922.47694
23382496000  -415353.68475
23389318000  -421788.91272
23396144000  -422189.72126
23402969000  -427604.16398
23409795000  -428013.02170
23416621000  -432425.90429
23423436000  -433948.49473
23430265000  -437340.59974
23437087000  -439803.97772
23443909000  -444271.37586
23450735000  -446704.37342
23457556000  -450189.41885
23464396000  -450496.00716
23471216000  -450998.70517
23478031000  -456553.43513
23484906000  -463536.04288
23491704000  -462262.05996
23498526000  -462761.64359
23505374000  -467015.63527
23512205000  -468436.87568
23519036000  -471862.14687
23525855000  -471406.63318
23532675000  -473945.53801
23539500000  -479440.47307
23546367000  -480536.36096
23553187000  -483087.34986
23560003000  -483680.73954
23566821000  -486258.95202
23573644000  -489793.20710
23580458000  -490417.82935
23587286000  -492912.15487
23594111000  -494439.28603
23600933000  -496999.21753
23607759000  -501524.80272
23614566000  -503236.64238
23621393000  -506760.67568
23628207000  -507413.40314
23635039000  -511897.53457
23641864000  -511452.81868
23648691000  -512992.95033
23655517000  -519546.69553
23662340000  -519133.22633
23669162000  -521733.36480
23675979000  -523385.45206
23682807000  -527936.11708
23689628000  -529557.90118
23696462000  -534059.11280
23703281000  -533708.10927
23710100000  -537361.12238
23716926000  -541951.07677
23723747000  -545592.96406
23730575000  -546171.80325
23737393000  -548850.47390
23744212000  -556523.58017
23751415000  -556522.27953
23758216000  -558376.06047
23765022000  -561185.94668
23771845000  -564837.01762
23778658000  -568587.87848
23785476000  -571294.86756
23792282000  -572120.78026
23799095000  -577883.66864
23805908000  -577650.56659
23812730000  -582335.30886
23819547000  -582071.93793
23826385000  -584611.55381
23833223000  -587155.20874
23840043000  -591875.19070
23846871000  -592522.62275
23853684000  -596317.63768
23860507000  -598020.96429
23867329000  -602737.88145
23874159000  -603382.26990
23880986000  -607059.39201
23887809000  -612778.80989
23894626000  -612559.65017
23901445000  -616325.37221
23908276000  -619980.32294
23915097000  -625734.95517
23921923000  -624445.78398
23928750000  -626151.07377
23935576000  -630869.95293
23942398000  -633631.10783
23949221000  -637386.72076
23956035000  -638232.40886
23969674000  -644830.65335
23976486000  -645707.49969
23983299000  -651578.79525
23990126000  -653320.28008
23996950000  -658094.46498
24003772000  -658891.78723
24010597000  -664664.45917
24017421000  -669450.71105
24024261000  -670088.09516
24031090000  -673834.62626
24037922000  -678556.52238
24051571000  -683155.70976
24058390000  -685013.87793
24065222000  -689751.88538
24072040000  -688627.64599
24078858000  -695507.42205
24085679000  -697362.56256
24092512000  -703107.12509
24099342000  -703884.36822
24106163000  -709751.57806
24112985000  -712613.25891
24119809000  -715459.86515
24126627000  -716367.77472
24133452000  -722212.87625
24140259000  -722233.82269
24147076000  -728163.32129
24153896000  -729068.20082
24160718000  -731958.01046
24167533000  -735918.64313
24174366000  -737711.51953
24181185000  -741642.01829
24187994000  -745671.94866
24194807000  -749667.72025
24201628000  -751591.17883
24208447000  -755537.73586
24215277000  -758383.37896
24222088000  -762414.28416
24228892000  -763515.96234
24235714000  -770449.96669
24242528000  -771464.28553
24249346000  -772444.47030
24256175000  -776323.77881
24263000000  -778245.25583
24269830000  -783123.08440
24276646000  -784138.41633
24283463000  -782148.22811
24290276000  -788200.18482
24297074000  -791399.13224
24303886000  -792468.63074
24310709000  -796437.29774
24317548000  -798257.50115
24324370000  -799243.74998
24331191000  -805243.54812
24338005000  -806314.06503
24344824000  -808340.95291
24351640000  -813400.43952
24358458000  -816444.88568
24365272000  -819531.45203
24372084000  -820641.08032
24378907000  -826649.94191
24385732000  -830643.77600
24392550000  -829708.30060
24399367000  -831786.36390
24406181000  -838897.00942
24413008000  -842887.87888
24420198000  -844426.48563
24427020000  -849473.22554
24433837000  -853571.58692
24440657000  -854645.40356
24447483000  -857666.12350
24454297000  -860805.09026
24461118000  -866881.44242
24467926000  -868085.53869
24481566000  -874277.35490
24488388000  -881360.25863
24495200000  -882542.33213
24502015000  -886699.87090
24508847000  -891699.68726
24515673000  -892760.61475
24522501000  -895806.54190
24529343000  -900723.32811
24536157000  -901910.47794
24542974000  -908073.10600
24549791000  -910239.74834
24556614000  -912353.34701
24563431000  -916528.02144
24570298000  -922231.28627
24577091000  -922642.20798
24583910000  -926809.92595
24590737000  -930905.60686
24597559000  -936052.84443
24604382000  -940194.59664
24611202000  -945368.88502
24618019000  -947575.70427
24624835000  -952796.04155
24631652000  -955010.88876
24638467000  -955248.75541
24645284000  -961471.62999
24652114000  -964575.00054
24658929000  -968824.91297
24665744000  -973078.83731
24672555000  -975374.77214
24679370000  -975636.71797
24686193000  -983826.68801
24693003000  -983144.15177
24699813000  -988465.62156
24706627000  -991753.11059
24713452000  -997940.15316
24720255000 -1002340.12089
24727078000 -1004554.18776
24733904000 -1011743.79294
24740728000 -1012956.41051
24747555000 -1017144.57112
24754373000 -1020422.19095
24761191000 -1023703.82624
24768013000 -1028951.51139
24774815000 -1030393.03287
24781640000 -1036620.27591
24788466000 -1039842.05302
24795288000 -1045105.81118
24802106000 -1046411.54331
24808931000 -1050654.87585
24815746000 -1054997.10483
24822561000 -1061343.34573
24829383000 -1064627.19587
24836195000 -1066009.92125
24843018000 -1070292.32092
24849836000 -1077626.16357
24856650000 -1079001.95664
24863467000 -1085353.31100
24870290000 -1087651.78426
24877103000 -1090049.09859
24883923000 -1099384.05280
24890747000 -1100685.10163
24897573000 -1105971.21259
24904400000 -1110251.86881
24911222000 -1113583.94622
24918044000 -1116920.04380
24924870000 -1124222.25015
24931687000 -1126613.77670
24938505000 -1129999.84086
24945330000 -1132323.58792
24952151000 -1136689.26064
24958969000 -1142087.37704
24972596000 -1147980.91973
24979415000 -1156381.60406
24986238000 -1156748.41484
24993068000 -1162052.94328
24999886000 -1167475.15770
25006701000 -1169929.79992
25013524000 -1176312.69254
25020334000 -1179822.71130
25027166000 -1183128.41785
25033995000 -1187466.56163
25040832000 -1193732.99118
25047651000 -1198173.86892
25054462000 -1202694.49651
25061279000 -1205162.33492
25068091000 -1210681.51499
25074898000 -1213252.02787
25081708000 -1218798.15037
25088519000 -1223338.81519
25102149000 -1228356.46621
25108971000 -1233805.07598
25115792000 -1238267.16728
25122616000 -1239704.89528
25129428000 -1245260.16790
25136253000 -1251696.47428
25143073000 -1255184.09935
25149886000 -1255741.95109
25156712000 -1263180.86073
25163527000 -1263727.82480
25170341000 -1267288.25742
25177160000 -1273805.42052
25183981000 -1276307.68932
25190801000 -1279823.43199
25197612000 -1282428.28104
