      38000  491098.5820
    6893000  489895.1182
   13712000  488358.8327
   20535000  485856.1569
   27357000  482341.2896
   34126000  479337.9803
   40962000  477945.2893
   47796000  474531.2388
   54633000  472141.6184
   61459000  469648.2272
   68289000  468188.4269
   75129000  466817.1484
   81971000  464461.1336
   88781000  460809.1054
   95585000  461099.1283
  102327000  458818.5723
  109082000  459654.0552
  115835000  457468.2591
  129717000  456529.0884
  136477000  455398.2800
  143224000  454145.5245
  149977000  451944.7108
  156728000  451722.6253
  163476000  449470.1204
  170225000  449223.7993
  176974000  448974.5114
  183728000  448768.0013
  190476000  447503.6290
  197225000  447245.4387
  203977000  446011.7245
  210727000  447756.7463
  217479000  444517.0940
  224229000  445256.1795
  230984000  443038.0267
  237735000  443780.3200
  244488000  442537.9346
  251240000  442283.4344
  257991000  442016.8205
  264740000  442728.9507
  271500000  440538.6895
  278255000  439299.7379
  285009000  441048.6718
  291763000  439794.6344
  298512000  439491.9184
  305266000  437231.9407
  312017000  436941.5700
  318769000  437657.3708
  325521000  435370.2021
  332273000  435080.0639
  339027000  433805.2339
  345773000  433454.3255
  352529000  432191.8324
  359286000  431935.5038
  366040000  431648.7901
  372801000  429423.0616
  379633000  429843.0253
  386497000  427552.2924
  393327000  426947.8906
  400188000  426623.6308
  406950000  425391.9985
  413738000  423394.8712
  420565000  421750.9500
  427378000  422976.1299
  434204000  422317.0106
  441032000  419673.1208
  447840000  417843.5594
  454656000  417084.0294
  461477000  415367.1277
  468305000  413711.1083
  475133000  411052.0522
  481954000  410326.0528
  488781000  408651.7973
  495606000  406956.2487
  502438000  407321.5634
  509271000  404692.9656
  516101000  404033.9447
  522941000  402463.1538
  529773000  401816.3043
  536606000  401175.5404
  543443000  400568.2375
  550280000  399957.8898
  557110000  397280.6250
  563937000  396572.9491
  570773000  395944.3511
  577601000  394239.7228
  584426000  392504.6893
  591249000  391748.3770
  598069000  391961.6664
  604891000  391190.1693
  611719000  388470.3673
  618541000  387692.8047
  625365000  387930.4512
  632238000  386611.9316
  639042000  385661.1041
  645862000  384853.1627
  652694000  383151.6126
  659519000  382383.1965
  666341000  380584.3938
  673152000  379682.2720
  679970000  378840.9449
  686788000  376996.5900
  693608000  377167.4387
  700426000  377317.0273
  707247000  377490.9325
  714083000  373798.5234
  720915000  375066.6145
  727753000  372386.3465
  734620000  372967.3118
  741444000  372153.3628
  755485000  371097.2717
  762317000  367346.9387
  769139000  366502.4573
  775947000  365527.3992
  782767000  364658.6413
  789585000  363768.6349
  796416000  362994.0182
  803253000  361271.0136
  810082000  361472.0992
  816907000  357633.7162
  823739000  357856.0501
  830558000  357956.9551
  837394000  355209.6396
  844224000  354404.6448
  851058000  354633.0334
  857881000  353758.2246
  864710000  351935.0110
  871534000  352063.2390
  878367000  350270.3673
  885206000  350529.0739
  892036000  348702.8087
  898864000  347855.3002
  905687000  346959.2454
  912511000  345069.2598
  919339000  345212.6452
  926163000  343316.5915
  932980000  343353.8036
  939803000  343442.5870
  946635000  342610.2314
  953466000  339765.7368
  960289000  339845.4158
  967120000  339994.8459
  973945000  339086.6517
  980769000  337166.3265
  987590000  337215.6783
 1001261000  335569.0658
 1008089000  333672.9800
 1014913000  333737.4783
 1021743000  333853.5096
 1028565000  332893.7511
 1035386000  330921.8676
 1042205000  330928.7677
 1049021000  331905.3612
 1062658000  332894.9286
 1069476000  332880.6242
 1076295000  332872.3829
 1083115000  332870.2031
 1089943000  334937.7132
 1096766000  334956.7391
 1103589000  333972.7328
 1110400000  335876.6311
 1117217000  334832.0367
 1124032000  335766.2399
 1130852000  336742.8543
 1137672000  336716.4390
 1144492000  337686.9941
 1151310000  338636.3478
 1158147000  337755.2978
 1164970000  338744.0125
 1171787000  337675.1874
 1178600000  338566.9988
 1185414000  340464.8705
 1192217000  341259.8020
 1199050000  341324.2036
 1205874000  341303.8226
 1212700000  341298.5723
 1219545000  340462.8352
 1226364000  342387.9393
 1233185000  342328.1759
 1240007000  342274.4621
 1246829000  343217.7170
 1253660000  343239.6538
 1260470000  344067.8961
 1267676000  343488.1477
 1274505000  343482.6530
 1288540000  345884.5795
 1295362000  345806.2685
 1302175000  345643.2412
 1308989000  345486.2662
 1315804000  346335.3421
 1322621000  346199.5424
 1329436000  346042.5670
 1336255000  346918.8621
 1343458000  345276.3225
 1350262000  347010.2951
 1357079000  346859.1950
 1363894000  348686.9238
 1370704000  347466.2693
 1377520000  349297.0212
 1384330000  349070.3226
 1391142000  349858.7438
 1397948000  349589.7234
 1404761000  350381.1717
 1411579000  351214.9414
 1425197000  349710.1720
 1432009000  350480.4604
 1438822000  351256.7935
 1445634000  351021.0364
 1452445000  352773.1906
 1459257000  351531.3890
 1466070000  352295.6303
 1472923000  352419.4473
 1479739000  351204.8177
 1486552000  353959.9698
 1493370000  352757.4166
 1500179000  354470.2669
 1506994000  354234.4738
 1513801000  353923.1571
 1520615000  355672.2554
 1534628000  356649.8527
 1541442000  356389.7072
 1548255000  357117.4774
 1555064000  356805.9858
 1561873000  357491.4742
 1568674000  358101.4729
 1575485000  358799.0419
 1582300000  360529.8206
 1589109000  360203.2297
 1595935000  362027.5873
 1602749000  361740.2318
 1609554000  362368.3473
 1616370000  362093.0584
 1623184000  361796.6332
 1629995000  362470.0194
 1636804000  364122.2754
 1643619000  363825.8347
 1650435000  364535.4222
 1657256000  364287.2485
 1664075000  366017.9393
 1670893000  366736.5493
 1677701000  368361.6151
 1684515000  368037.9691
 1691334000  367756.5525
 1698190000  367806.9686
 1705002000  368456.1291
 1711817000  369129.4154
 1718648000  368944.4601
 1725466000  367638.8346
 1732281000  368303.0369
 1739091000  367918.9759
 1745892000  366450.4694
 1752706000  366096.5579
 1759516000  365703.4370
 1766326000  365307.2952
 1773138000  365926.2236
 1779953000  363569.2645
 1786768000  363209.2801
 1793580000  360819.1384
 1800393000  361435.0177
 1807207000  360056.9169
 1814013000  360603.4497
 1820824000  360192.1769
 1827638000  358805.0081
 1834449000  358387.6908
 1841260000  358967.3518
 1848092000  358733.8425
 1854910000  357370.7317
 1861733000  355049.7913
 1868549000  355662.5441
 1875360000  354227.0771
 1882177000  354842.8183
 1888990000  352419.3812
 1895802000  352983.8832
 1902615000  352554.3996
 1909438000  351212.2582
 1916259000  350849.0122
 1923078000  349464.6645
 1929891000  351023.0767
 1936714000  348668.8133
 1943526000  350212.1400
 1950347000  349833.7491
 1957168000  350452.3277
 1963982000  350004.6449
 1970796000  349553.9378
 1977627000  350253.7522
 1984448000  348860.2106
 1991263000  349409.4512
 1998074000  347919.5436
 2012078000  348380.0743
 2018895000  347935.1088
 2025713000  347496.1454
 2032534000  346081.2397
 2039349000  346609.1350
 2046161000  345106.9223
 2052975000  343619.7414
 2059792000  344156.6165
 2073808000  343669.1607
 2087814000  340078.6599
 2094625000  339545.9186
 2101461000  338235.7566
 2108278000  338751.1025
 2115095000  337263.4215
 2128723000  334224.8450
 2135529000  335628.8458
 2142394000  333562.0904
 2149173000  331716.4656
 2155984000  332156.5031
 2170014000  327707.5039
 2176832000  328201.4294
 2183650000  327692.3271
 2190471000  325207.2516
 2204474000  323483.2686
 2211291000  320952.8738
 2218110000  320437.4849
 2224925000  319883.0033
 2231742000  318343.5276
 2238548000  318701.8588
 2245365000  316156.3341
 2252182000  316607.7825
 2258991000  314984.0937
 2265796000  313321.3318
 2272604000  312682.5922
 2279423000  312139.9706
 2286242000  310594.3202
 2293066000  310090.6989
 2299876000  308457.8889
 2306688000  305840.0795
 2313500000  307219.2475
 2320318000  304649.4518
 2327125000  303977.5255
 2333932000  301302.5811
 2347563000  301096.7743
 2354381000  298511.8514
 2361194000  298878.8651
 2368013000  297296.8954
 2374838000  295765.9344
 2381651000  294123.8698
 2388464000  292478.7819
 2395273000  291794.6510
 2402090000  289179.5359
 2416107000  287388.5864
 2422927000  286791.2297
 2429737000  286100.8168
 2436555000  284479.4009
 2443377000  282890.9643
 2450191000  284227.4856
 2457006000  282569.9836
 2463822000  280918.4568
 2477830000  279990.1500
 2484649000  277356.3753
 2491463000  276674.5788
 2498277000  275989.7580
 2505096000  275346.9017
 2511917000  273719.0112
 2518721000  271935.1437
 2525536000  272247.2213
 2532356000  269601.2535
 2539174000  268934.2652
 2545989000  270237.2637
 2552802000  267519.2478
 2559626000  267897.1447
 2566441000  266191.0646
 2573265000  265562.8991
 2580096000  263994.6505
 2586911000  263279.4838
 2593781000  264055.8504
 2607336000  259936.0111
 2614149000  260190.7713
 2620965000  258469.4788
 2627780000  256736.1704
 2634598000  255026.8048
 2641416000  253314.4114
 2648286000  253066.3880
 2655072000  252060.3005
 2661879000  250239.9519
 2668691000  249461.5206
 2675517000  248805.8798
 2682325000  246985.4525
 2689132000  246153.0204
 2695947000  243389.4528
 2702756000  241568.9508
 2709573000  240817.3044
 2716389000  241053.6471
 2723211000  239340.8649
 2730027000  237571.1528
 2736839000  238762.4840
 2743650000  237941.8105
 2750462000  238127.0972
 2757288000  236435.0998
 2764098000  235596.3735
 2770911000  235781.5677
 2791357000  234381.8637
 2798174000  233590.8759
 2804987000  232760.9483
 2811802000  230945.9529
 2818608000  231047.1363
 2825421000  228208.1407
 2832237000  227393.0511
 2839049000  227539.0314
 2845869000  225753.7936
 2852681000  223893.7254
 2859495000  224048.5839
 2866314000  223245.2893
 2873125000  222367.1758
 2879939000  222512.9606
 2886755000  220673.6670
 2893569000  218813.4023
 2900385000  216968.0575
 2907197000  217083.8003
 2914012000  217223.4340
 2920835000  215431.8078
 2927647000  215538.4769
 2934467000  212713.8817
 2941287000  212886.2569
 2948093000  212930.0381
 2954917000  211132.2341
 2961727000  211205.8449
 2968539000  210294.3701
 2975353000  208397.8070
 2982174000  206560.9863
 2988987000  206649.4054
 2995798000  206716.8694
 3002612000  203808.2079
 3016260000  204161.1010
 3023072000  202225.4297
 3029888000  201322.5902
 3036704000  199416.7246
 3043517000  198480.9450
 3050336000  195595.9153
 3057150000  194663.0480
 3063958000  194673.3883
 3070769000  193707.5924
 3077582000  192756.6958
 3084391000  189766.9357
 3091204000  189809.9940
 3098021000  187885.8655
 3112034000  186423.6949
 3118844000  184427.6129
 3125649000  183383.7235
 3132459000  181381.6022
 3139272000  180403.3295
 3146082000  181395.1654
 3152907000  180518.3139
 3159716000  178495.1466
 3166536000  178567.4607
 3173358000  176654.6537
 3180167000  175622.4162
 3186981000  174631.9256
 3193796000  173647.3635
 3200613000  172677.6812
 3207429000  171696.0199
 3214240000  170666.5748
 3221058000  167696.7658
 3227863000  168607.5704
 3234694000  165748.0644
 3241507000  165724.4231
 3248318000  163679.8597
 3255121000  161560.6835
 3261932000  162510.0804
 3268737000  160402.7676
 3275548000  160346.1240
 3282742000  156713.2003
 3289553000  156650.3434
 3296365000  154593.4112
 3303177000  154533.4564
 3310002000  154586.7683
 3316826000  152628.1013
 3323635000  151532.2347
 3330451000  150495.9561
 3337265000  148438.7643
 3344080000  147387.4914
 3350891000  145297.4227
 3357707000  145249.0435
 3364530000  143260.2305
 3371340000  142152.1481
 3378153000  141067.8676
 3384972000  140034.2063
 3391790000  139988.5763
 3398604000  136904.1603
 3405421000  137843.5373
 3412232000  135726.2554
 3419059000  134748.9633
 3425886000  132768.6354
 3432701000  131678.0237
 3439560000  130977.6097
 3446359000  128737.9452
 3453168000  128584.6297
 3459984000  127490.8431
 3466792000  126322.5497
 3473593000  125088.6947
 3480411000  123003.7086
 3494460000  121514.1127
 3501276000  117401.9941
 3508084000  118215.3900
 3514899000  116088.2908
 3521711000  113931.3718
 3528518000  114726.7749
 3535327000  113537.0212
 3542164000  111594.2932
 3548981000  110469.9254
 3555800000  109360.3893
 3562617000  109229.9667
 3569437000  106123.3025
 3576257000  106013.6087
 3583073000  103865.1751
 3589885000  103678.0071
 3596698000  102496.7432
 3603523000  101419.5704
 3610349000   99348.2892
 3617164000   99175.7947
 3623967000   98893.1766
 3630783000   97723.5615
 3637602000   95577.6923
 3651612000   95596.2532
 3658431000   92441.1326
 3665240000   91193.7615
 3672053000   89979.0574
 3678866000   88761.3300
 3685682000   87567.3418
 3692498000   87370.3275
 3699309000   87125.6873
 3706117000   85851.2670
 3712943000   85734.3710
 3719759000   83525.2538
 3726571000   82277.4378
 3733377000   81973.0928
 3740216000   79960.0015
 3747038000   78792.2771
 3753849000   79523.4410
 3760658000   78233.7512
 3767478000   78039.1124
 3774284000   76716.6328
 3781100000   76480.2824
 3787919000   74267.6486
 3794727000   73953.9348
 3801549000   72761.9882
 3808369000   71549.1846
 3815184000   72288.7893
 3821999000   71025.3688
 3828815000   69767.8347
 3835668000   68836.9845
 3842486000   67591.2031
 3849297000   66280.0226
 3856107000   64956.9107
 3862928000   62728.7803
 3876944000   61595.1706
 3883757000   60286.5190
 3890568000   58957.0291
 3897377000   58606.7034
 3904191000   57297.8910
 3911000000   55941.5234
 3917815000   54635.5704
 3924639000   54406.7397
 3931467000   52210.4952
 3938282000   51895.4569
 3945098000   50586.2973
 3951911000   49247.4012
 3958716000   48834.2572
 3965528000   48480.4152
 3972336000   48087.9420
 3979157000   44808.1724
 3985978000   43525.3723
 3992790000   43159.4341
 3999606000   42826.0749
 4006426000   42525.2896
 4013243000   41194.7761
 4020059000   39852.3366
 4026872000   38480.1751
 4033687000   36122.7867
 4040490000   37655.6002
 4054506000   33359.8871
 4061323000   32008.0247
 4068140000   31653.1353
 4074959000   30313.0100
 4081773000   29925.3808
 4088585000   28516.9380
 4095398000   28114.3669
 4102213000   26726.5598
 4109029000   26344.6209
 4115836000   26879.6204
 4122656000   24527.2029
 4129475000   25162.8638
 4136290000   23759.9300
 4143108000   23380.6442
 4149919000   22936.0963
 4156739000   21568.5382
 4163536000   20993.4870
 4170356000   21619.8800
 4177209000   20536.5748
 4184024000   21112.4520
 4190838000   18676.4160
 4197653000   18246.2432
 4204466000   16795.2712
 4211279000   16341.2758
 4218085000   16822.0538
 4224894000   15326.4718
 4231707000   13863.4111
 4238570000   13841.5688
 4245359000   12159.2137
 4252173000   10695.9552
 4258990000    9256.3230
 4265804000    8787.0146
 4272621000    8341.3298
 4279434000    7857.0893
 4286247000    8369.8255
 4293066000    6932.8260
 4299881000    5457.2744
 4306712000    5120.7839
 4313531000    3674.6947
 4320363000    3341.0104
 4327175000    2826.7045
 4333995000    1380.4050
 4340811000    -104.4367
 4347637000    -503.5272
 4354460000    -932.2845
 4361290000   -2301.9362
 4374913000   -5378.7654
 4381725000   -4917.2753
 4388542000   -5414.4323
 4395359000   -6914.6164
 4402172000   -7453.3240
 4408994000   -8915.1915
 4415814000   -8397.8369
 4422634000  -10883.5120
 4429459000  -10327.8546
 4436280000  -12810.7191
 4443091000  -12385.3293
 4449905000  -11936.3478
 4456720000  -14481.5200
 4463538000  -14003.1069
 4470348000  -14598.6795
 4477169000  -17099.7105
 4484033000  -17222.4116
 4490826000  -18977.8381
 4497639000  -18558.9110
 4504452000  -21143.0073
 4511262000  -21756.7282
 4518084000  -23267.0703
 4524899000  -23842.5071
 4531720000  -25367.7746
 4538535000  -25949.2644
 4545350000  -26533.7793
 4552161000  -28156.7770
 4558983000  -28685.2928
 4565792000  -30332.0657
 4572605000  -30946.4061
 4579416000  -32581.4953
 4586227000  -33219.6060
 4593040000  -31843.0148
 4599862000  -33389.6953
 4606674000  -33028.0158
 4613492000  -34616.1963
 4620309000  -35216.2646
 4627120000  -37872.5171
 4633938000  -38469.7775
 4640757000  -39061.2072
 4647571000  -38699.9565
 4654391000  -39288.5836
 4661204000  -40942.2415
 4668019000  -41581.2090
 4674829000  -41267.4838
 4681644000  -41912.4995
 4688453000  -43613.6735
 4695273000  -45220.4614
 4702090000  -45856.8428
 4708909000  -46478.5428
 4715741000  -46988.1727
 4722549000  -47713.3223
 4729368000  -48344.1093
 4736193000  -49924.8105
 4743009000  -50588.2136
 4749828000  -53228.0881
 4763455000  -54614.2804
 4770267000  -56325.1877
 4777079000  -56039.1174
 4783895000  -58720.6724
 4790696000  -58537.9865
 4804369000  -61553.4461
 4811178000  -63309.0496
 4817989000  -66049.9787
 4824809000  -66714.3097
 4831627000  -66399.3626
 4838441000  -67122.8264
 4845261000  -68796.2426
 4852082000  -68463.8436
 4858902000  -71143.3194
 4865717000  -72870.0448
 4872543000  -74502.5164
 4879360000  -75217.6109
 4886224000  -76520.1276
 4893032000  -77320.8766
 4899848000  -77053.9105
 4906663000  -78798.8118
 4913480000  -80529.0565
 4934297000  -82502.6841
 4941116000  -84227.5209
 4947927000  -86026.0955
 4954741000  -85801.1771
 4961562000  -88517.4189
 4968379000  -88272.0403
 4975197000  -89020.8518
 4989212000  -93178.7318
 4996022000  -95007.4791
 5002840000  -95768.5667
 5009648000  -97621.0282
 5016461000  -97432.3379
 5023286000  -99140.6663
 5030104000 -101913.8617
 5036920000 -102707.7506
 5043735000 -104513.4979
 5050547000 -106348.7662
 5057365000 -108134.0681
 5064174000 -110001.8773
 5070982000 -110881.5369
 5084622000 -113437.9996
 5091443000 -117211.9461
 5098256000 -117059.5538
 5105068000 -118919.0133
 5111887000 -121719.6996
 5118705000 -122532.2422
 5125524000 -122338.9855
 5132345000 -126131.1043
 5139151000 -126058.6462
 5145963000 -126936.2509
 5152779000 -127781.5770
 5159980000 -130232.3691
 5166800000 -131048.6208
 5173623000 -132841.4302
 5180432000 -133760.8007
 5187276000 -135374.3846
 5194094000 -136220.4070
 5200908000 -138104.7458
 5207725000 -139965.6437
 5214537000 -140873.6750
 5221350000 -142775.9079
 5228166000 -144654.7030
 5234977000 -145580.6239
 5241794000 -147456.6495
 5248628000 -148185.7783
 5255440000 -150111.9583
 5262260000 -152970.6155
 5269072000 -152902.8441
 5275885000 -155829.2779
 5282695000 -157785.1856
 5289508000 -159717.6649
 5296319000 -161670.7994
 5303121000 -161706.2950
 5309960000 -163418.6474
 5316784000 -165266.2653
 5323598000 -165205.0581
 5330395000 -167296.7083
 5337214000 -169197.4756
 5344017000 -170242.2770
 5350833000 -173175.5319
 5357646000 -174138.2486
 5364454000 -175148.0463
 5371273000 -177063.9413
 5378098000 -177930.0013
 5384909000 -178922.4377
 5391721000 -179909.0861
 5398533000 -181898.7569
 5405352000 -184829.7884
 5412172000 -184755.0402
 5425792000 -189790.7827
 5432607000 -190769.1498
 5439426000 -192715.3155
 5446238000 -195726.1532
 5453054000 -196704.7905
 5459868000 -199704.0644
 5466685000 -199679.9481
 5473495000 -202720.4895
 5480309000 -203728.8358
 5487120000 -204766.6169
 5493939000 -207736.9951
 5500754000 -210745.6125
 5507583000 -209634.0246
 5514395000 -211675.1038
 5521214000 -214657.5964
 5528029000 -216678.3212
 5534844000 -217702.0711
 5541663000 -219693.6463
 5548474000 -221758.6464
 5555285000 -222826.6681
 5562106000 -226809.7252
 5568922000 -228839.8036
 5575734000 -230908.0991
 5582548000 -232961.8225
 5589361000 -235027.3670
 5596180000 -237043.1565
 5602994000 -239105.9545
 5609803000 -241215.7544
 5616623000 -242231.8283
 5623434000 -244330.0835
 5630247000 -245413.7719
 5637063000 -246474.1025
 5643870000 -248616.5989
 5650679000 -249744.5276
 5657495000 -251813.9293
 5664304000 -253947.9008
 5671120000 -254023.3514
 5677940000 -257066.6638
 5684762000 -259095.4246
 5691596000 -261021.7344
 5698411000 -262118.0915
 5705225000 -263226.2630
 5712048000 -265258.3591
 5718861000 -267381.3716
 5725672000 -268524.9835
 5732486000 -269645.2544
 5739318000 -272610.3820
 5746121000 -272833.3625
 5752928000 -276024.2127
 5759738000 -277191.7237
 5766560000 -279256.8318
 5773378000 -281360.1107
 5780192000 -281501.5551
 5787006000 -283646.0238
 5793824000 -287758.3826
 5800641000 -290882.5524
 5807454000 -292044.8797
 5814282000 -294078.4973
 5821095000 -296246.8781
 5827915000 -297356.8130
 5834717000 -299627.8332
 5841542000 -302699.9172
 5848357000 -302862.8351
 5855169000 -305055.1168
 5861983000 -307232.8627
 5868799000 -309396.0757
 5875615000 -311562.3147
 5882447000 -312591.1356
 5889267000 -313728.3246
 5896076000 -316965.0888
 5902893000 -318134.6614
 5909707000 -322333.5889
 5916522000 -322526.7651
 5923339000 -321705.4163
 5930157000 -322878.3198
 5936972000 -321080.5738
 5943818000 -321013.8663
 5950639000 -321169.5444
 5957452000 -321398.4360
 5964258000 -319691.7581
 5971067000 -319961.7814
 5977871000 -318278.6822
 5984683000 -317528.4297
 5998341000 -318738.8048
 6005154000 -317988.8651
 6011969000 -315224.4101
 6018785000 -316454.2114
 6025601000 -315687.0388
 6032415000 -313940.4282
 6039235000 -312144.2366
 6046042000 -312465.0470
 6052851000 -311771.3421
 6059662000 -311063.1246
 6066483000 -309270.2710
 6073299000 -309524.2746
 6080114000 -309790.0690
 6086922000 -308120.2398
 6093735000 -307409.6095
 6100550000 -305684.4755
 6107369000 -305927.3142
 6114180000 -305243.2830
 6120994000 -303535.9867
 6127810000 -302814.1912
 6134610000 -301235.6031
 6141420000 -300572.4179
 6155042000 -299237.5897
 6161865000 -298469.5933
 6168682000 -297757.1839
 6175494000 -296091.5948
 6182308000 -294411.5117
 6189119000 -292760.7263
 6195944000 -293990.3597
 6202755000 -291345.6237
 6209572000 -290651.3706
 6216386000 -288986.4125
 6223198000 -288341.9898
 6230013000 -287674.3243
 6244030000 -286960.1851
 6250850000 -284257.9980
 6257673000 -283532.5806
 6264489000 -282871.4655
 6271301000 -282248.3863
 6278110000 -281654.5855
 6284930000 -280967.5376
 6291722000 -278528.5501
 6298530000 -277952.5569
 6305342000 -278344.5817
 6312156000 -276722.1295
 6318972000 -276085.2030
 6325805000 -275302.5715
 6332614000 -274732.9436
 6339424000 -275157.5877
 6346234000 -273585.2524
 6353049000 -272972.2024
 6359862000 -271379.6708
 6366680000 -270746.4315
 6373490000 -270186.1863
 6380357000 -269130.4780
 6387151000 -268716.2177
 6393970000 -268086.3528
 6400787000 -267477.0047
 6407601000 -267896.9142
 6414410000 -267363.5636
 6421227000 -266763.2914
 6428045000 -265157.3040
 6434867000 -264519.3773
 6441693000 -264849.5166
 6448518000 -263191.4318
 6455327000 -263676.2281
 6462131000 -262207.7443
 6468945000 -260654.8803
 6475758000 -260113.7797
 6482568000 -261601.9185
 6489381000 -260066.8634
 6496187000 -258595.9962
 6503019000 -257900.9753
 6509842000 -256287.6267
 6516663000 -256694.7833
 6523488000 -255070.0264
 6530311000 -255465.7746
 6537127000 -252925.7009
 6543928000 -253519.6735
 6550741000 -254011.8479
 6557555000 -252498.3120
 6564372000 -252961.6004
 6571193000 -252392.9841
 6578010000 -251862.3281
 6584842000 -251203.7189
 6591654000 -250722.7813
 6598476000 -248157.5550
 6605293000 -248639.0135
 6612130000 -248948.8942
 6618946000 -247445.1452
 6632569000 -245525.2855
 6639383000 -245048.0676
 6646194000 -244600.0580
 6659811000 -243756.7394
 6666651000 -245064.7186
 6673469000 -242567.7225
 6680285000 -243091.2058
 6687103000 -243600.2645
 6693923000 -243094.9012
 6700747000 -242557.6696
 6707564000 -242084.5394
 6714389000 -242544.6475
 6721205000 -241086.2978
 6728026000 -241587.3607
 6734837000 -241178.6765
 6741643000 -241816.6229
 6748449000 -240457.5865
 6755264000 -239023.0792
 6762085000 -240539.2741
 6768900000 -239110.8198
 6775718000 -238659.2318
 6782527000 -238289.1439
 6796150000 -238514.4363
 6802968000 -236074.9500
 6809783000 -237664.6435
 6816605000 -236196.3438
 6823415000 -236835.6731
 6830228000 -235451.8750
 6837033000 -235140.8250
 6843847000 -234754.3551
 6850665000 -234336.0507
 6857483000 -234920.7741
 6864303000 -235491.0977
 6871128000 -235020.8841
 6877940000 -234666.9725
 6884757000 -235272.5210
 6891575000 -233872.3844
 6898386000 -234536.2568
 6905199000 -233185.7285
 6918821000 -233528.5832
 6925640000 -233134.8644
 6932455000 -230779.0119
 6939267000 -231452.3113
 6946086000 -230067.6738
 6952893000 -229790.5615
 6959710000 -231429.3913
 6966514000 -229184.4410
 6973327000 -229864.1457
 6980141000 -231538.1676
 6986947000 -231284.8604
 6993762000 -230956.2219
 7000572000 -231674.1332
 7007376000 -231447.2923
 7014188000 -231153.8343
 7021028000 -229619.6981
 7027839000 -230341.0008
 7034649000 -230074.0278
 7041466000 -229749.1596
 7048284000 -230418.6166
 7055096000 -229143.3096
 7061911000 -228844.9224
 7068728000 -228532.1594
 7075549000 -229187.6231
 7082363000 -227907.0145
 7089175000 -227646.8286
 7095991000 -228354.8702
 7102803000 -227100.7311
 7109618000 -227823.5209
 7116427000 -226601.5202
 7123238000 -228365.1455
 7130057000 -227062.2204
 7136877000 -228753.6280
 7143688000 -227526.3257
 7150502000 -229275.9595
 7157310000 -228080.7859
 7164119000 -228879.9370
 7177776000 -228148.2565
 7184592000 -228895.6338
 7191397000 -227741.6547
 7198208000 -228538.5395
 7205021000 -227321.0627
 7211836000 -228089.2270
 7218646000 -228903.8701
 7225454000 -228738.9144
 7232272000 -228490.0794
 7239086000 -227279.0297
 7245905000 -229027.5596
 7252717000 -228839.9377
 7259528000 -229664.0264
 7266340000 -230482.4491
 7273153000 -230295.2072
 7279964000 -232128.3620
 7286787000 -231860.3031
 7293597000 -231708.1924
 7300417000 -233472.2484
 7307236000 -233248.0190
 7314042000 -233139.7170
 7320854000 -234982.3277
 7327675000 -235749.8083
 7334485000 -236615.8345
 7341298000 -235458.8331
 7348111000 -235304.8551
 7354928000 -236119.1731
 7361738000 -236997.2879
 7368608000 -236357.5658
 7375419000 -237233.0682
 7382244000 -237990.0712
 7389058000 -237845.5841
 7395897000 -239487.1418
 7402717000 -240296.6419
 7409539000 -239091.8151
 7416356000 -241933.4089
 7423177000 -241743.3201
 7429958000 -241903.3402
 7436791000 -244615.1763
 7443619000 -244373.4340
 7450446000 -245143.4041
 7457273000 -243916.4099
 7464047000 -245152.2129
 7470876000 -246913.9182
 7477664000 -247034.2892
 7484463000 -247062.2539
 7491285000 -247893.7513
 7498106000 -248736.9526
 7504925000 -249600.5286
 7511739000 -250510.4914
 7518558000 -253380.1226
 7525376000 -253261.4533
 7532199000 -253102.4602
 7539007000 -254076.5474
 7545816000 -256044.9840
 7552638000 -258903.7439
 7559505000 -260375.4515
 7566328000 -260231.6261
 7573154000 -262064.8300
 7579987000 -262840.3986
 7586804000 -265757.6762
 7593617000 -266712.6460
 7600430000 -268670.6392
 7607250000 -268570.9979
 7614072000 -271457.0563
 7620890000 -271380.8041
 7627708000 -272307.5798
 7634521000 -274280.7015
 7641305000 -276508.0792
 7654888000 -280841.8932
 7661710000 -281749.1197
 7668530000 -280676.7004
 7675360000 -282520.7010
 7682191000 -286359.0796
 7695730000 -288110.0914
 7702525000 -289269.2649
 7709349000 -293180.3416
 7716176000 -294068.4765
 7723009000 -294907.7000
 7729835000 -297810.5666
 7736665000 -298681.8403
 7743492000 -297582.1221
 7750324000 -300442.1592
 7757149000 -300365.8262
 7763971000 -300318.4929
 7770721000 -300897.3339
 7777493000 -301288.7476
 7784320000 -302207.1848
 7791146000 -304137.3112
 7797981000 -305992.5957
 7804799000 -304998.0164
 7811621000 -304971.8566
 7818452000 -306870.8632
 7825272000 -308868.0725
 7832102000 -308781.8038
 7838918000 -311819.6781
 7845687000 -313267.1229
 7852432000 -315925.1389
 7859234000 -316093.1249
 7866027000 -317341.9617
 7872810000 -319680.2853
 7879590000 -322047.5488
 7886360000 -322504.2787
 7893167000 -323644.0627
 7899963000 -325881.9746
 7906741000 -328278.5212
 7913525000 -329626.1873
 7920299000 -331063.3014
 7927098000 -334287.2899
 7933887000 -334600.7307
 7940658000 -337072.7601
 7947450000 -336366.2675
 7967778000 -342679.6308
 7974549000 -344166.6073
 7981334000 -345535.5954
 7988125000 -346855.7384
 7994924000 -348109.7640
 8001721000 -350384.0801
 8008531000 -350549.0947
 8015337000 -352751.6854
 8022137000 -353009.1237
 8028932000 -352312.7635
 8035732000 -353576.2232
 8042502000 -353101.8068
 8049293000 -354449.0065
 8056059000 -356015.1147
 8062835000 -355497.8474
 8069639000 -357741.7823
 8076416000 -356221.8737
 8083199000 -356653.1501
 8089978000 -358121.9593
 8096768000 -358498.7929
 8103558000 -358878.6296
 8110312000 -359572.2445
 8117085000 -362104.8187
 8123867000 -362562.6951
 8130688000 -362686.9459
 8137473000 -364124.9387
 8144285000 -365332.9084
 8151052000 -366932.2502
 8157879000 -367016.8017
 8164692000 -367225.1965
 8171513000 -368367.5854
 8178330000 -373547.5176
 8185146000 -373739.1046
 8191961000 -374942.3450
 8198778000 -377131.3567
 8205593000 -376340.6483
 8212376000 -378828.9970
 8219145000 -379441.1003
 8225964000 -381624.9323
 8232787000 -383777.2944
 8239546000 -383484.6392
 8246303000 -386212.2073
 8253057000 -386968.6194
 8259810000 -389736.6256
 8266629000 -390938.5193
 8273454000 -393091.7097
 8280275000 -393282.4204
 8287101000 -394433.0559
 8293924000 -393612.5884
 8300730000 -394941.6974
 8307487000 -394696.1938
 8314291000 -395048.5541
 8321109000 -395283.2650
 8327929000 -395503.7668
 8334713000 -397037.5472
 8341478000 -396738.0596
 8348241000 -397458.7872
 8355065000 -396656.8748
 8361902000 -397745.9843
 8368729000 -397924.2966
 8375555000 -398114.2601
 8382375000 -399358.9481
 8389207000 -397503.2919
 8396039000 -397650.6760
 8409732000 -398704.7839
 8416558000 -396912.9779
 8423378000 -396175.8805
 8430178000 -396614.0488
 8436931000 -395459.9635
 8443784000 -396447.7556
 8450597000 -395783.0260
 8457394000 -396259.0804
 8464193000 -395720.9248
 8470966000 -395409.6182
 8477735000 -397135.7344
 8484489000 -395993.9593
 8491277000 -397562.4890
 8498084000 -397970.4796
 8504861000 -397639.6967
 8511655000 -400165.5947
 8518459000 -399608.4386
 8525269000 -401002.6642
 8532084000 -402356.8847
 8538897000 -403731.3398
 8545692000 -403263.6954
 8552481000 -403850.6816
 8559274000 -404406.2563
 8566079000 -404861.6012
 8572886000 -404302.7573
 8579647000 -405142.6269
 8586453000 -404598.4004
 8593248000 -405151.8042
 8600054000 -404613.6071
 8606861000 -407069.8270
 8613670000 -406511.8652
 8620483000 -407922.5256
 8627304000 -409267.4176
 8634114000 -410709.9239
 8640923000 -412164.0490
 8647723000 -412698.5727
 8654498000 -415451.0383
 8661304000 -415939.9942
 8668100000 -417517.9304
 8674914000 -419944.1492
 8681720000 -420442.1557
 8688523000 -421968.9644
 8695340000 -423378.4640
 8702145000 -424894.1197
 8708945000 -427455.7600
 8715769000 -426814.1751
 8722583000 -429261.5510
 8729385000 -428815.0591
 8736192000 -429328.6214
 8743023000 -431639.0073
 8749842000 -432055.5245
 8756675000 -431354.8027
 8763492000 -432794.5638
 8770305000 -434271.7104
 8777125000 -434691.7559
 8783940000 -435157.7749
 8790760000 -435583.8775
 8797568000 -437116.0642
 8804383000 -437591.1578
 8811199000 -438060.6896
 8817980000 -439833.7767
 8824799000 -439283.5867
 8831612000 -440787.9395
 8838434000 -441218.0486
 8852002000 -443739.7705
 8858792000 -442453.6246
 8865581000 -446179.0652
 8872355000 -446036.2531
 8879155000 -446673.2830
 8885979000 -446107.3539
 8892792000 -448638.8563
 8899599000 -449224.8696
 8906406000 -449813.9010
 8913232000 -452242.9238
 8920038000 -452846.5796
 8926856000 -455350.2991
 8933671000 -457882.7835
 8940540000 -457955.0501
 8947355000 -458493.6088
 8954139000 -459301.1008
 8960931000 -460042.9726
 8967751000 -461547.6988
 8974539000 -464329.8980
 8981314000 -464226.5853
 8988131000 -465766.0925
 8994974000 -467085.6761
 9001795000 -467596.9504
 9008615000 -470119.8294
 9015414000 -470825.7856
 9022217000 -473500.4597
 9029019000 -473186.7211
 9035836000 -473747.4108
 9042650000 -475336.8431
 9056280000 -475507.6386
 9070314000 -479228.2022
 9077129000 -481824.3673
 9083950000 -486372.1423
 9090771000 -489922.9477
 9097585000 -490536.7621
 9104395000 -493187.8723
 9111212000 -492782.0311
 9118019000 -493464.8869
 9124792000 -496442.0240
 9131589000 -496216.5621
 9145526000 -497836.7924
 9152332000 -499543.4270
 9159165000 -502021.8419
 9166001000 -503477.6063
 9172839000 -502919.2877
 9179679000 -505346.8887
 9186519000 -506777.5371
 9193362000 -507185.5466
 9200203000 -509613.7295
 9207036000 -509113.4504
 9213879000 -511530.6048
 9220714000 -512019.2919
 9227933000 -515224.0345
 9234828000 -515205.4142
 9241696000 -515420.9822
 9248532000 -515913.4949
 9255369000 -517400.4934
 9262208000 -515873.4213
 9269015000 -514623.2254
 9275801000 -515555.7388
 9282632000 -514106.2188
 9289452000 -514753.8524
 9296273000 -516395.9602
 9303091000 -517066.7634
 9309915000 -518689.2673
 9316735000 -519349.0207
 9323560000 -520969.0356
 9330392000 -521532.2122
 9337224000 -524098.4292
 9344040000 -524804.5231
 9350859000 -526487.9874
 9357671000 -526234.3403
 9364489000 -527932.4100
 9371309000 -528616.4064
 9378126000 -530329.0827
 9384945000 -531027.6867
 9391769000 -532686.5735
 9398578000 -533476.7245
 9405401000 -533150.2192
 9412220000 -535860.9377
 9419032000 -536634.5166
 9425853000 -536334.1954
 9432669000 -538079.6373
 9439488000 -537802.4671
 9446303000 -538562.5081
 9453125000 -538265.7579
 9459948000 -539963.4944
 9466773000 -538647.1746
 9473604000 -540282.6258
 9480434000 -541929.6598
 9487249000 -542707.8766
 9494068000 -544454.9486
 9500889000 -545187.9651
 9507712000 -544906.9289
 9514557000 -547441.0189
 9521382000 -547148.9755
 9528211000 -548825.8050
 9535036000 -551539.8316
 9541874000 -552145.8799
 9548698000 -553874.5193
 9555521000 -555614.7303
 9562347000 -558332.3594
 9569172000 -560061.5611
 9575990000 -561853.5570
 9589612000 -564566.1406
 9596436000 -565315.9987
 9603268000 -569000.6069
 9610076000 -570893.0942
 9616866000 -571942.2219
 9623696000 -573652.9896
 9630528000 -575349.7286
 9637358000 -575066.5742
 9644181000 -575846.1875
 9651006000 -576611.7685
 9657852000 -577201.2147
 9664670000 -579032.5929
 9671459000 -577114.3968
 9678256000 -579130.9587
 9692280000 -578505.3740
 9699086000 -579454.3914
 9705902000 -580321.1388
 9712724000 -580139.7427
 9719561000 -581833.4605
 9726394000 -582564.3326
 9733207000 -583468.7846
 9740076000 -584898.7764
 9746878000 -586903.0865
 9753705000 -587697.2702
 9760530000 -588511.5401
 9767353000 -589345.8934
 9774178000 -589166.2305
 9780999000 -590023.6969
 9787806000 -590003.5212
 9794595000 -592139.7765
 9801340000 -593654.0239
 9808087000 -596154.1905
 9814861000 -597427.2384
 9821678000 -597336.8646
 9828480000 -600377.3287
 9835286000 -600386.7252
 9842105000 -600288.3810
 9848918000 -603244.1819
 9855737000 -602151.8924
 9862556000 -604062.6317
 9869363000 -606078.6165
 9876188000 -605944.3021
 9883000000 -607923.7451
 9889814000 -606889.1772
 9896648000 -607687.3076
 9903467000 -609616.2179
 9910225000 -610067.5967
 9917037000 -613062.1420
 9923851000 -618042.6808
 9930649000 -620162.4692
 9937436000 -621378.9176
 9944234000 -624504.7213
 9951052000 -629463.2800
 9957882000 -636322.7190
 9964699000 -639295.8506
 9971516000 -642272.0091
 9978301000 -648523.5458
 9985112000 -656556.8072
 9991942000 -665431.3986
 9998762000 -673394.1249
10005582000 -681359.8808
10012390000 -686430.7714
10019216000 -691351.5313
10026027000 -692402.9442
10032853000 -696329.7673
10039671000 -696327.6813
10046505000 -698192.5185
10053313000 -697281.5560
10060135000 -696254.5336
10066956000 -694239.0476
10073739000 -692549.7730
10080557000 -690565.8441
10094180000 -687717.6145
10101001000 -686717.2544
10107825000 -683694.4172
10114626000 -680870.1613
10121374000 -676499.5059
10135246000 -670570.8055
10141992000 -668226.2139
10148788000 -665459.5929
10155611000 -664466.4957
10162421000 -660586.9176
10169239000 -657642.3719
10176060000 -654675.3597
10182886000 -650668.8898
10189698000 -648784.4157
10196521000 -646809.4997
10203345000 -642829.1197
10210169000 -641851.7729
10216989000 -640911.4409
10223816000 -640914.6737
10230635000 -641988.8985
10237463000 -642989.7053
10244284000 -643053.0043
10251111000 -643068.3747
10257943000 -643044.3170
10264778000 -643997.8226
10271602000 -643047.7818
10278427000 -644092.2828
10285255000 -643114.3448
10292074000 -642215.8584
10305698000 -641546.8268
10312521000 -640623.4635
10319325000 -638864.4190
10326141000 -635006.5300
10332983000 -632930.9824
10339784000 -629206.4685
10346609000 -627281.2798
10353429000 -623401.5578
10360251000 -618507.8932
10367082000 -617540.8891
10373903000 -612661.7765
10380723000 -609794.1791
10387546000 -605904.1584
10394327000 -604373.4927
10401151000 -599481.0345
10407975000 -595591.6094
10414805000 -593654.3222
10421623000 -589821.8587
10428417000 -585195.9828
10435159000 -582014.1366
10441953000 -579394.2508
10448796000 -575361.8353
10455618000 -570510.5474
10462444000 -566628.3732
10469269000 -561757.7129
10476087000 -555949.4366
10482915000 -554059.4070
10489738000 -549214.8024
10503764000 -541313.5209
10510587000 -539478.1821
10524221000 -530918.3062
10537847000 -523438.3342
10544717000 -522219.8607
10551534000 -523453.5639
10558357000 -523639.4550
10565194000 -523709.7599
10572018000 -523893.2494
10578844000 -524062.8284
10585672000 -523218.4995
10592494000 -522428.0331
10599323000 -521581.3044
10606155000 -521712.2031
10612983000 -521880.0207
10619807000 -519084.7517
10626637000 -522241.7034
10633464000 -521427.0985
10640294000 -522590.1259
10647130000 -522705.3873
10653953000 -522933.7631
10660783000 -522105.9055
10667632000 -523120.2310
10674466000 -524264.5964
10681303000 -525386.6083
10688141000 -523503.2001
10694979000 -524622.8376
10701809000 -523813.2315
10708645000 -523955.8835
10715474000 -523160.8200
10722284000 -523529.5819
10735943000 -526946.1645
10742829000 -526680.9562
10749618000 -527239.5275
10756440000 -530521.9113
10763273000 -530714.2681
10770105000 -528918.1256
10776952000 -527998.1390
10783785000 -527199.6251
10790618000 -526404.1524
10797462000 -527518.6871
10804276000 -524889.9880
10811110000 -526095.1785
10817948000 -525269.5860
10824790000 -525413.2157
10831628000 -527593.7162
10838472000 -527726.5327
10845291000 -528073.7626
10852123000 -529314.1186
10858922000 -527836.4840
10865760000 -528032.1868
10872584000 -529349.2733
10879417000 -530593.3225
10886242000 -531908.0276
10893066000 -535234.2181
10899894000 -533529.6379
10906719000 -535853.4460
10913541000 -536205.6383
10920369000 -537510.1643
10927195000 -539834.6254
10934019000 -541179.0189
10940846000 -543501.1007
10947667000 -545876.9053
10954497000 -548179.7139
10961316000 -553578.4775
10968138000 -555954.9302
10974963000 -557309.0761
10981800000 -561564.9088
10988642000 -564781.5604
10995472000 -569102.5978
11002298000 -571460.4508
11009118000 -574872.0017
11015935000 -578311.9124
11022749000 -582780.1789
11029573000 -589167.0447
11036393000 -592590.7118
11043217000 -599983.6422
11050048000 -607320.5175
11056878000 -615668.8729
11063707000 -622028.7071
11070531000 -632433.7781
11077352000 -639867.2004
11084177000 -647269.8974
11090992000 -655760.0135
11097827000 -665084.3936
11104664000 -674394.9415
11111488000 -683818.2173
11118314000 -691227.6527
11125144000 -700606.3780
11131977000 -708962.8344
11138804000 -716372.9442
11145631000 -725786.0898
11152453000 -734244.4437
11159288000 -742596.1864
11166113000 -751035.3081
11172891000 -758873.8224
11179666000 -767740.6274
11186478000 -774298.4278
11193251000 -783188.0922
11199982000 -790434.8635
11206791000 -799026.9710
11213523000 -805271.2480
11220273000 -813366.7355
11227036000 -821355.6055
11241010000 -836566.2064
11247773000 -842564.2113
11254586000 -850143.8031
11261414000 -856600.0073
11268232000 -864143.5177
11275050000 -868690.0560
11281867000 -874248.0482
11288683000 -880817.4930
11295492000 -886448.9400
11302317000 -890948.6112
11309136000 -898501.8621
11315962000 -901999.1749
11322777000 -908592.1800
11329600000 -912120.8266
11336408000 -918778.8431
11350047000 -927910.2358
11356869000 -933459.4229
11370877000 -939501.9092
11377701000 -942043.5126
11384538000 -941478.6972
11391374000 -942925.3454
11398189000 -943551.8258
11404996000 -943248.6757
11411799000 -942982.2141
11418629000 -943491.5037
11425461000 -942986.9984
11432276000 -942628.6100
11439098000 -942214.3359
11445926000 -941752.6010
11452713000 -941638.9152
11459510000 -940444.0847
11466332000 -942041.9122
11473154000 -941642.7711
11479968000 -941313.9667
11486836000 -939533.8998
11493628000 -939396.2379
11500459000 -938933.5194
11514115000 -937067.6662
11520942000 -936647.7052
11527775000 -936180.3198
11534609000 -932707.5659
11541445000 -932221.0357
11548273000 -931804.8191
11555142000 -932046.9003
11561979000 -931561.1049
11568814000 -931095.1691
11575650000 -928623.8693
11582471000 -927281.7106
11589289000 -924967.8005
11596101000 -925707.3519
11602925000 -923349.0639
11609766000 -922850.9290
11616594000 -922465.0979
11623433000 -919989.8614
11630257000 -919643.7221
11637082000 -920292.2130
11643910000 -917918.5305
11657946000 -914987.6743
11664772000 -915640.0732
11671598000 -911295.5071
11678425000 -910945.5756
11685252000 -907598.6800
11692085000 -907204.4242
11698908000 -903897.1985
11705727000 -904626.5990
11712938000 -900067.0117
11719762000 -899760.6560
11726589000 -896432.1421
11733410000 -893157.0441
11740247000 -892750.6371
11747066000 -889498.3986
11753881000 -887282.7702
11767514000 -881835.4055
11774339000 -878544.9140
11781170000 -879207.0953
11787994000 -874931.0676
11794812000 -873708.4291
11801643000 -872379.7197
11808477000 -870028.8743
11815299000 -865781.7669
11822137000 -865403.4368
11828933000 -862380.5504
11835750000 -859184.4827
11842565000 -859008.2209
11849395000 -856709.1478
11856219000 -854463.4452
11863037000 -852271.1049
11869854000 -851090.1803
11876674000 -847887.1207
11883498000 -844653.5431
11890318000 -842456.5444
11897132000 -840312.8913
11903936000 -837256.1180
11910756000 -836068.1984
11917575000 -831891.6931
11924397000 -830693.0638
11931219000 -827497.4659
11938041000 -824304.8995
11944864000 -825106.9815
11951678000 -820987.5377
11958492000 -818871.1182
11965310000 -815724.1968
11972116000 -813680.8765
11978917000 -812682.4767
11985733000 -812561.3864
11992551000 -809426.5626
11999373000 -806261.2492
12006193000 -805115.7251
12013012000 -801981.6089
12019814000 -799992.9475
12026639000 -798814.6160
12040652000 -793426.3295
12047469000 -790324.2711
12054291000 -790183.3608
12061113000 -786045.4819
12067935000 -783910.6344
12074757000 -782778.8183
12081574000 -780691.9035
12088394000 -778582.8950
12095218000 -776443.4237
12102034000 -773373.9668
12108851000 -771299.1637
12115682000 -768110.1830
12122500000 -766033.0688
12129318000 -762958.9823
12136145000 -760812.5899
12142967000 -758711.0832
12149789000 -754612.6079
12156608000 -752542.2713
12163428000 -749466.5947
12170252000 -746360.4749
12177067000 -744332.6982
12183896000 -741190.8042
12190720000 -740093.7821
12197547000 -735974.6939
12211570000 -731658.7476
12218385000 -728649.3118
12225190000 -726726.5474
12232005000 -725723.1575
12238823000 -721697.7016
12252464000 -716614.0590
12259293000 -713505.7024
12266112000 -712484.0030
12272930000 -708473.6937
12279755000 -707407.8849
12286571000 -704420.3557
12293387000 -701435.8526
12300259000 -699986.2303
12314285000 -695739.0242
12321112000 -693674.8830
12334791000 -690346.7709
12341608000 -687375.3186
12348440000 -685281.5444
12355263000 -682266.0158
12362085000 -681261.8752
12368919000 -678160.5028
12375740000 -676170.7851
12382562000 -674175.7436
12389386000 -672167.0255
12396218000 -671094.5128
12403042000 -668091.8647
12409911000 -665716.3830
12416739000 -662686.4126
12423561000 -659709.5891
12430406000 -658543.7182
12437233000 -656531.2136
12444058000 -652538.4456
12457705000 -648587.0603
12464534000 -646569.9970
12471357000 -642606.0629
12478180000 -640645.1610
12485002000 -637695.6391
12491852000 -634515.4255
12498664000 -631655.4469
12505489000 -629689.9881
12512310000 -627760.9470
12519132000 -626826.5909
12525955000 -621886.9212
12539639000 -618699.6012
12546469000 -615710.6393
12553297000 -614741.4024
12560129000 -612741.8311
12566962000 -609736.9576
12573782000 -605843.5702
12580622000 -603786.3830
12587443000 -602890.7227
12594273000 -598923.0277
12601106000 -596933.3507
12607942000 -595921.6959
12614768000 -591996.4773
12621599000 -590032.5997
12628409000 -588246.8670
12635239000 -586297.3967
12642068000 -583359.3024
12648896000 -581432.5828
12655719000 -576550.5827
12662541000 -575679.9511
12669360000 -572837.3579
12676186000 -569939.4467
12683024000 -567944.5529
12689851000 -565044.3826
12696676000 -562163.9159
12703497000 -559319.8172
12710373000 -557020.4327
12717199000 -553140.7566
12724030000 -551222.4547
12730862000 -547298.8605
12737742000 -544978.4071
12744552000 -542244.1923
12751391000 -538271.4181
12765022000 -532726.4937
12771850000 -529854.4573
12778672000 -527035.4290
12785495000 -523211.1039
12792328000 -521306.5344
12799159000 -519421.6604
12805993000 -514514.8455
12812837000 -510527.8092
12819669000 -508643.7346
12826493000 -506829.3040
12833325000 -503951.3064
12840154000 -501101.3229
12846979000 -497287.6734
12853806000 -495460.4106
12860636000 -492611.2140
12867467000 -489756.7331
12874299000 -485896.9692
12881135000 -483006.9580
12887958000 -480228.1695
12894797000 -478319.2772
12901626000 -475496.6370
12908449000 -471726.9551
12915284000 -469860.4695
12922108000 -466088.5383
12928933000 -463311.3214
12935748000 -460620.3221
12942580000 -458790.9436
12949404000 -454031.1451
12956234000 -453224.4776
12963072000 -451354.3162
12969909000 -447495.5166
12976747000 -443631.4460
12983589000 -441737.1601
12990409000 -438028.8485
12997264000 -437032.5649
13004089000 -433288.7586
13010918000 -432514.7327
13017740000 -429801.9353
13024567000 -427050.6066
13031397000 -429277.3774
13038219000 -437573.6799
13045007000 -444155.5955
13051822000 -451516.1212
13058643000 -458829.8100
13065456000 -465213.0085
13072271000 -469582.6115
13079057000 -469196.2008
13085882000 -469488.7556
13092708000 -470776.0364
13099524000 -474149.4288
13106338000 -469542.4618
13113158000 -466888.6783
13119984000 -465188.0864
13126789000 -461664.9532
13133586000 -462211.2800
13140412000 -458519.7707
13147241000 -457806.3826
13154078000 -455029.5992
13160904000 -452347.2010
13167724000 -449717.6570
13174545000 -446082.8399
13181378000 -444351.4252
13188187000 -441822.2972
13195021000 -439088.6527
13201853000 -437374.6523
13215510000 -433013.8731
13222346000 -429275.7917
13229174000 -427607.1480
13236004000 -424924.9434
13242827000 -422303.8657
13249647000 -420710.7139
13256468000 -417112.2943
13263331000 -415168.4311
13270157000 -413534.6083
13276988000 -410862.3400
13283820000 -409184.8154
13290645000 -407568.3976
13297464000 -403004.7825
13304267000 -400576.9055
13311027000 -399508.6806
13317829000 -397095.1070
13324653000 -393502.1010
13338319000 -389175.9302
13345140000 -387616.9066
13351944000 -385201.8644
13358741000 -380847.8732
13365569000 -378239.8905
13372370000 -376858.7718
13379131000 -374812.2443
13385892000 -370768.6941
13392661000 -368661.8127
13399488000 -366077.2039
13406277000 -362810.5632
13413103000 -360240.2964
13419924000 -357714.4986
13426743000 -355208.3040
13433490000 -351301.7241
13440282000 -348025.2628
13447105000 -346494.9702
13453924000 -344000.8483
13460749000 -341460.0502
13467565000 -339996.8395
13474380000 -335544.9381
13481188000 -334154.0416
13487979000 -329906.9643
13494802000 -326397.8692
13501614000 -324982.9027
13508435000 -322496.4294
13515258000 -318996.4254
13522079000 -316516.0139
13528906000 -312988.9547
13535720000 -308572.5618
13542544000 -307076.4049
13549361000 -302641.2298
13556194000 -300076.6349
13563022000 -297556.4685
13569835000 -293163.4944
13576647000 -288781.8203
13583458000 -285411.4448
13590272000 -283019.2638
13597080000 -279679.7587
13603907000 -275186.0510
13610713000 -271869.1410
13617517000 -268571.7961
13624336000 -265153.3642
13631159000 -261704.8688
13637986000 -259226.3154
13644813000 -255750.7978
13651614000 -250493.3804
13658423000 -248172.8057
13665252000 -245689.8344
13672053000 -241441.4713
13678862000 -238129.9614
13685677000 -233771.8545
13692505000 -230309.2750
13699332000 -225858.0009
13706153000 -222459.3716
13712966000 -220129.9145
13719791000 -216704.2735
13726614000 -212298.2003
13733421000 -210027.4214
13740233000 -207718.3309
13747053000 -203346.1390
13753878000 -200935.6514
13760677000 -196743.0776
13767465000 -193644.4207
13774257000 -191515.7101
13781073000 -186191.6855
13787897000 -183804.5843
13794724000 -179395.7292
13801528000 -177179.9346
13808347000 -172843.2329
13815169000 -168484.7767
13821987000 -166162.3944
13828810000 -164801.7390
13835606000 -159667.1286
13849231000 -154134.3909
13856050000 -150818.8769
13862869000 -146506.3916
13869687000 -144205.1925
13876474000 -139162.9903
13883302000 -136785.2670
13890098000 -132674.7780
13896909000 -129443.4613
13903709000 -126305.9745
13910538000 -121932.1089
13917399000 -119297.1401
13931013000 -113927.7800
13937832000 -110648.5902
13944650000 -108380.6818
13951470000 -104099.2968
13958280000 -100903.4589
13965097000  -97652.8826
13971916000  -94388.8315
13978728000  -90185.5620
13985547000  -85927.5653
13992360000  -82722.0944
13999179000  -78470.1524
14006004000  -76171.7474
14012798000  -70132.0702
14019634000  -66748.9944
14026449000  -65542.1556
14033270000  -62288.8609
14040082000  -59112.8144
14046831000  -55459.2863
14053651000  -53223.2926
14060434000  -50295.3965
14067250000  -47098.4242
14074074000  -42838.5243
14080900000  -39565.1702
14087668000  -35772.9627
14094478000  -33637.5385
14101295000  -28447.4380
14108110000  -25276.8485
14114930000  -25068.0764
14121755000  -18821.1285
14128586000  -16527.7708
14135396000  -13410.4967
14142133000   -9897.7457
14148874000   -6354.9937
14155710000   -4032.5080
14162525000    1113.9268
14176523000    7429.1333
14183351000   11673.4113
14190164000   15791.1030
14196987000   18988.1333
14203814000   21215.0742
14210638000   24414.2734
14217466000   27643.3789
14224283000   30778.8692
14231102000   35927.8004
14237913000   39007.8347
14244743000   43241.2759
14251566000   46414.0502
14258396000   50641.4175
14265225000   51857.5146
14272051000   56045.8802
14278863000   61115.9788
14285688000   65290.0503
14292503000   68378.7881
14299313000   72423.3531
14306132000   76538.9591
14312947000   79618.6218
14319769000   83752.8566
14326612000   85056.8428
14333435000   88193.2329
14340248000   91244.3221
14347068000   94349.9729
14353899000   98543.0796
14360720000  101650.8918
14367518000  105566.4966
14374328000  108577.7870
14381141000  111610.7292
14387971000  113780.4518
14394786000  117823.7863
14401606000  117905.2099
14408434000  121049.3832
14415264000  122206.9638
14428887000  124208.8294
14435709000  125291.5458
14442528000  125346.5703
14449345000  126382.1265
14456162000  126414.6558
14462975000  127411.2827
14469795000  128462.4151
14476615000  132510.5179
14483441000  132604.8963
14490264000  134671.5885
14497085000  136718.8151
14510676000  141385.1734
14517489000  142357.6087
14524292000  142244.8719
14531118000  144318.0524
14537936000  146322.4861
14544755000  147332.1055
14551589000  148461.8925
14558410000  149481.8731
14565232000  150507.0354
14572065000  153619.4956
14578886000  154630.3790
14585708000  155646.4427
14592512000  158511.6873
14599320000  160406.7565
14606128000  163298.8067
14612941000  165228.8834
14619764000  168238.0232
14633792000  172382.5664
14640620000  175423.4761
14647379000  176895.0765
14654163000  179568.8614
14660952000  179280.6785
14667730000  179899.2327
14674506000  184498.3843
14681328000  186471.9588
14688134000  185311.2348
14694912000  189917.7885
14701687000  192496.7398
14708510000  192466.4391
14715328000  193392.0941
14722148000  197331.1252
14728921000  197881.6544
14735704000  200511.2065
14742491000  201170.5645
14749297000  201982.7261
14756109000  202841.0692
14762930000  207770.1837
14769744000  211638.8756
14776550000  215438.9557
14783368000  221334.3945
14790160000  225013.6691
14796966000  229804.6985
14803774000  234609.1041
14810525000  237943.3059
14817275000  243266.3434
14830754000  251731.4220
14837499000  256004.5931
14844240000  261242.0248
14850985000  264509.2710
14857794000  269297.9154
14864587000  274952.4567
14871358000  279423.7625
14878161000  283154.2203
14884970000  286930.8119
14891777000  293688.0018
14898602000  295589.6025
14905420000  301430.8387
14912242000  305301.8056
14919060000  310136.9844
14925870000  312903.6257
14932690000  316749.1289
14939499000  320501.5365
14946303000  325209.9873
14959926000  333740.6401
14966728000  337423.6659
14973505000  339899.0379
14980297000  344494.1959
14987090000  350094.5338
14993910000  353912.8416
15000711000  356572.6269
15007501000  362139.3822
15014288000  366678.5855
15021117000  369558.4539
15027918000  374206.1869
15034735000  378981.8131
15041483000  382189.9109
15048289000  386869.5257
15055076000  391390.6978
15061897000  395186.9844
15068709000  398906.6259
15075468000  404189.7596
15082278000  406887.0226
15089098000  411663.0456
15095906000  415337.9074
15102723000  419083.3449
15109546000  421874.8160
15116364000  424622.3733
15123181000  429358.7269
15129989000  434018.4748
15136865000  438231.1018
15143655000  440737.6402
15150470000  444445.5277
15157288000  449174.9109
15164105000  452893.0930
15170922000  457608.2483
15177740000  460328.5489
15184534000  464849.6969
15191345000  470506.7525
15198167000  473250.6673
15204942000  477607.5356
15211734000  482100.3057
15218556000  485835.1606
15225382000  490599.6608
15232200000  494295.7760
15239021000  499013.3684
15245836000  504678.9230
15252646000  507300.6153
15259454000  511902.9529
15266270000  516567.6039
15273085000  522221.0627
15279905000  525912.3246
15286715000  529518.9049
15293524000  535114.2996
15300339000  538755.6604
15307154000  541393.9961
15313972000  546053.7969
15320789000  551702.4068
15327613000  554405.1276
15334434000  560080.3290
15341226000  564515.8118
15347981000  566646.3248
15354757000  571945.2420
15361531000  576224.8479
15368349000  578860.5002
15375172000  583533.9219
15381988000  586147.1982
15388808000  587790.0828
15395632000  592462.5702
15402431000  597928.0827
15409216000  600276.3830
15416004000  606646.1551
15422812000  610176.0528
15436385000  616876.1067
15443140000  620964.7506
15449964000  624613.0883
15456810000  629437.7836
15463637000  633104.5063
15470465000  636776.3463
15477292000  641436.9968
15484111000  645029.3927
15490927000  650594.3041
15497754000  650245.8555
15504571000  652812.8610
15511370000  654230.1291
15518108000  657147.2281
15524869000  657248.8129
15531669000  658665.2412
15538479000  661160.1458
15545307000  660798.7001
15552132000  663409.7741
15558955000  665001.5190
15565728000  667182.8799
15572465000  669067.9755
15579281000  671593.6609
15586034000  674603.1406
15592818000  679862.1533
15599643000  686452.1062
15606457000  687949.4369
15613236000  692158.7053
15620059000  698723.2944
15626887000  700325.5665
15633716000  706932.9445
15640542000  710512.8583
15647359000  715016.4618
15654180000  718549.6034
15660990000  723990.1654
15667806000  728476.5489
15674629000  734016.8860
15681443000  738480.9354
15688274000  743080.3244
15695093000  748579.0107
15701879000  751806.1088
15708689000  757225.5128
15715499000  760641.8960
15722270000  766737.9219
15729060000  768985.5531
15735876000  776441.7161
15742695000  780919.2595
15749477000  785092.7768
15756269000  788344.6444
15763096000  793878.2035
15769921000  798392.4594
15783565000  808363.0718
15790393000  811892.6253
15797215000  817370.3504
15804041000  819877.5701
15810854000  825276.0511
15817681000  828785.3373
15824500000  834226.5463
15831322000  837689.1158
15838081000  840636.5084
15851693000  849286.4374
15858503000  852639.3880
15872131000  862401.2435
15878953000  866842.6480
15885763000  870183.5067
15892586000  873626.9795
15899408000  880059.2946
15906223000  881431.7044
15913041000  880825.4622
15919856000  881191.8203
15926683000  880652.6356
15933505000  881069.7996
15940278000  884085.9230
15947091000  882423.9462
15953912000  883823.9201
15960737000  884253.3487
15967483000  886038.1950
15974317000  884534.6744
15981132000  885873.8322
15987941000  887161.2476
15994719000  888193.9513
16001496000  886215.5440
16008277000  887266.6179
16015086000  888541.9943
16021919000  890009.1666
16028740000  890375.8952
16035570000  891812.6411
16042348000  890824.3172
16049131000  891873.5786
16055947000  893187.6417
16062770000  892555.4813
16069589000  894887.8318
16076431000  894403.7702
16083271000  894900.4329
16090098000  896288.5807
16096919000  895625.0181
16104094000  895830.0657
16110897000  896014.2774
16117720000  895357.6961
16124506000  897397.9890
16131295000  894459.6131
16138110000  894729.0885
16144926000  895003.6481
16151743000  895283.2905
16158561000  894568.0144
16165383000  895882.1424
16172195000  898112.1637
16179012000  902379.6978
16185883000  905081.9638
16192702000  908359.6325
16199513000  911569.4265
16206333000  913849.1466
16213154000  918133.9420
16219975000  921415.7069
16226779000  924556.6737
16233556000  927475.8297
16240362000  930626.9838
16247181000  933880.4552
16253998000  938114.6934
16260771000  940989.4272
16267560000  944990.7942
16274387000  948296.9923
16281198000  951470.5477
16288016000  954697.7814
16294823000  959832.8923
16301625000  962924.4896
16308417000  966932.0867
16315239000  969179.6254
16322058000  973399.8395
16328872000  977576.5382
16335689000  979774.5033
16342508000  983985.6343
16349330000  988218.0246
16356141000  991358.3325
16362957000  995536.0942
16369777000  998743.2086
16376544000 1003518.2996
16383324000 1007395.6271
16390153000 1011666.5340
16396979000 1016910.1246
16403797000 1019085.9406
16410613000 1024242.5449
16417437000 1026460.8555
16431081000 1033856.0146
16437868000 1038765.8891
16444602000 1043244.0046
16451335000 1046711.0770
16458077000 1049247.9968
16464817000 1052765.7790
16471555000 1056264.4262
16478294000 1060768.2037
16485034000 1065277.1104
16491772000 1065766.8846
16498509000 1070245.6154
16505249000 1074745.6474
16511987000 1078226.5496
16518758000 1081971.2983
16525492000 1084413.9336
16532232000 1088902.1197
16538977000 1089427.7650
16545716000 1092901.9478
16552457000 1097389.3381
16559201000 1103898.0154
16565968000 1105589.6137
16572754000 1109431.7767
16579588000 1113658.8281
16586399000 1117696.9847
16593226000 1118861.4015
16600056000 1122047.0214
16606859000 1127011.4639
16613689000 1130191.0188
16620519000 1132367.5352
16627325000 1135347.1439
16634137000 1140372.2000
16640956000 1141450.7726
16647781000 1145574.7758
16654603000 1149671.5167
16661423000 1152749.0748
16668232000 1156734.7759
16675050000 1160790.1301
16681860000 1165777.8618
16688672000 1168778.7206
16695495000 1171865.3648
16702296000 1175771.3707
16709125000 1179900.3954
16715946000 1182961.8057
16722726000 1188689.2469
16729529000 1192599.3322
16736352000 1195667.8187
16743164000 1200644.4993
16749978000 1202634.2970
16756800000 1205685.6262
16763617000 1209693.5789
16770444000 1214779.1903
16777265000 1218813.3572
16784077000 1222771.8845
16790894000 1222767.7254
16797719000 1229825.0737
16804491000 1233451.8716
16818119000 1240374.0050
16824931000 1245314.4052
16831751000 1248316.2995
16838560000 1252226.4588
16845383000 1255246.4898
16852168000 1258957.0854
16858953000 1263664.6824
16865771000 1265635.3386
16872583000 1270554.5955
16879409000 1274583.6904
16886234000 1278601.6894
16893058000 1280608.5937
16899880000 1287596.3446
16906696000 1288532.7060
16913511000 1293457.9821
16920310000 1295251.2921
16927085000 1301848.1905
16933877000 1304579.0838
16940671000 1307323.0873
16947490000 1311265.5100
16954315000 1315253.2436
16961137000 1318213.7747
16967954000 1324130.9959
16974775000 1324077.4111
16981599000 1329044.9603
16988417000 1333961.1502
16995241000 1334922.6357
17002058000 1338824.7137
17008868000 1343667.3936
17015688000 1346587.5786
17022503000 1352464.4733
17029322000 1352370.5496
17036141000 1356273.5972
17042956000 1360141.4128
17049778000 1363062.5559
17056588000 1367884.0684
17063398000 1370702.5602
17070214000 1373566.3256
17077415000 1378525.7692
17084203000 1381157.9639
17090997000 1385835.4435
17097746000 1385147.7905
17104571000 1389068.7278
17111403000 1394042.9555
17118221000 1396901.5002
17125043000 1397789.1989
17131859000 1402625.5961
17138674000 1408450.9226
17145541000 1408691.5190
17152348000 1410446.4226
17159092000 1412691.5835
17165882000 1419303.7511
17172708000 1422202.4409
17179532000 1423082.0119
17186336000 1425797.7202
17193099000 1429180.7308
17199922000 1433043.1977
17206749000 1434934.7929
17213577000 1439831.3920
17220402000 1443700.8366
17227223000 1447535.0919
17234008000 1449076.9354
17240791000 1452599.7045
17247620000 1456489.2011
17254394000 1458933.6228
17261210000 1461712.5928
17268040000 1460601.0429
17274916000 1465856.0971
17281724000 1468561.6740
17288552000 1473424.9283
17295373000 1477228.9053
17302193000 1480021.8178
17309017000 1482843.8347
17315837000 1485630.6863
17322656000 1487406.4756
17329473000 1493163.1720
17336300000 1494997.1584
17343122000 1495787.9527
17349940000 1500543.5924
17356811000 1500721.8140
17363616000 1506366.9854
17370445000 1508201.8481
17377265000 1512961.4119
17384083000 1513701.8888
17390921000 1516599.9009
17397744000 1522374.4519
17404567000 1524145.9705
17411351000 1528601.4110
17418144000 1530126.0912
17424954000 1534784.2066
17431775000 1536527.5816
17438602000 1538316.0764
17445418000 1539013.2647
17452232000 1539691.3787
17458981000 1540844.9270
17465747000 1539131.9041
17472513000 1539415.8993
17479280000 1538704.9352
17486023000 1537798.4614
17492805000 1534201.8651
17499614000 1535818.8419
17506438000 1536553.1081
17513259000 1536260.2807
17520048000 1535707.7911
17526869000 1535408.9168
17533697000 1534163.1441
17540440000 1533232.7699
17547198000 1535419.7037
17554002000 1537972.4690
17560821000 1533642.4752
17567589000 1533900.6040
17574377000 1532316.0732
17581173000 1532792.6673
17587986000 1532402.5133
17594803000 1530041.3955
17601623000 1532701.2940
17608413000 1531117.7434
17615217000 1531643.3793
17622055000 1528438.4452
17628880000 1530126.3009
17635693000 1529714.9761
17642497000 1528228.5221
17649313000 1528835.1884
17656114000 1528318.6656
17662932000 1526935.3074
17669758000 1527613.0013
17676579000 1529247.6125
17683391000 1523807.1113
17690215000 1524459.6915
17697035000 1525077.2056
17703854000 1522683.6824
17710679000 1524335.1744
17717508000 1522015.6599
17724337000 1521693.1077
17731161000 1520327.4880
17737985000 1516958.8352
17744803000 1519539.1185
17751631000 1516196.4206
17758452000 1517794.6565
17765274000 1518397.8657
17772101000 1518038.0601
17778922000 1515627.2014
17785748000 1516253.3243
17792572000 1518860.4084
17799393000 1518440.4546
17806262000 1516401.5231
17813044000 1514663.4615
17819859000 1516186.4110
17826679000 1514746.3342
17833492000 1512247.2324
17840319000 1511857.0916
17847145000 1510455.9166
17853963000 1508987.7226
17860788000 1508572.4837
17867612000 1509146.2136
17874432000 1505684.9237
17881257000 1503260.5853
17888066000 1502705.2805
17901721000 1500881.4220
17908538000 1500380.9968
17915351000 1499845.5686
17922170000 1499355.0784
17928993000 1498893.5318
17935813000 1497404.9750
17942630000 1498889.4119
17949443000 1498338.8548
17956256000 1495785.2744
17963047000 1493052.8710
17969832000 1494269.5212
17976613000 1491451.2127
17983369000 1491430.1702
17990172000 1490781.6433
17996959000 1490002.2830
18003766000 1489379.6870
18010588000 1487873.8898
18017409000 1489357.0739
18024241000 1485925.0833
18031054000 1485338.3098
18037883000 1484876.2892
18044686000 1482203.6061
18051510000 1480695.5962
18065133000 1480470.8709
18071934000 1479770.1454
18078746000 1476154.2239
18085562000 1476567.2116
18092389000 1472064.9802
18099212000 1473527.7850
18106036000 1469995.5391
18112861000 1473468.2411
18119683000 1467913.9670
18126508000 1465380.6023
18133335000 1464860.1631
18140151000 1463248.9152
18146967000 1461634.6412
18153790000 1461073.1905
18160659000 1456875.6961
18167462000 1460148.6089
18174277000 1457514.2328
18181093000 1453884.8081
18187907000 1450236.4050
18201527000 1446866.7230
18208346000 1444249.1251
18215170000 1440668.3707
18221988000 1439036.7391
18228806000 1437402.0797
18242470000 1432346.9124
18249279000 1427631.4069
18256099000 1426000.5713
18262919000 1422366.7061
18269708000 1419482.7130
18283327000 1417032.4916
18290155000 1415450.2877
18296966000 1414729.5717
18303776000 1412997.8655
18310592000 1409310.9480
18317390000 1409477.5840
18324207000 1406792.5897
18331015000 1405032.8663
18337825000 1403286.0568
18344618000 1404400.8041
18351429000 1401655.9263
18358240000 1398908.0269
18365055000 1394188.9647
18371872000 1393482.8058
18378689000 1392773.6199
18385515000 1391133.0775
18392334000 1390433.7596
18399098000 1388293.4766
18405907000 1387508.5053
18412725000 1385792.1686
18419512000 1382826.0083
18426347000 1380238.9616
18433170000 1379553.3489
18439985000 1376801.0254
18446798000 1374029.7579
18453619000 1369319.1385
18460436000 1370573.6546
18467245000 1365761.4794
18474054000 1366946.2845
18480863000 1364128.0696
18487723000 1358712.6272
18494530000 1353872.4375
18501341000 1351061.0531
18508152000 1350246.6470
18514970000 1344484.9038
18521783000 1339680.3604
18528595000 1331864.8395
18535409000 1322062.2033
18542230000 1313312.2150
18549035000 1306431.9527
18555846000 1297596.3877
18562618000 1291447.6798
18569404000 1281407.3042
18576211000 1270530.8990
18589834000 1255840.5850
18603493000 1241424.3528
18610314000 1232644.1154
18617128000 1226805.2096
18623923000 1213812.2706
18630695000 1207633.5341
18637530000 1198952.4685
18644301000 1191759.7834
18651101000 1183794.5481
18657910000 1174897.8116
18664714000 1166958.3293
18671516000 1156999.9421
18678334000 1151165.6500
18685154000 1139344.2177
18691974000 1135519.7558
18698790000 1127660.4925
18705606000 1119798.2032
18712421000 1110924.9457
18719239000 1101072.4879
18726052000 1092177.2963
18732865000 1083279.0814
18739685000 1075433.4251
18746504000 1068576.7994
18753328000 1058756.8420
18760145000 1051878.2787
18766968000 1043044.3196
18773765000 1036000.9382
18780579000 1026089.4874
18787390000 1019151.2007
18794200000 1013201.9557
18800975000 1003971.9193
18807791000 1000064.2635
18814574000  990891.7128
18821355000  983700.2953
18828157000  979672.5081
18834983000  971832.1253
18841801000  961925.2385
18848610000  956943.9250
18855404000  946840.6003
18862249000  938138.8171
18875851000  924028.1298
18882658000  913015.8529
18889469000  902032.2801
18896291000  896132.9167
18903152000  887539.7784
18909931000  878293.3790
18916751000  868369.0658
18923571000  860441.7229
18930389000  852495.4947
18937204000  845522.4563
18944018000  841538.4658
18950841000  834622.7899
18957657000  824648.5991
18964425000  822290.9506
18971237000  814279.0280
18978055000  808311.6316
18984878000  801380.8290
18991693000  794383.6031
18998509000  782391.2754
19005324000  775387.9987
19012147000  764445.0772
19018962000  753435.7466
19025772000  745383.7825
19032596000  735439.6947
19039409000  724405.4452
19046230000  719431.5350
19053055000  714486.2739
19059875000  704498.3815
19066744000  695895.4903
19073546000  685758.9830
19080357000  676690.7250
19087173000  666659.0337
19093986000  655600.5647
19100799000  646539.0723
19107610000  639458.7239
19114412000  629304.1108
19121225000  620233.5540
19128044000  609207.4639
19134853000  600099.1994
19141668000  591035.3997
19148485000  581984.4023
19155293000  571859.1588
19162111000  561810.0243
19168928000  552749.9495
19175747000  541702.6716
19182578000  530747.3024
19189396000  524686.0507
19196213000  517613.8606
19203031000  511546.5538
19209845000  505444.5803
19216656000  502315.8549
19223467000  499184.1079
19230285000  489104.6977
19237100000  483998.5359
19243913000  472873.5341
19250727000  464753.4159
19257538000  455606.5536
19264345000  446425.0453
19271158000  435287.9530
19277960000  425060.8797
19284708000  418403.9338
19291500000  406091.8136
19298300000  397839.9200
19305106000  389632.4352
19311961000  380809.1815
19318763000  374564.0303
19325583000  364458.1040
19332411000  358412.3615
19339236000  347339.8786
19346057000  340232.7585
19353254000  336093.1374
19360069000  332932.3899
19366887000  328792.3155
19373695000  328570.2233
19380507000  328376.7064
19387329000  330259.1481
19394143000  328075.3771
19400952000  330849.0956
19407772000  326706.6589
19414585000  329505.9183
19421395000  325278.4665
19428207000  323063.7850
19435022000  319869.7659
19441836000  315664.8271
19448645000  310417.3934
19455463000  302237.9830
19462277000  294023.9718
19469093000  285822.7219
19475941000  277871.0009
19482766000  268734.7118
19489590000  260587.4971
19496385000  253208.4101
19503200000  245984.1269
19509978000  235464.8840
19516799000  226281.9050
19523620000  217095.8955
19530438000  210883.1891
19537247000  201596.4598
19544058000  194322.4864
19550864000  186006.0541
19557679000  176757.5878
19564483000  168419.3440
19578477000  152777.6807
19585284000  145453.8753
19592088000  135103.3974
19598900000  126812.9788
19605715000  117543.1894
19612541000  111357.0927
19619349000   99026.0670
19626155000   92676.2573
19632971000   84402.2515
19639784000   77101.5747
19646597000   69797.8744
19653412000   58506.9124
19660227000   51212.9251
19667031000   38829.2339
19673853000   32584.3574
19680678000   21360.0865
19687479000   13943.6960
19694288000    8587.3178
19701143000   -2409.7073
19707934000  -11913.9358
19714751000  -19216.3717
19721539000  -25750.2484
19728336000  -33216.2434
19735150000  -43551.3647
19741967000  -48865.8853
19748783000  -57191.3074
19755601000  -69504.0073
19762408000  -74906.3456
19769220000  -83272.3357
19776030000  -93657.0939
19782833000 -101099.9793
19789642000 -110498.6478
19796447000 -115931.8219
19803260000 -125305.0442
19810068000 -133720.6428
19816869000 -143194.3513
19823682000 -152576.6363
19830489000 -160009.1601
19837300000 -169413.2268
19844104000 -175875.3936
19850919000 -187254.0287
19857731000 -193659.2914
19864531000 -204161.9810
19871347000 -212541.8171
19878152000 -220011.2068
19884963000 -229436.4186
19891772000 -234880.3825
19898584000 -245303.7718
19905401000 -252690.8618
19912213000 -261120.2984
19919021000 -269584.2114
19926188000 -270228.3171
19932997000 -273690.5646
19939801000 -272195.1427
19946613000 -272639.8426
19953419000 -275134.7325
19960244000 -276483.2845
19967060000 -276905.6136
19973873000 -280354.5486
19980680000 -279853.6637
19987490000 -282332.2198
19994312000 -288719.4938
20001122000 -291204.0967
20007931000 -296699.5780
20014737000 -303221.6510
20021547000 -307715.3139
20028359000 -312196.2848
20035166000 -317719.5578
20041975000 -323230.1379
20048792000 -330680.8976
20055605000 -334166.1026
20062420000 -337638.6228
20069230000 -342153.4366
20076042000 -344655.5646
20082913000 -353697.3994
20089692000 -359464.7266
20096504000 -361975.9337
20103315000 -365498.0147
20110125000 -372030.9684
20116940000 -375527.6899
20123752000 -380050.9870
20130564000 -382577.3066
20137375000 -388114.4979
20144185000 -390662.5597
20151008000 -390111.6134
20157806000 -388759.8976
20164595000 -386481.8192
20171413000 -386979.1787
20178227000 -379510.9524
20185047000 -381998.6735
20191853000 -382599.2641
20198670000 -380116.5740
20205481000 -379683.9798
20212290000 -379270.0959
20219111000 -380765.1047
20225923000 -377333.7354
20232738000 -376881.8594
20239553000 -378433.0087
20246362000 -376034.2360
20253174000 -372614.9580
20259986000 -373198.7026
20266839000 -368463.9957
20273629000 -369226.2919
20280439000 -365834.7923
20287251000 -366430.6344
20294063000 -363029.4990
20300876000 -364623.5475
20307690000 -363212.7812
20314507000 -364781.5261
20321318000 -364400.3216
20328129000 -364022.1387
20334939000 -362654.8137
20341754000 -364251.3298
20348568000 -366858.7066
20355380000 -363484.7778
20362192000 -364113.8714
20369003000 -359753.8218
20375808000 -361443.7961
20382616000 -358113.2869
20389420000 -358817.1280
20396231000 -358469.1577
20403042000 -354124.2090
20409854000 -354774.4505
20416668000 -359412.0523
20423477000 -355091.8315
20430290000 -354743.3099
20437105000 -354382.1521
20443912000 -354086.6539
20450730000 -352708.0564
20457540000 -353395.1140
20464348000 -352100.8482
20471161000 -351770.4638
20477976000 -355427.4487
20484793000 -357071.8054
20491606000 -354750.4939
20498419000 -352432.2057
20505229000 -351140.4168
20512050000 -350765.5753
20518862000 -353464.1839
20532852000 -350007.0639
20539661000 -349738.3716
20546475000 -344433.5861
20553292000 -344108.3584
20560109000 -347786.1576
20566917000 -346537.3753
20573734000 -346221.2244
20580541000 -339986.3044
20587355000 -340699.6628
20594167000 -337431.6845
20600981000 -334151.0906
20607796000 -333865.7024
20614612000 -336575.5211
20621429000 -334280.5482
20628248000 -329972.9677
20635061000 -329715.3169
20641868000 -327507.5879
20648675000 -327302.8770
20655490000 -323038.6600
20662305000 -322777.4683
20669121000 -319511.4870
20675932000 -317287.6027
20682742000 -316074.5538
20689580000 -314645.7535
20696394000 -315407.5071
20703202000 -316219.1593
20710016000 -318986.9588
20716825000 -314796.8401
20723637000 -313586.3081
20730448000 -317386.6092
20737255000 -313221.1726
20744063000 -312050.9444
20750882000 -313797.8329
20757688000 -310649.2651
20764500000 -309456.8641
20771319000 -311212.8299
20778147000 -311901.5567
20784928000 -309960.2528
20791691000 -308162.4635
20798476000 -310195.9171
20805267000 -308185.5347
20812075000 -307045.4659
20818905000 -305736.7089
20825715000 -304587.0790
20832541000 -305315.6061
20839327000 -306359.3095
20846146000 -308148.5103
20852961000 -303971.9505
20859784000 -305735.9982
20866597000 -305581.0957
20873416000 -305382.4088
20880243000 -305124.3436
20887054000 -306994.1211
20893867000 -302851.3202
20900678000 -302727.1418
20907494000 -301566.9895
20914306000 -302441.0579
20921119000 -304310.3506
20927924000 -300245.0488
20934739000 -302104.7901
20941559000 -300928.5722
20948374000 -300794.3660
20955185000 -300694.3690
20962002000 -302550.6203
20968820000 -301402.1035
20975630000 -300318.9717
20982442000 -299223.2723
20989263000 -301060.4514
20996085000 -299892.8677
21002901000 -300775.0727
21009719000 -303644.7188
21016534000 -301540.7688
21023352000 -302416.4693
21030128000 -299622.4241
21036943000 -299527.5336
21043734000 -301622.6336
21050544000 -300572.7316
21057295000 -302985.4213
21064082000 -299120.6793
21070912000 -301924.0341
21077742000 -296730.4275
21084568000 -299571.0096
21091387000 -297469.1364
21098178000 -301588.3189
21104989000 -303554.7806
21111806000 -307477.5493
21118623000 -305403.3448
21125434000 -305378.8767
21132254000 -306287.3701
21139071000 -302222.2452
21153109000 -304956.6993
21159930000 -302869.7039
21166753000 -298770.1747
21173577000 -301665.8959
21180384000 -299696.9328
21187190000 -298738.7686
21193993000 -298806.9629
21200782000 -298987.0917
21207584000 -300069.0884
21214393000 -298099.6450
21221219000 -303000.9842
21228037000 -301967.5840
21234851000 -298968.3228
21241661000 -302003.1952
21248480000 -299971.0964
21255347000 -299568.7571
21262138000 -297760.4649
21268899000 -298188.4432
21275717000 -297176.2175
21282538000 -299143.6956
21289363000 -299083.1073
21296142000 -297383.1469
21302935000 -297577.3531
21309712000 -297898.9313
21316518000 -296998.0998
21323344000 -297944.8453
21330155000 -296011.1992
21336956000 -296158.2860
21343760000 -297285.0735
21350562000 -294430.4168
21357375000 -292493.3061
21364192000 -292528.1414
21371025000 -292441.7011
21377845000 -295459.2920
21384661000 -294510.9846
21391484000 -290511.3302
21398291000 -290638.9821
21405114000 -290645.3852
21411928000 -289724.7167
21418748000 -292760.4777
21425566000 -291814.7990
21432374000 -292949.7972
21439195000 -294986.8763
21446011000 -292065.8060
21452827000 -291147.7618
21459640000 -291256.0331
21466459000 -291320.7516
21473267000 -290473.8835
21480085000 -289552.4164
21486900000 -291657.2611
21493710000 -290803.9356
21500538000 -291813.9424
21507362000 -292858.0260
21514173000 -293006.0173
21520993000 -294087.1980
21527811000 -293186.9257
21534627000 -290305.1978
21541435000 -291488.5583
21548249000 -292628.3936
21555068000 -290732.4686
21561888000 -293831.8158
21568695000 -290035.0211
21575551000 -292861.2208
21582342000 -289194.5661
21589162000 -290306.0291
21595975000 -290474.8015
21602796000 -290584.5668
21609603000 -288805.9097
21616408000 -289045.7766
21623226000 -288187.8775
21630049000 -290294.2461
21636863000 -289473.4112
21643728000 -287260.2924
21650518000 -286631.5455
21657325000 -290874.0473
21664144000 -291026.5694
21670950000 -288282.8620
21677770000 -287433.6868
21684572000 -288727.0139
21691389000 -290907.1341
21698197000 -290160.0096
21704999000 -291462.3869
21711813000 -290674.8174
21718623000 -289921.2572
21725440000 -288116.4970
21732259000 -292299.2730
21739068000 -290562.5270
21745881000 -290797.8229
21752700000 -290989.6780
21759511000 -289246.5106
21773143000 -289691.8134
21779972000 -289818.3545
21786781000 -292102.7696
21793591000 -289382.4632
21800413000 -290572.2863
21807225000 -289842.5456
21814040000 -294092.6074
21820849000 -298392.1319
21827662000 -304663.7197
21834484000 -311868.6824
21841301000 -316115.3678
21848117000 -325372.8180
21854927000 -324679.7186
21861741000 -325958.6921
21868548000 -324294.8454
21875360000 -323595.3365
21882173000 -323891.1145
21888991000 -323151.2400
21902648000 -322518.1548
21909438000 -320003.9205
21916252000 -319307.0879
21923063000 -319636.4783
21929877000 -318945.6929
21936687000 -318288.8600
21943497000 -317635.0478
21950303000 -321015.1810
21957112000 -321375.1393
21963924000 -322714.9265
21970739000 -321034.5467
21977552000 -321372.6509
21984363000 -321729.2364
21991176000 -320073.3864
21997991000 -324405.1038
22004798000 -320801.6672
22011609000 -321170.3401
22018422000 -321526.5810
22025235000 -323885.8454
22032049000 -321240.4073
22038860000 -323621.1697
22045670000 -323012.6787
22052492000 -322314.5143
22059307000 -322673.4497
22066108000 -323143.5411
22072924000 -324500.7974
22079736000 -325891.9708
22086549000 -324278.4444
22093362000 -324667.9414
22100171000 -325091.3474
22106979000 -324525.4942
22113793000 -325916.3368
22120608000 -326302.4837
22127470000 -327328.8329
22134268000 -326852.2771
22141095000 -327154.8879
22147913000 -328529.9991
22154719000 -328000.7525
22161527000 -327459.0882
22168331000 -328951.3108
22175140000 -329407.9661
22181947000 -329883.0735
22188763000 -331291.7582
22195572000 -329757.4753
22202385000 -328195.3532
22209195000 -331659.3974
22216010000 -328087.8931
22222815000 -330596.5481
22229626000 -329061.9416
22236443000 -331484.0815
22243249000 -330994.0813
22250063000 -330445.4051
22256887000 -327822.6412
22263695000 -327326.2825
22270504000 -327825.2326
22277318000 -325288.6531
22290927000 -323371.0376
22304546000 -327388.4046
22311355000 -325905.4724
22318175000 -327340.7806
22324982000 -325879.3065
22331792000 -327397.7315
22338606000 -326888.3536
22345421000 -323374.2946
22352234000 -325878.6708
22359050000 -325362.9567
22365866000 -324850.2687
22372679000 -321363.7177
22379488000 -321911.0029
22386349000 -324060.7639
22393149000 -321683.4329
22399966000 -320178.1817
22406786000 -321652.8531
22413610000 -319099.7502
22420421000 -319649.7876
22427237000 -321164.3460
22434062000 -319612.6336
22440878000 -319133.2482
22447693000 -319664.5876
22454506000 -318214.3488
22461319000 -316767.1334
22468138000 -321276.7568
22474953000 -319820.1969
22481769000 -317358.9656
22488589000 -318869.9759
22495399000 -318460.9725
22502208000 -317062.6850
22509022000 -316628.9435
22515831000 -317236.6979
22522640000 -315847.4722
22529456000 -317407.4122
22536267000 -316008.8433
22543076000 -314628.6811
22549890000 -314213.0782
22556701000 -314823.5745
22563505000 -314490.9311
22570342000 -314907.5072
22577154000 -314519.3865
22583977000 -317049.6995
22590795000 -312621.4919
22597608000 -313234.7573
22604434000 -314751.0947
22611266000 -314224.3383
22618463000 -313894.6252
22625280000 -314489.4199
22632098000 -314079.5548
22638925000 -310603.5407
22645742000 -313207.4211
22652558000 -312822.0139
22659377000 -311416.5778
22666188000 -310075.6468
22673008000 -311668.5805
22679825000 -308287.5948
22686642000 -310909.6360
22693457000 -311550.0697
22700324000 -309794.0479
22707133000 -308486.6462
22720761000 -311804.0926
22727563000 -309559.5188
22734383000 -309179.7167
22741197000 -308849.0222
22748019000 -308459.9183
22754831000 -312150.6335
22761654000 -312759.9096
22775287000 -311087.3653
22782110000 -309705.7324
22788924000 -311396.2208
22795734000 -313120.4378
22809370000 -310455.1306
22816204000 -314004.2224
22823025000 -314656.1226
22837065000 -314914.9909
22843871000 -316691.2539
22850689000 -316378.4638
22857501000 -318114.7339
22864313000 -315854.0266
22871120000 -316634.6977
22877935000 -317357.0210
22884744000 -316128.3912
22891560000 -319849.0922
22898376000 -317572.8193
22905187000 -320337.9173
22911996000 -319121.3740
22918798000 -318961.5272
22925623000 -319628.3381
22932438000 -320374.8551
22946065000 -322899.9636
22952885000 -322617.2255
22959709000 -324306.8552
22966530000 -323022.5131
22973351000 -325741.2015
22980160000 -326554.8894
22986966000 -326394.5882
22993775000 -329214.3145
23000607000 -326860.8171
23007418000 -327671.2687
23014236000 -327431.1088
23021055000 -330186.3153
23027879000 -327906.2456
23034696000 -328682.8328
23041509000 -329493.0874
23048323000 -329298.7057
23055138000 -328099.6890
23061948000 -329941.9914
23068770000 -331695.4146
23075592000 -331451.8693
23082411000 -332234.3276
23089220000 -331096.3845
23096035000 -331915.5220
23102854000 -332707.0603
23109673000 -331501.6272
23116492000 -332299.2229
23123309000 -331115.1569
23130130000 -329903.5005
23136956000 -331656.6052
23143775000 -332466.3189
23150593000 -334286.7143
23157392000 -333255.5359
23164213000 -332059.0223
23171031000 -331888.4941
23177899000 -335338.4330
23184709000 -333235.1888
23191523000 -331104.3641
23198341000 -332945.9641
23205155000 -332821.1897
23211973000 -334668.8436
23218799000 -332458.3369
23225629000 -334220.2728
23232446000 -337084.6667
23239266000 -334929.1459
23246085000 -335784.3015
23252899000 -335680.7175
23259718000 -334541.9283
23266538000 -336398.5225
23273363000 -335219.9212
23280182000 -334090.2213
23287006000 -333925.3296
23300664000 -333528.2136
23307487000 -334380.0686
23314290000 -335387.8024
23321112000 -333253.3549
23327911000 -334297.6920
23334734000 -335161.6561
23341606000 -338654.2655
23348406000 -336700.0384
23355213000 -337695.3455
23362030000 -336617.2785
23368848000 -336534.5996
23375674000 -336393.8419
23382496000 -336286.6707
23389318000 -338182.5309
23396144000 -334050.8745
23402969000 -336929.8896
23409795000 -336804.3027
23416621000 -338681.7506
23430265000 -338506.8296
23437087000 -338423.9162
23443907000 -338359.3019
23450735000 -340236.6497
23457556000 -339170.4652
23464396000 -338962.2927
23471216000 -336909.8098
23478031000 -339898.5148
23491702000 -340572.1385
23498526000 -340501.2642
23505372000 -340265.5657
23512205000 -343132.1026
23519036000 -342016.9386
23525855000 -340996.3566
23532675000 -342971.1753
23539498000 -343926.1405
23546321000 -344884.1380
23553187000 -346517.2168
23560003000 -348534.6822
23566821000 -348539.9220
23573642000 -351525.3133
23580458000 -351551.8600
23587286000 -353489.9382
23594111000 -352453.9255
23600933000 -354443.8178
23607759000 -358406.2486
23614566000 -359516.5469
23621391000 -356492.6615
23628207000 -360540.4071
23635037000 -360484.4786
23641864000 -359454.4516
23648691000 -360427.4604
23655517000 -364411.1251
23662340000 -363420.6838
23669162000 -363440.8939
23675979000 -364502.2293
23682807000 -364482.7900
23689628000 -365519.7127
23696460000 -367475.8740
23703281000 -366518.8625
23710100000 -367580.1146
23716926000 -369591.0827
23723747000 -370643.1641
23730575000 -370644.9694
23737393000 -370725.9591
23744212000 -377802.3624
23751413000 -373973.2966
23758216000 -373177.7416
23765022000 -375362.3622
23771843000 -376435.8121
23778656000 -377573.1891
23785476000 -379660.3081
23792282000 -377857.0133
23799093000 -379018.6820
23805908000 -378152.9311
23812730000 -380236.9364
23819547000 -381362.0201
23826385000 -381330.3423
23833221000 -383316.9272
23840043000 -385413.0691
23853684000 -386637.2686
23860507000 -387734.8966
23867329000 -389843.1631
23874159000 -389893.6142
23880986000 -390969.9200
23887809000 -392079.6815
23894626000 -391238.1024
23901445000 -392384.3421
23908276000 -395442.3669
23915097000 -394579.4630
23921923000 -396681.5759
23928750000 -395779.1214
23935576000 -395887.3046
23942396000 -396044.1312
23949219000 -399181.1845
23956035000 -399374.4738
23962861000 -401494.7883
23969674000 -402716.9331
23976486000 -400949.7005
23983299000 -402177.8916
23990126000 -405302.7297
23996950000 -407453.3974
24003772000 -405622.2930
24010597000 -408771.4290
24017417000 -408961.5818
24024261000 -408972.4582
24031088000 -412115.5113
24037922000 -414208.4340
24044739000 -415433.5095
24051571000 -413547.6973
24058390000 -414763.6455
24065220000 -414899.0950
24072040000 -415113.5126
24078858000 -415346.1449
24085679000 -416559.0288
24092512000 -419683.8435
24099342000 -417834.4730
24106163000 -419056.4577
24112985000 -423273.8826
24119809000 -421479.1591
24126627000 -419733.0054
24133450000 -420951.9346
24140259000 -422280.1354
24147074000 -423565.8276
24153896000 -425801.4315
24160718000 -424040.0668
24167533000 -425334.8407
24174366000 -428496.0863
24181185000 -429766.5751
24187992000 -429131.1176
24194807000 -430437.9984
24201626000 -431717.5663
24208447000 -430984.9947
24215277000 -433187.2008
24222088000 -434536.5262
24228892000 -432941.9525
24235714000 -437213.9126
24242528000 -437549.5590
24249346000 -433857.9040
24256175000 -437085.8860
24263000000 -438347.2278
24269830000 -440573.7033
24276646000 -440909.3322
24283461000 -440255.5664
24290276000 -443604.8258
24297074000 -446085.9416
24303886000 -446463.9774
24310709000 -445761.6840
24317548000 -448941.1911
24324370000 -451252.5459
24331189000 -450589.6603
24338005000 -452952.5305
24344824000 -454295.7010
24351640000 -454664.6246
24358458000 -457021.4255
24365272000 -457411.5498
24372084000 -457819.8453
24378907000 -463147.8604
24385730000 -460478.9078
24392550000 -462835.7037
24399367000 -462218.2442
24406181000 -464626.5253
24413008000 -465939.4108
24420198000 -465507.3109
24427020000 -467864.2787
24433835000 -467277.2637
24440657000 -467640.2911
24447483000 -469976.0758
24454297000 -470405.7124
24461116000 -471800.5351
24467926000 -472266.4912
24474756000 -472584.1332
24481566000 -475056.1396
24488388000 -477440.3766
24495200000 -477903.2990
24502015000 -477346.5490
24508847000 -479664.2273
24515673000 -480030.3303
24522551000 -482006.1596
24529343000 -482635.5039
24536157000 -483101.4727
24542974000 -484547.7789
24549791000 -483997.1120
24556614000 -483404.1036
24563431000 -484859.4932
24577091000 -487582.7914
24583908000 -487047.2734
24590737000 -488424.0722
24597559000 -492856.8197
24604382000 -494285.0404
24611202000 -496738.9668
24618019000 -496218.5951
24624835000 -498708.8074
24631650000 -498209.6022
24638467000 -499698.3100
24645284000 -501190.0447
24652114000 -501586.5890
24658929000 -505099.4929
24665742000 -508630.5305
24672555000 -512164.5916
24679370000 -509686.5692
24686193000 -513151.1483
24693003000 -511716.9424
24699813000 -512285.7573
24706627000 -512827.3864
24713450000 -516304.0790
24720255000 -519919.7173
24727078000 -519402.4665
24733904000 -521865.5983
24740728000 -520346.8639
24747555000 -523808.5158
24754371000 -522356.2373
24761191000 -522876.7925
24774815000 -526047.7469
24781640000 -527539.6501
24788464000 -528042.1337
24795288000 -530547.6504
24802106000 -529101.4728
24808931000 -532605.5081
24815746000 -534188.0229
24822559000 -535788.6510
24829383000 -538309.3224
24836195000 -538923.5453
24843018000 -540457.8205
24849836000 -545032.8395
24856650000 -545641.0538
24863465000 -547244.7509
24870290000 -548776.0635
24877103000 -550400.8964
24883923000 -556975.9722
24890747000 -557523.9190
24897573000 -558059.8205
24904398000 -557606.2958
24911222000 -560163.3434
24918044000 -562738.4999
24924868000 -565301.6129
24931687000 -566905.4440
24938503000 -565534.9134
24945330000 -569084.5119
24952151000 -572682.3601
24958969000 -573305.8444
24965791000 -575902.2175
24972596000 -577629.7053
24979413000 -577269.8030
24986238000 -582852.6602
24993068000 -583400.8866
24999884000 -582057.6069
25006701000 -583709.8213
25013524000 -587319.8726
25020334000 -590030.8619
25027166000 -588579.1953
25033995000 -590153.1598
25040832000 -593669.9230
25047651000 -595325.2606
25054462000 -597043.8587
25061279000 -596720.3072
25068091000 -599437.4232
25074898000 -597195.1999
25081708000 -601933.4130
25088517000 -601682.1737
25095331000 -608396.3226
25102149000 -605083.3922
25108971000 -605743.3880
25115792000 -605413.9402
25122616000 -608064.9492
25129428000 -608809.2806
25136251000 -610473.8742
25143073000 -615149.0234
25149886000 -612894.9088
25156712000 -615546.0275
25163527000 -615282.9217
25170341000 -616030.3625
25177160000 -617743.2227
25183975000 -615489.1938
25190801000 -616155.4689
25197612000 -617937.5738
