      38000   539867.2661
    6893000   533225.9411
   13713000   529269.0395
   20535000   526327.7500
   27357000   523384.1713
   34126000   520963.9835
   40962000   518141.1312
   47797000   514307.0314
   54632000   512470.6336
   61459000   510560.3530
   68290000   507683.5708
   75129000   507876.0724
   81971000   505093.1146
   88781000   501021.5583
   95585000   499894.0424
  102327000   498209.5926
  109083000   495648.1474
  115836000   494057.6206
  122587000   492446.9605
  129718000   491233.0581
  136470000   489626.7324
  143225000   487044.9962
  149977000   485434.1843
  156728000   483812.1864
  163476000   480161.1173
  170228000   478543.5793
  176974000   477870.1443
  183728000   475266.0073
  190476000   473605.9759
  197225000   472952.6461
  203982000   471368.6042
  210727000   470675.0275
  217479000   468041.7958
  224230000   465397.3814
  230984000   463777.5443
  237739000   463164.4027
  244488000   461495.3821
  251241000   458859.8759
  257991000   459195.3111
  264740000   458519.5671
  271500000   455939.8977
  278255000   455313.2934
  285009000   454675.5074
  291763000   452035.4774
  298512000   452348.5215
  305266000   449704.0054
  312017000   450030.4382
  318769000   449363.5644
  325521000   449694.4481
  332274000   447032.0239
  339027000   446367.3565
  345773000   445637.9072
  352529000   443995.5570
  359286000   444359.8949
  366040000   443695.1877
  372801000   440090.7659
  379633000   440118.2984
  393327000   436434.4282
  400188000   436714.0738
  406950000   437107.2263
  413738000   434730.3291
  420565000   433699.4518
  427378000   434541.2607
  434205000   433505.8028
  441032000   431468.0522
  447840000   431258.3564
  454657000   429126.7394
  461477000   430019.6217
  468305000   428981.6405
  475133000   424941.3660
  481954000   425836.3064
  488781000   425782.5204
  495606000   424708.5884
  502438000   424694.8498
  509271000   422687.7412
  516101000   422651.5587
  522941000   421702.3354
  529773000   422679.4103
  536607000   421672.0385
  543443000   422680.2182
  550280000   420695.0231
  557110000   418645.0627
  563937000   418566.0376
  570773000   417565.0270
  577601000   414490.3362
  584426000   414386.5849
  591249000   414262.6983
  598069000   415109.7566
  604891000   412972.3696
  611719000   411886.2194
  618541000   411744.2518
  625365000   409617.8355
  632239000   409935.1291
  639043000   408625.7212
  645862000   408447.8263
  652694000   407383.5910
  659519000   405254.6290
  666341000   405096.6207
  673152000   404838.2252
  679970000   403639.9713
  686788000   402439.4308
  693608000   401254.4376
  700426000   401049.3231
  707247000   401868.6710
  714083000   398819.4699
  720916000   398741.2232
  727753000   397696.3410
  734620000   397916.6086
  741444000   397751.2273
  748273000   395628.1268
  755485000   396916.7768
  762317000   393815.7004
  769139000   392623.1953
  775947000   391303.6197
  782767000   391088.7154
  789585000   390853.6986
  796416000   388732.2503
  803253000   387661.9762
  810083000   386527.0239
  816907000   385336.3113
  823739000   385214.5928
  830558000   384974.7450
  837394000   383884.0785
  844224000   382737.6557
  851058000   384624.5752
  857882000   381420.1083
  871534000   380039.9354
  878367000   379908.7663
  885207000   378837.6534
  892036000   376666.2596
  898864000   376483.6648
  905687000   376254.2440
  912511000   375031.4393
  919339000   375841.9676
  926163000   373614.5803
  932980000   373322.5658
  939803000   374081.6946
  946635000   373918.6744
  953466000   370744.4539
  960289000   370496.7070
  967120000   370317.8985
  973946000   369092.2786
  980769000   367837.6581
  987590000   368562.9426
 1001262000   364273.7012
 1008089000   365045.5188
 1014914000   363797.2413
 1021743000   363582.2759
 1028565000   363302.7129
 1035386000   361011.9604
 1042205000   360701.1195
 1049022000   358370.1923
 1055846000   358099.2734
 1062658000   357719.2778
 1069476000   357390.3906
 1076295000   358068.1149
 1083115000   356752.4497
 1089943000   357505.6765
 1096766000   357212.1241
 1103589000   355916.2818
 1110401000   356520.2881
 1117217000   355157.5965
 1124032000   354783.7237
 1130852000   355452.0437
 1137672000   355118.0757
 1144492000   354781.8197
 1151310000   355425.4868
 1158147000   352235.8559
 1164970000   353919.4124
 1171787000   352547.3181
 1178600000   351137.3653
 1185414000   351734.0220
 1192217000   352230.5777
 1199050000   350991.6206
 1205875000   348679.2324
 1212700000   348364.5530
 1219545000   347225.4045
 1226364000   346852.7910
 1233185000   345495.6710
 1240007000   345145.1525
 1246831000   344810.1243
 1253660000   342517.2526
 1267676000   341106.8027
 1274505000   340806.9286
 1281337000   339531.4248
 1288540000   339550.9738
 1295363000   338190.7667
 1302175000   337730.5120
 1308989000   337285.7482
 1315804000   338847.5868
 1322621000   337424.9129
 1329436000   335982.1816
 1343458000   332572.7976
 1350262000   333025.3494
 1357079000   332591.1206
 1363894000   334136.8378
 1370704000   332635.8520
 1377520000   334185.8849
 1384330000   333680.3345
 1397947000   332635.7429
 1404762000   332167.7597
 1411580000   331724.1369
 1418393000   331233.8208
 1425197000   330661.2924
 1432009000   331157.5320
 1438822000   330660.3694
 1445634000   330152.0436
 1452446000   328641.4351
 1459257000   329119.6646
 1466070000   329613.3702
 1472923000   329459.9387
 1479744000   328020.0909
 1486552000   329462.5407
 1493370000   327991.4870
 1500180000   327447.1281
 1506994000   326935.9960
 1513801000   326360.4433
 1520616000   326853.6219
 1527429000   327326.7638
 1534628000   325223.6149
 1541442000   325700.9362
 1548255000   326167.0987
 1555064000   324595.4794
 1561873000   325021.5795
 1568674000   326374.4074
 1575485000   324813.6962
 1582300000   324286.1962
 1589109000   323703.1739
 1595935000   324268.7052
 1602749000   323725.4773
 1609554000   323100.1181
 1616370000   323570.0686
 1623184000   322019.9912
 1629995000   322441.0171
 1636805000   321850.8904
 1643619000   322293.9635
 1650435000   321752.4925
 1657256000   320253.0841
 1664075000   321733.6486
 1670894000   321211.9258
 1677701000   322581.4927
 1684516000   320019.7263
 1691334000   320482.2790
 1698190000   321279.5129
 1705002000   320684.2762
 1711817000   320113.3576
 1718648000   319682.0194
 1725466000   317133.1248
 1732281000   317555.3460
 1739091000   316930.9547
 1745892000   316224.4951
 1752706000   314631.0038
 1759516000   313999.7704
 1766326000   314366.2557
 1773138000   314748.1875
 1779953000   313154.4273
 1786768000   312558.3825
 1793580000   310933.4645
 1800393000   311315.1263
 1807207000   310703.3671
 1814013000   311018.4290
 1820824000   310375.5199
 1827638000   308756.9126
 1834449000   309109.4386
 1841260000   309459.6828
 1848092000   308993.7091
 1854910000   308401.4014
 1861733000   306851.1047
 1868549000   307236.5036
 1875360000   306575.3229
 1882177000   306965.0114
 1888990000   305316.9813
 1895802000   304657.8099
 1902615000   304005.2135
 1909438000   302438.9056
 1916259000   302852.5941
 1923078000   303246.2809
 1929891000   304584.5433
 1936714000   302009.0808
 1943526000   303333.9178
 1950347000   302736.1687
 1957168000   303136.1309
 1963982000   302471.8231
 1970796000   301805.2312
 1977628000   300295.7243
 1984448000   300677.6795
 1991264000   300021.9341
 1998074000   299310.7864
 2004884000   298597.3575
 2012078000   297280.8697
 2018895000   296624.7122
 2025713000   294975.1202
 2032534000   294349.7949
 2039349000   293669.0762
 2046161000   291959.5216
 2052975000   291265.3846
 2059792000   290595.5129
 2066610000   290932.2048
 2073808000   290629.2699
 2080622000   288925.8660
 2087814000   287564.8794
 2094625000   287830.2367
 2101461000   287314.5054
 2108278000   288628.3749
 2115095000   286939.9583
 2121909000   286222.7156
 2128723000   284503.1890
 2135530000   284719.4559
 2142344000   283995.3637
 2149173000   283401.6684
 2155984000   284646.4681
 2162810000   283021.6566
 2170014000   281737.7260
 2176833000   281046.2954
 2183650000   282334.8901
 2190471000   280656.5722
 2197282000   281887.5355
 2204474000   279485.2770
 2211291000   277764.6028
 2218110000   278059.3266
 2224925000   278316.3964
 2231742000   277588.8643
 2238548000   277761.7953
 2245365000   276029.6949
 2252182000   276295.3086
 2258991000   274487.9164
 2265796000   273642.8850
 2272604000   272822.0937
 2279431000   273166.9630
 2286242000   271368.1214
 2293067000   270690.7341
 2299883000   271931.5137
 2306688000   270072.7941
 2313500000   271273.6576
 2320319000   268534.0973
 2327125000   269677.3734
 2333932000   266827.2073
 2340743000   267010.1057
 2347563000   268270.2429
 2354381000   266510.4215
 2361194000   267704.1387
 2368013000   266948.5803
 2374838000   267243.7404
 2381651000   266430.6017
 2388465000   264624.0133
 2395273000   264762.1413
 2402090000   262977.4859
 2408900000   263128.7162
 2416107000   262784.0755
 2422927000   262018.9295
 2429737000   262163.1797
 2436555000   260375.7986
 2443377000   259621.4545
 2450192000   259803.0071
 2457007000   258982.2750
 2463822000   259159.2584
 2470637000   258333.9570
 2477830000   257843.8204
 2484650000   255057.9675
 2491463000   255208.0269
 2498277000   255364.6311
 2505096000   255563.0908
 2511917000   253776.9183
 2518721000   252838.3946
 2525536000   253994.6893
 2532356000   253192.8320
 2539174000   252371.0343
 2545989000   253520.4724
 2552802000   250649.9748
 2559628000   250891.9215
 2566441000   250016.8530
 2573265000   249236.5710
 2580096000   247515.7677
 2586911000   247651.4873
 2593731000   246829.0399
 2600567000   247145.4755
 2607336000   244868.4815
 2614149000   245977.4243
 2620965000   243110.5503
 2627781000   242241.3911
 2634598000   241378.7681
 2641416000   240522.6803
 2648236000   238681.9476
 2655072000   238980.0549
 2661879000   237020.0786
 2668692000   236110.7421
 2675517000   234304.9563
 2682325000   233346.9533
 2689133000   233386.6705
 2695947000   231477.0187
 2702756000   230520.9921
 2709573000   227633.2275
 2716390000   226743.1769
 2723211000   225886.1090
 2730027000   223982.6684
 2736839000   224041.6765
 2743650000   222089.5859
 2750462000   220144.0291
 2757288000   219319.6064
 2764098000   218351.8495
 2770912000   217417.0705
 2777734000   217550.5233
 2784542000   216558.2889
 2791357000   215625.4711
 2798174000   214707.9957
 2804987000   212752.9818
 2811802000   211813.3102
 2818608000   211792.0418
 2825421000   209830.1798
 2832237000   208892.4698
 2839049000   207917.2287
 2845869000   205010.1939
 2852681000   204030.3849
 2859495000   204065.9142
 2866314000   201143.2100
 2873125000   200147.7404
 2879940000   199185.2266
 2886756000   197229.2373
 2893570000   196253.3451
 2900385000   194283.9774
 2907198000   193294.7089
 2914012000   193311.9649
 2920835000   191406.2038
 2927647000   191401.2746
 2934467000   188464.5169
 2948093000   186460.8524
 2954917000   185552.4585
 2961728000   182527.3035
 2968540000   181508.6717
 2975353000   180496.5620
 2982174000   179552.6043
 2988987000   178535.9253
 2995799000   177508.1593
 3002612000   175486.9141
 3009472000   175877.1300
 3016260000   175631.2341
 3023072000   173594.3293
 3029888000   173590.3501
 3036704000   170584.0857
 3043517000   171549.1317
 3050336000   170564.7009
 3057150000   168533.9791
 3063958000   169448.1710
 3070770000   167395.2832
 3077582000   166340.1128
 3084391000   165256.2616
 3091204000   164205.3261
 3098021000   163187.3021
 3104842000   162202.1856
 3112034000   162478.8510
 3118844000   160392.2582
 3125649000   159259.3974
 3132459000   157168.2437
 3139272000   157101.1988
 3146082000   157005.4816
 3152901000   153986.6472
 3159716000   152930.3428
 3166536000   153915.7305
 3173358000   150916.4202
 3180167000   149800.4899
 3186981000   148726.2507
 3193796000   147658.5215
 3200613000   146606.0950
 3207430000   145551.3826
 3214240000   146432.8332
 3221058000   143382.3438
 3227863000   143215.2676
 3234694000   141274.5052
 3241507000   141173.1976
 3248318000   140052.0242
 3255121000   137858.2409
 3261934000   138750.0875
 3268737000   135551.7477
 3282742000   132655.3035
 3289553000   132520.3148
 3296365000   130391.8330
 3303178000   127269.8573
 3310002000   127242.2695
 3316826000   126212.3909
 3323635000   126048.4075
 3330455000   122978.8036
 3337265000   122819.0422
 3344081000   120709.7193
 3350891000   119545.3934
 3357707000   119431.5018
 3364530000   116376.8242
 3371340000   115205.6481
 3378153000   114058.5456
 3384972000   113961.8673
 3391790000   112854.1175
 3398604000   109708.9453
 3405422000   108596.6236
 3412232000   107411.7491
 3419059000   106373.9031
 3425886000   104333.7644
 3432701000   102185.9460
 3439560000   102422.2472
 3446359000   100129.3395
 3453169000    97930.7516
 3459984000    97773.7870
 3473594000    94277.3992
 3480411000    93131.1472
 3487263000    92289.8942
 3494460000    92475.1630
 3501276000    90313.1351
 3508085000    90087.3721
 3514900000    88911.9978
 3521711000    85699.2273
 3528518000    85449.0648
 3535327000    84214.1774
 3542164000    83222.7616
 3548981000    83053.5159
 3555800000    80899.5366
 3562617000    80725.7182
 3569437000    78575.9405
 3576258000    77432.6500
 3583073000    75234.4217
 3589886000    73016.3597
 3596698000    72787.2403
 3603524000    70678.6722
 3610349000    70559.0385
 3623967000    69032.1662
 3630783000    68826.7168
 3637602000    66645.2985
 3644418000    65435.2774
 3651612000    66538.5949
 3658431000    64350.1899
 3665240000    64071.7896
 3672053000    62826.1905
 3678866000    61578.3081
 3685682000    60354.4519
 3692498000    60128.3104
 3699309000    59856.0379
 3706117000    57555.1770
 3712943000    56409.8686
 3719759000    53174.5869
 3726571000    52901.9488
 3733377000    51574.4232
 3740216000    50533.9342
 3747038000    48342.1091
 3753850000    48060.3301
 3760658000    46741.2040
 3767478000    46524.9873
 3774284000    45183.7665
 3781100000    44927.9181
 3787919000    43696.0789
 3794727000    42365.5434
 3801549000    42155.4255
 3808369000    39925.4907
 3815184000    39649.4508
 3821999000    37371.1263
 3828815000    35099.2799
 3835668000    35149.3581
 3842486000    32890.4529
 3849297000    30567.9287
 3856107000    30234.3612
 3862928000    26994.8844
 3869746000    25726.8367
 3876944000    25785.4572
 3883757000    23468.9085
 3890568000    23132.5570
 3897378000    19785.1642
 3904191000    18461.7672
 3911000000    16101.0521
 3917815000    13790.6068
 3924640000    11565.4573
 3931467000    11355.5319
 3938283000    10046.9827
 3945098000     8727.3911
 3951911000     7388.0015
 3958717000     6985.0340
 3965529000     5632.3241
 3972337000     4242.3088
 3979157000     2955.0780
 3985975000      648.0491
 3992790000     1312.4695
 3999606000      983.3597
 4006421000     -356.7895
 4013243000    -1637.9474
 4020059000    -2973.9148
 4026872000    -4338.4266
 4033687000    -6687.7162
 4040490000    -5144.3188
 4047302000    -6524.4297
 4054506000    -7476.1673
 4061323000    -8817.2182
 4068140000    -9160.5550
 4074959000   -10488.6765
 4081773000   -11862.8369
 4088585000   -14256.7813
 4095398000   -13644.2586
 4102213000   -16016.5205
 4109029000   -16382.3181
 4115837000   -17820.3902
 4122656000   -18164.5107
 4129475000   -17510.9186
 4136291000   -18885.8567
 4149919000   -19677.5767
 4156739000   -22024.3828
 4163536000   -22574.6417
 4170408000   -23471.2260
 4177209000   -24991.0726
 4184024000   -24390.7605
 4190838000   -25801.4779
 4197653000   -26205.7346
 4204466000   -28629.7646
 4211279000   -29056.0778
 4218085000   -30545.8796
 4224894000   -31011.7302
 4231707000   -34444.8895
 4238520000   -34880.3322
 4245359000   -35090.7590
 4252173000   -36522.0350
 4258990000   -40929.3701
 4265804000   -41365.2150
 4272624000   -42750.8983
 4279434000   -44226.2755
 4286248000   -46668.9729
 4293066000   -46078.9946
 4299881000   -46517.5217
 4306712000   -48818.5053
 4313583000   -50772.2274
 4320363000   -50523.4830
 4327175000   -51997.3758
 4333995000   -54403.6478
 4340811000   -55847.1581
 4347637000   -56205.5813
 4354460000   -56592.5072
 4361286000   -59955.5134
 4368109000   -61347.0203
 4374913000   -63906.7993
 4381725000   -63398.9710
 4388543000   -66841.0140
 4395359000   -67302.8134
 4402172000   -68793.1017
 4408994000   -71207.0654
 4415814000   -71640.7861
 4422634000   -74076.7947
 4429459000   -74471.4253
 4436280000   -76903.2787
 4443091000   -78424.7463
 4449905000   -78922.2992
 4456720000   -80413.4041
 4463538000   -80880.5991
 4470348000   -82419.9303
 4477169000   -83865.5032
 4490826000   -86632.5620
 4497640000   -88146.1149
 4504452000   -88679.4109
 4511262000   -90232.4478
 4518084000   -90683.0197
 4524899000   -92196.9806
 4531720000   -94660.8570
 4538535000   -95179.3892
 4545350000   -95700.2060
 4552162000   -98249.4889
 4558983000   -97722.5129
 4565792000  -100302.5436
 4572605000   -99849.9502
 4579416000  -102417.0918
 4586227000  -103986.5154
 4593040000  -103540.7705
 4599862000  -106018.7854
 4606675000  -108577.6101
 4613492000  -109103.8214
 4620309000  -109632.3187
 4627120000  -112215.4430
 4633938000  -113739.7870
 4640757000  -115257.6949
 4647571000  -114821.5025
 4654391000  -117335.2612
 4661205000  -119903.6387
 4668019000  -121474.3002
 4674829000  -121082.1302
 4681645000  -123639.9166
 4688453000  -125269.7522
 4695273000  -126797.2260
 4702090000  -128353.1471
 4708909000  -128893.9153
 4715742000  -131314.9029
 4722550000  -133956.1572
 4729368000  -132512.5067
 4736194000  -136001.3979
 4743009000  -136588.4768
 4749828000  -139142.9705
 4756647000  -139699.7515
 4763455000  -140354.7045
 4770267000  -141977.0716
 4777079000  -140601.7213
 4783895000  -143193.7905
 4790697000  -144910.1613
 4797563000  -144071.0407
 4804369000  -145757.1256
 4811178000  -146419.3458
 4817989000  -149066.4183
 4824809000  -150637.3489
 4831628000  -151219.2809
 4838442000  -151847.0656
 4845262000  -155424.8578
 4852082000  -154004.9379
 4858902000  -156587.3060
 4865717000  -158215.5209
 4872543000  -159750.1947
 4879360000  -161365.5603
 4886224000  -163573.8066
 4893032000  -164272.1536
 4899849000  -165894.3899
 4906663000  -166545.0413
 4920290000  -169861.9052
 4927489000  -172166.5469
 4934297000  -172878.7132
 4941116000  -175497.3709
 4947927000  -178187.9776
 4954741000  -178854.7441
 4961562000  -182462.8452
 4968379000  -183108.0619
 4975198000  -184738.1517
 4982019000  -185353.1168
 4989212000  -188731.8523
 4996030000  -190377.6355
 5002840000  -191095.3455
 5009648000  -192832.7461
 5016461000  -193528.9050
 5023286000  -195122.8990
 5030104000  -196780.1100
 5036920000  -197457.0144
 5043735000  -199144.9070
 5050547000  -200861.1923
 5057365000  -204527.5462
 5064174000  -205274.5047
 5070982000  -206032.4455
 5077834000  -208409.8078
 5084623000  -210337.6420
 5091443000  -211998.0231
 5098257000  -212712.8941
 5105068000  -213456.1489
 5111887000  -214132.0886
 5118706000  -216810.3155
 5125524000  -216499.5287
 5132345000  -219164.9326
 5139151000  -217963.0998
 5145963000  -219711.3577
 5152779000  -220427.1077
 5159980000  -222796.6847
 5166800000  -223482.3466
 5173623000  -224144.2066
 5180432000  -225930.1045
 5187281000  -228370.4453
 5194094000  -228126.1354
 5200908000  -228875.4134
 5207725000  -231600.8907
 5214537000  -231372.1269
 5221350000  -232136.9514
 5228167000  -234869.2835
 5234977000  -234664.7567
 5241794000  -237401.6584
 5248628000  -236993.0664
 5255440000  -237778.0086
 5262260000  -239495.6954
 5269072000  -240285.2056
 5275885000  -242068.3068
 5282695000  -243879.7650
 5289514000  -244615.2863
 5303121000  -245362.5883
 5309960000  -245931.1629
 5316784000  -247632.3819
 5330395000  -249363.1811
 5337214000  -251114.7024
 5344017000  -252007.5228
 5350833000  -254789.6771
 5357646000  -255600.1793
 5364454000  -256456.4010
 5371273000  -259219.3468
 5378098000  -260932.4606
 5384909000  -260769.4728
 5391721000  -260600.0810
 5398533000  -262432.9719
 5405352000  -265207.3489
 5412172000  -264975.3282
 5418986000  -266797.7029
 5425792000  -267691.8351
 5432607000  -269510.0911
 5439426000  -270295.8976
 5446238000  -272144.7738
 5453055000  -272952.5182
 5459868000  -272797.2788
 5466686000  -274600.9116
 5473495000  -275484.9678
 5480309000  -276327.8970
 5487120000  -276199.1538
 5493939000  -279003.2456
 5500754000  -282844.3468
 5507583000  -280566.2100
 5514395000  -282437.9247
 5521214000  -285251.1655
 5528029000  -286101.4102
 5534845000  -288945.2607
 5548474000  -291665.8521
 5555286000  -292551.2689
 5562106000  -293369.5482
 5568922000  -294224.8242
 5575734000  -297117.0928
 5582548000  -297994.2910
 5589361000  -300882.4493
 5596180000  -302720.8360
 5602994000  -304604.8874
 5609803000  -305534.5986
 5616623000  -308371.1673
 5623434000  -311288.0944
 5630247000  -311189.9551
 5637064000  -314059.4038
 5643870000  -316026.5468
 5650680000  -317961.2758
 5657495000  -319854.9220
 5664304000  -320802.8877
 5671120000  -321692.4290
 5677940000  -324549.5684
 5684762000  -326391.6528
 5691596000  -329131.9729
 5698411000  -331039.3356
 5705225000  -331957.6533
 5712048000  -333800.2239
 5718861000  -335731.7824
 5725672000  -337682.9630
 5732487000  -340601.7492
 5739318000  -342384.1193
 5746121000  -342411.5015
 5752928000  -346406.4877
 5759739000  -347369.0821
 5766560000  -349247.2840
 5773378000  -350153.7759
 5780192000  -350097.2214
 5787006000  -352042.9510
 5793824000  -354956.3001
 5800641000  -357880.6016
 5807454000  -358841.8508
 5814283000  -360666.7416
 5821095000  -361641.2275
 5827915000  -361548.6806
 5834717000  -362614.3753
 5841542000  -366483.0795
 5848357000  -366440.7092
 5855169000  -368426.6129
 5861983000  -369397.4736
 5868800000  -371344.6310
 5875616000  -373302.7365
 5882447000  -374133.2011
 5896076000  -377086.8319
 5902894000  -379036.7611
 5909707000  -381032.2789
 5916522000  -381012.7599
 5923339000  -379978.2061
 5930157000  -380937.2788
 5936972000  -378924.6154
 5943818000  -378645.8160
 5950639000  -377585.7818
 5957452000  -379597.3008
 5964259000  -378663.0493
 5971067000  -377722.4198
 5977872000  -377810.0413
 5984684000  -376839.3437
 5998341000  -376619.1469
 6005154000  -375646.6525
 6011970000  -374650.4753
 6018785000  -374665.2384
 6025601000  -374673.6314
 6032415000  -374701.6184
 6039236000  -374671.3112
 6046042000  -374773.0981
 6052852000  -374842.5501
 6059662000  -374914.2834
 6066483000  -372893.1184
 6073299000  -373917.5038
 6080114000  -374952.8265
 6086922000  -373050.9956
 6093735000  -374108.1879
 6100550000  -373150.3615
 6107369000  -373160.2169
 6114180000  -372241.5624
 6120994000  -371299.2399
 6127810000  -370341.9019
 6134610000  -370525.2387
 6141420000  -371624.3600
 6148233000  -369699.8166
 6155042000  -370812.1498
 6161865000  -370805.6915
 6168682000  -370853.4093
 6175494000  -369946.6496
 6182308000  -370024.8786
 6189120000  -370122.6849
 6195944000  -370119.0179
 6202755000  -368230.0394
 6209572000  -368291.4689
 6216386000  -367381.1203
 6223198000  -367490.3457
 6230013000  -366575.9197
 6236830000  -366646.4897
 6244030000  -367408.7056
 6250850000  -365458.0451
 6257673000  -364483.7427
 6264489000  -363572.2310
 6271301000  -362697.5750
 6278110000  -361851.1285
 6284930000  -360911.9012
 6291722000  -359216.9271
 6298531000  -359377.3204
 6305342000  -358522.7124
 6312156000  -356644.4645
 6318972000  -355751.2201
 6325805000  -355713.3820
 6332614000  -354885.1910
 6339424000  -354050.6414
 6346234000  -352218.3731
 6353049000  -351345.1930
 6359862000  -350491.5741
 6366680000  -349597.0488
 6373490000  -347773.9109
 6387151000  -345780.3652
 6393971000  -346877.7190
 6400787000  -344011.9058
 6407602000  -344157.0138
 6414410000  -342364.8555
 6421227000  -341497.2599
 6428045000  -340623.3153
 6434868000  -340708.4846
 6441693000  -338778.6753
 6448519000  -338842.5235
 6455327000  -338064.0679
 6462131000  -335322.4251
 6468945000  -334496.7306
 6475758000  -333681.9527
 6482568000  -334895.3546
 6496187000  -332337.6340
 6503019000  -331367.9926
 6509842000  -330478.3252
 6516663000  -330608.2089
 6523488000  -328705.8604
 6530311000  -327823.0630
 6537127000  -326002.9624
 6543928000  -325314.5852
 6550741000  -325524.9367
 6557555000  -323728.9430
 6564372000  -323909.3486
 6571193000  -323057.5288
 6578010000  -322242.5077
 6584842000  -321300.3646
 6598477000  -317673.1358
 6605293000  -318875.8901
 6612130000  -319899.7868
 6618946000  -318107.1188
 6625760000  -317333.9864
 6632569000  -316606.2622
 6639383000  -314837.6960
 6646195000  -316088.6622
 6653008000  -315333.2871
 6659811000  -314666.4304
 6666651000  -313682.7929
 6673470000  -314882.5363
 6680285000  -314119.0571
 6687103000  -313331.9960
 6693923000  -313529.9778
 6700747000  -312695.7617
 6707564000  -311924.1843
 6714389000  -313085.9263
 6721205000  -311327.5441
 6728026000  -312528.3463
 6741643000  -312152.3038
 6748449000  -311489.2508
 6755264000  -310750.9072
 6762085000  -310963.1372
 6768900000  -309229.3648
 6775718000  -309472.0236
 6782527000  -309794.5262
 6789340000  -311084.8409
 6796150000  -311403.2893
 6802968000  -308655.0872
 6809783000  -310935.0202
 6816605000  -309156.9272
 6823415000  -309484.5090
 6830229000  -309779.9117
 6837034000  -309155.1313
 6843847000  -308463.7133
 6850665000  -307731.5080
 6857483000  -309001.5893
 6864303000  -309256.7303
 6871128000  -309471.0937
 6877941000  -309791.1018
 6884757000  -310087.5559
 6891576000  -309360.4589
 6898386000  -309713.1552
 6905199000  -308042.2984
 6912012000  -309373.7250
 6918821000  -308741.8778
 6925640000  -310026.2070
 6932455000  -307347.2638
 6939267000  -307696.4346
 6946087000  -308979.0126
 6952894000  -307375.7967
 6966515000  -306115.9437
 6973328000  -306467.9195
 6980141000  -305822.1785
 6986947000  -306238.9727
 6993763000  -306571.9747
 7000572000  -305967.5092
 7014188000  -303782.6322
 7021029000  -303909.6241
 7027839000  -302305.6857
 7034649000  -302704.0285
 7041466000  -302044.4195
 7048284000  -302378.4920
 7055097000  -302757.8715
 7061911000  -302130.9305
 7068728000  -303480.4634
 7075550000  -304789.2669
 7082364000  -304169.1814
 7089175000  -302577.1871
 7095991000  -303944.4645
 7102803000  -302348.4341
 7109619000  -303720.2807
 7116427000  -301163.2210
 7123238000  -302582.6391
 7130057000  -301935.5361
 7136877000  -302282.1204
 7143688000  -300708.3900
 7150502000  -302111.1434
 7157311000  -302559.1760
 7164119000  -302018.0879
 7170989000  -300946.1811
 7177777000  -301581.6342
 7184592000  -300987.2161
 7191398000  -300472.4588
 7198208000  -300925.5920
 7205021000  -300355.2165
 7211836000  -299769.9315
 7218646000  -301229.9112
 7225454000  -300709.3636
 7232272000  -301105.1424
 7239086000  -300537.5879
 7245905000  -301929.3440
 7252717000  -300383.5477
 7259528000  -300848.6281
 7266341000  -302298.8031
 7273153000  -299759.8547
 7279964000  -302231.7819
 7286787000  -302602.8791
 7293598000  -302079.3742
 7300417000  -303489.4153
 7307232000  -302936.1104
 7314042000  -303428.0467
 7320854000  -303905.0823
 7327676000  -307298.4939
 7334485000  -307805.8690
 7341299000  -308272.5748
 7348111000  -306758.7439
 7354928000  -308204.2490
 7361738000  -307712.1629
 7368608000  -306707.0396
 7375419000  -308210.9478
 7382244000  -308596.9064
 7389058000  -308079.6203
 7395897000  -309349.9357
 7402717000  -308785.7042
 7409540000  -308198.0007
 7416356000  -309672.6912
 7423177000  -310106.7373
 7429958000  -308886.4969
 7436791000  -311222.0834
 7443619000  -311602.8914
 7450446000  -311994.5773
 7457274000  -312379.9716
 7464047000  -312239.7762
 7470876000  -314621.1552
 7484463000  -313000.1838
 7491285000  -313448.4992
 7498106000  -314907.6862
 7504925000  -314386.3257
 7511740000  -315901.5789
 7518558000  -316393.3729
 7525376000  -314887.4536
 7532199000  -316340.9179
 7539007000  -315925.3761
 7545816000  -316503.5343
 7552640000  -315955.2793
 7559505000  -316057.5656
 7566329000  -316513.9057
 7573155000  -316955.3792
 7579987000  -316347.6753
 7586804000  -317870.9361
 7593617000  -318430.7931
 7600430000  -319992.9334
 7607250000  -318497.3187
 7614072000  -320986.8388
 7620890000  -319512.9531
 7627709000  -321032.7782
 7634521000  -319614.9195
 7641305000  -320439.4498
 7648078000  -322360.5677
 7654889000  -322958.1090
 7661710000  -322472.1900
 7668530000  -321997.1335
 7675361000  -323430.0559
 7682191000  -323873.8469
 7688973000  -324731.4308
 7695730000  -323805.5911
 7702525000  -324556.2530
 7709349000  -328060.6016
 7716177000  -327532.9547
 7723009000  -327973.3164
 7729835000  -329467.3993
 7736665000  -328929.4920
 7743493000  -329411.0199
 7750324000  -329869.1315
 7757149000  -330380.9556
 7763971000  -328920.7786
 7770721000  -330079.8488
 7777493000  -330052.6527
 7784320000  -328556.4618
 7791146000  -331071.1314
 7797981000  -330510.9854
 7804799000  -329098.7795
 7811621000  -329654.5929
 7818452000  -331135.5970
 7825272000  -331713.1244
 7832102000  -330207.2813
 7838918000  -332823.6500
 7845687000  -331844.8671
 7852432000  -333073.8943
 7859234000  -331816.9824
 7866027000  -333639.4240
 7872810000  -333549.7739
 7879590000  -335488.0775
 7886360000  -336514.2741
 7893167000  -336225.9001
 7899963000  -337033.9930
 7906741000  -336998.4769
 7913525000  -336913.8495
 7920300000  -338908.5396
 7927098000  -339708.5808
 7933887000  -339587.9426
 7940658000  -340623.6607
 7947450000  -341481.8705
 7954251000  -343265.3110
 7961001000  -341487.5612
 7967778000  -341480.9552
 7974549000  -343527.9613
 7981334000  -344457.4037
 7988125000  -344337.7616
 7994924000  -344151.9255
 8001721000  -345985.4782
 8008532000  -346701.5032
 8015337000  -347471.1512
 8022138000  -348277.3030
 8028932000  -346145.6232
 8035732000  -347964.8790
 8042502000  -347043.0741
 8049293000  -348943.8655
 8056059000  -351060.7960
 8062835000  -350094.4335
 8069639000  -352890.8131
 8076417000  -352911.8693
 8083199000  -354900.9715
 8089978000  -354917.9957
 8096768000  -355843.1995
 8103558000  -355770.6711
 8110312000  -357008.2881
 8117085000  -358085.6645
 8123867000  -358088.3340
 8130688000  -357759.7710
 8137473000  -358741.3261
 8144285000  -359494.2827
 8151052000  -359634.2787
 8157879000  -359263.5382
 8164693000  -361006.2336
 8171513000  -360699.9181
 8178330000  -362421.5370
 8185146000  -363153.9904
 8191961000  -362897.2772
 8198778000  -364625.7529
 8205593000  -364373.6096
 8212376000  -365397.2593
 8219145000  -364542.8273
 8225965000  -366254.7794
 8232787000  -367951.9272
 8239546000  -368189.7495
 8246303000  -369446.9101
 8253057000  -369731.9519
 8259810000  -371027.7824
 8266629000  -370761.9212
 8273454000  -372447.0826
 8280275000  -373168.7105
 8287101000  -373849.9098
 8293925000  -374550.4873
 8300731000  -375407.1256
 8307487000  -375693.1653
 8321109000  -376332.3837
 8327929000  -377078.5427
 8334713000  -379134.4699
 8341478000  -378354.9358
 8348241000  -380594.7339
 8355065000  -379315.8348
 8361902000  -379928.2091
 8368729000  -381628.2772
 8375555000  -381339.1772
 8382375000  -383103.6018
 8389207000  -382767.8531
 8396039000  -383434.4004
 8402918000  -384701.9689
 8409732000  -385526.7978
 8416559000  -385242.9285
 8423378000  -385029.6459
 8430178000  -385980.8426
 8436931000  -386335.5100
 8443784000  -387838.8452
 8450597000  -386685.9072
 8457394000  -386671.8138
 8464193000  -386642.9235
 8470967000  -387829.6674
 8477735000  -388069.8731
 8484489000  -386431.8044
 8491277000  -387505.8435
 8498084000  -387420.0206
 8504862000  -386583.9267
 8511655000  -387622.1064
 8518459000  -387568.7031
 8525270000  -388457.8549
 8532084000  -387323.6944
 8538897000  -388200.3489
 8545692000  -388232.8401
 8552482000  -387310.2544
 8559274000  -387372.8765
 8566079000  -387326.8813
 8572886000  -387266.1052
 8579647000  -387599.9455
 8586453000  -386552.2412
 8593254000  -385549.4576
 8600055000  -385548.9491
 8606861000  -385508.0773
 8613670000  -384443.9019
 8620483000  -384347.8989
 8627304000  -385185.9653
 8634114000  -385120.1106
 8640923000  -385065.0633
 8654498000  -385328.4021
 8661304000  -385305.7574
 8668100000  -385370.6384
 8674914000  -386284.3524
 8681720000  -387268.5428
 8688523000  -387280.5829
 8695341000  -389167.0489
 8702145000  -388175.1241
 8708945000  -388219.5674
 8715769000  -387061.7484
 8722583000  -386991.4403
 8729385000  -387025.6767
 8736192000  -387019.5821
 8743023000  -386811.2621
 8749842000  -385707.4857
 8756675000  -384486.7116
 8763492000  -385404.5546
 8770305000  -385358.7623
 8777125000  -386255.6178
 8783940000  -385197.3564
 8790760000  -385098.7862
 8797568000  -385104.7241
 8804383000  -384053.3159
 8811199000  -384995.6747
 8817980000  -385238.4257
 8824800000  -383151.2753
 8831613000  -383126.0295
 8838434000  -383034.9363
 8845252000  -382971.6798
 8852002000  -383489.7755
 8858793000  -382660.9835
 8865581000  -384860.0051
 8872355000  -384180.4987
 8879155000  -384281.8767
 8885979000  -384181.1932
 8892792000  -385176.4508
 8899599000  -385225.0716
 8906406000  -385275.9717
 8913232000  -386167.4104
 8920038000  -385231.3877
 8926856000  -388195.4997
 8933671000  -388187.4333
 8940540000  -388722.0404
 8947355000  -388718.5613
 8954139000  -387981.1969
 8960931000  -388178.0139
 8967751000  -389138.8207
 8974539000  -389374.2241
 8981314000  -387722.5151
 8988131000  -389715.6869
 8994975000  -389481.4115
 9001795000  -389453.6394
 9008615000  -389428.1553
 9015415000  -391575.1118
 9022213000  -391741.3575
 9029019000  -390841.8208
 9035836000  -390850.9897
 9042650000  -391887.9634
 9049471000  -391867.6794
 9056280000  -390951.7515
 9063104000  -393910.5249
 9070314000  -392588.6813
 9077129000  -392628.7069
 9083950000  -395619.9917
 9090771000  -396613.5650
 9097586000  -396660.4486
 9104395000  -397760.6363
 9111212000  -397795.0813
 9118019000  -396916.8381
 9124792000  -398329.9507
 9131590000  -398532.7719
 9138381000  -399797.3774
 9145526000  -399054.8119
 9152333000  -400188.0584
 9159165000  -399111.0701
 9166001000  -400002.3770
 9172839000  -399878.9828
 9179679000  -398740.8895
 9186519000  -401605.0977
 9193362000  -400446.1106
 9200203000  -403306.4241
 9207037000  -402228.5271
 9213879000  -402084.9445
 9220715000  -402994.6499
 9227933000  -405660.7279
 9234828000  -404073.8455
 9241696000  -404718.7073
 9248532000  -403637.7666
 9255369000  -404550.6289
 9262208000  -405448.7995
 9269015000  -404621.1159
 9275801000  -406974.1030
 9282632000  -406947.1031
 9289452000  -405015.8344
 9296273000  -407078.3598
 9303091000  -407168.6543
 9309915000  -407210.2765
 9316735000  -408288.1606
 9323560000  -408325.8704
 9330393000  -408297.9344
 9337225000  -408280.7868
 9344040000  -408410.2903
 9350859000  -409508.1138
 9357672000  -409659.1695
 9364489000  -409778.5466
 9371309000  -408874.7392
 9378126000  -409998.6892
 9384945000  -410107.9463
 9391769000  -410177.0451
 9398578000  -412375.7663
 9405402000  -411449.4413
 9412220000  -413576.3357
 9419032000  -412756.4434
 9425854000  -412853.9593
 9432669000  -413013.1743
 9439488000  -413140.7268
 9446303000  -414304.5123
 9453126000  -414402.6937
 9459948000  -414511.6508
 9466773000  -413597.4410
 9473605000  -414626.1268
 9480434000  -415682.5629
 9487249000  -414860.0749
 9494068000  -416005.9353
 9500889000  -417137.1154
 9507712000  -415253.6174
 9514557000  -417185.7815
 9521382000  -416289.9054
 9528211000  -416362.3909
 9535036000  -419471.0987
 9541875000  -419463.3536
 9548699000  -419585.1302
 9555521000  -419726.1596
 9562347000  -420835.5554
 9569172000  -420955.7236
 9575990000  -421137.5435
 9582808000  -422321.6501
 9589612000  -422626.7547
 9596436000  -423764.5555
 9603268000  -425836.8173
 9610076000  -426114.8562
 9616866000  -425547.7799
 9623696000  -426643.8630
 9630528000  -427725.2861
 9637358000  -426825.9592
 9644181000  -427988.2640
 9651006000  -429135.9061
 9657852000  -428107.8427
 9664670000  -428319.4044
 9671460000  -427770.5627
 9678256000  -428173.1388
 9685074000  -427391.5436
 9692280000  -427324.1882
 9699086000  -429648.9844
 9705902000  -428891.3225
 9712724000  -428085.1059
 9719561000  -430154.0837
 9726394000  -430259.2515
 9733207000  -430536.1625
 9740077000  -430332.4535
 9746878000  -432715.6100
 9753705000  -430880.7875
 9760530000  -432065.1996
 9767353000  -431268.8443
 9774178000  -431457.8385
 9787806000  -430029.0328
 9794595000  -430529.7885
 9801340000  -431405.4461
 9808087000  -432266.4045
 9814861000  -431900.9577
 9821678000  -431173.6453
 9828480000  -432575.6335
 9835286000  -430946.0283
 9842105000  -431208.6311
 9848918000  -432524.3211
 9855737000  -429791.4965
 9869364000  -432425.8312
 9876188000  -429657.5384
 9883000000  -430993.1158
 9889814000  -429314.0465
 9896648000  -429467.9755
 9903467000  -429751.1611
 9910226000  -430544.4509
 9917037000  -429899.8972
 9923851000  -431232.2366
 9930649000  -430702.2618
 9937436000  -430267.6452
 9944234000  -430742.2132
 9951052000  -431049.8222
 9957882000  -432258.1826
 9964699000  -431578.8298
 9971516000  -431901.7631
 9978301000  -432497.7108
 9985112000  -431875.9648
 9991942000  -434095.7684
 9998763000  -434394.0001
10012390000  -432124.2082
10019217000  -434378.5512
10026027000  -432778.9715
10032853000  -433046.3518
10039672000  -433375.2248
10046505000  -433587.9883
10053313000  -432014.4630
10060135000  -431324.8302
10066957000  -431637.4867
10073739000  -430290.6554
10080557000  -430641.6981
10087374000  -429003.4823
10094180000  -427460.5528
10101001000  -426793.0883
10107820000  -425144.8203
10114626000  -424608.7359
10121374000  -421565.2173
10128113000  -419600.0148
10135246000  -419306.7385
10141992000  -417286.9689
10148789000  -417838.3920
10155611000  -416180.7989
10162421000  -414626.9097
10169239000  -415007.6947
10176060000  -414365.4148
10189698000  -414121.5203
10196521000  -414469.2059
10203345000  -413810.7323
10210169000  -415154.5493
10216989000  -415534.4511
10223816000  -415857.5036
10230635000  -414250.4315
10237463000  -415569.6191
10244284000  -414950.2304
10251112000  -415274.0023
10257943000  -414574.7281
10264778000  -414843.9645
10271602000  -415208.4032
10278427000  -416566.6870
10285255000  -415901.9267
10292074000  -415315.4633
10305698000  -416267.6165
10312522000  -416645.7911
10319325000  -415203.5698
10326141000  -412653.8639
10332983000  -411886.9300
10339784000  -410468.4407
10346609000  -408849.6151
10353430000  -408266.8481
10360251000  -404686.3697
10367082000  -405023.7685
10373903000  -403447.8707
10380723000  -402882.7021
10387546000  -403294.5011
10394327000  -402063.0617
10401152000  -401462.5476
10407975000  -398881.2031
10414805000  -399243.0770
10421623000  -399708.5071
10428417000  -398378.7389
10435159000  -398490.0065
10441953000  -400164.7620
10448796000  -399428.3690
10455618000  -402871.4519
10462444000  -403283.0784
10469270000  -406696.9968
10476088000  -410180.6935
10482915000  -410590.7579
10489738000  -413036.8553
10496610000  -416071.9389
10503764000  -418730.8369
10510587000  -422183.9319
10517404000  -423689.9193
10524221000  -427198.1927
10531038000  -426708.7521
10537898000  -427858.9895
10544717000  -430357.2704
10551534000  -431874.7027
10558357000  -432343.8307
10565194000  -432697.2090
10572018000  -432162.4905
10578844000  -431613.2012
10585672000  -432049.3432
10592494000  -431538.3588
10599323000  -431970.6557
10606155000  -432379.9585
10612983000  -432825.2735
10619807000  -430306.5967
10626637000  -432739.6403
10633470000  -432149.6945
10640294000  -431637.8947
10647130000  -432027.2572
10653954000  -432520.0428
10660783000  -430972.9855
10667633000  -432251.2688
10674466000  -431675.1025
10681303000  -432067.5302
10688148000  -431394.8545
10694979000  -431842.4338
10701810000  -432292.3085
10708645000  -430710.7811
10715474000  -430182.0959
10722285000  -431807.3307
10729119000  -431241.1107
10735943000  -430761.4182
10742780000  -432174.5216
10749618000  -431581.5021
10756441000  -434117.1126
10763273000  -433579.2182
10770105000  -434043.6197
10776952000  -433384.0026
10783785000  -434844.5807
10790618000  -433307.4555
10797462000  -434680.0072
10804276000  -433307.4522
10811111000  -435760.3758
10817948000  -434198.7595
10824790000  -433597.3495
10831628000  -434031.9154
10838472000  -434418.2736
10845291000  -435017.3765
10852123000  -435509.3419
10858922000  -436281.3627
10865761000  -434718.9928
10872584000  -435293.5841
10879417000  -435786.3060
10886243000  -437340.2339
10893066000  -437921.6995
10899894000  -437463.3805
10906719000  -439032.5986
10913541000  -439629.3508
10920369000  -441177.9088
10927195000  -442745.5873
10934019000  -443332.3843
10940846000  -443896.2333
10947667000  -445512.8504
10954497000  -446056.0459
10961316000  -448694.0672
10968138000  -449309.1410
10974963000  -450901.2704
10981800000  -451394.7603
10988643000  -453840.0862
10995472000  -455405.4587
11002298000  -454998.3550
11009119000  -456635.5911
11015935000  -458317.1620
11022749000  -460017.8359
11029573000  -461636.7082
11036394000  -461283.0959
11043218000  -462906.5485
11050048000  -462481.8466
11056878000  -465059.4393
11063708000  -463639.3267
11070531000  -466280.3546
11077352000  -465940.4849
11084177000  -465569.2803
11090992000  -466284.4224
11097828000  -467825.3400
11104664000  -467368.5563
11111488000  -468014.9257
11118314000  -469646.7773
11125144000  -469247.3055
11131977000  -469824.9178
11138804000  -469455.2460
11145631000  -471087.8668
11152454000  -470756.3903
11159289000  -472326.3778
11166113000  -470991.0835
11172891000  -471044.5491
11179666000  -473125.4780
11186478000  -472897.8339
11193251000  -474000.0920
11199982000  -473457.4138
11206791000  -474261.7768
11213523000  -472715.1823
11220273000  -473019.6319
11227037000  -473208.7390
11233831000  -473148.1414
11241010000  -473856.5211
11247773000  -473060.9257
11254586000  -472847.7059
11261410000  -473544.4006
11268232000  -475260.1797
11275050000  -474011.8339
11281867000  -473774.1710
11288684000  -474538.7940
11295493000  -475372.8668
11302318000  -476074.8980
11309136000  -475837.9841
11315963000  -475527.8066
11322777000  -475329.0455
11329600000  -475057.0243
11336408000  -476913.1949
11343237000  -476595.3898
11350047000  -476439.3417
11356869000  -477184.8655
11370877000  -476628.1747
11377701000  -477363.9057
11384538000  -475992.8431
11391374000  -475632.4707
11398190000  -476442.2054
11404997000  -475329.7362
11411803000  -474227.9361
11418629000  -474960.6262
11425461000  -472645.2738
11432276000  -474474.8261
11439098000  -474247.9441
11445926000  -472973.0231
11452713000  -474044.2927
11459510000  -472033.9541
11466332000  -472816.2113
11479968000  -472454.6849
11486836000  -470858.0485
11493629000  -470892.6618
11500459000  -470619.2855
11507290000  -469339.8189
11514115000  -468112.9559
11520942000  -469871.6154
11527775000  -467582.2634
11534609000  -466286.8244
11541445000  -465976.9160
11548273000  -464736.3706
11555142000  -466154.4277
11561979000  -466843.0415
11568814000  -465550.7188
11575650000  -465252.3124
11582471000  -462081.9251
11589289000  -462938.9695
11596101000  -463848.5847
11602925000  -461659.9183
11609766000  -463331.0822
11616594000  -462113.4841
11623434000  -461797.6272
11630258000  -462618.1358
11637082000  -462440.9351
11643910000  -462232.5118
11650740000  -461009.6257
11657947000  -460630.6586
11664772000  -459454.3752
11671599000  -457263.6291
11678425000  -456083.5523
11685252000  -454897.3913
11692085000  -454663.2671
11698909000  -455506.8204
11712938000  -453009.9430
11719762000  -452860.4961
11726589000  -451688.2170
11733411000  -451560.1003
11740247000  -451317.0425
11747066000  -451218.6289
11753881000  -451155.9944
11760705000  -449020.2911
11767514000  -449012.4623
11774340000  -448864.5915
11781170000  -447685.5263
11787994000  -446558.9833
11794812000  -446484.9565
11801643000  -446304.3988
11808477000  -446101.0257
11815300000  -445992.0190
11822137000  -445768.1283
11828934000  -443881.3063
11835750000  -441837.7478
11842565000  -442804.8432
11849395000  -440648.6997
11856219000  -439545.0583
11863037000  -437493.9129
11869854000  -437453.4214
11876674000  -437390.1152
11883499000  -436287.2642
11890318000  -435236.9018
11897132000  -435230.6561
11903936000  -434310.3498
11910756000  -433258.4774
11917575000  -431217.2579
11924397000  -433153.2321
11931220000  -430083.1313
11938042000  -428023.6845
11944864000  -427966.5269
11951678000  -424978.5643
11958492000  -422992.8856
11965310000  -421976.0407
11972116000  -421061.8288
11978917000  -420191.7047
11985733000  -422198.4331
11992554000  -420165.6408
11999373000  -419151.8589
12006193000  -420132.0037
12019814000  -417257.9944
12033452000  -415251.0056
12040653000  -416057.8694
12047470000  -415076.9384
12054291000  -414064.8607
12061113000  -413046.7139
12067936000  -412022.4989
12074757000  -413017.2882
12081574000  -411047.7933
12088394000  -409055.5150
12095218000  -408032.1002
12102034000  -406077.8223
12108851000  -404117.4744
12115686000  -402009.0200
12122500000  -401078.3144
12129319000  -399108.1204
12136145000  -397081.7349
12142967000  -395091.0566
12149789000  -393102.6675
12156608000  -391141.6271
12163428000  -389174.5213
12177068000  -386247.1735
12183896000  -383220.1174
12190720000  -382228.7604
12197548000  -381206.2896
12204369000  -378244.5676
12211570000  -376111.9740
12225190000  -373383.9224
12232005000  -371481.5715
12238823000  -369556.4580
12245650000  -367558.4926
12252464000  -365671.3490
12259293000  -364661.2684
12266112000  -362736.9590
12272930000  -359823.2844
12279755000  -358853.4670
12286571000  -354961.0615
12293388000  -353062.5949
12300259000  -350715.7274
12307074000  -347838.5423
12314285000  -345658.8755
12321112000  -342686.2520
12334791000  -338539.2743
12341608000  -335656.9774
12348441000  -334643.4676
12355263000  -330724.0313
12362090000  -329765.1693
12368919000  -327791.9146
12375740000  -325887.6926
12382562000  -324977.4172
12389386000  -323052.7479
12396218000  -322063.6386
12403042000  -319143.5532
12409911000  -317850.4290
12416740000  -316893.2385
12423561000  -314005.0618
12430406000  -312919.0223
12437233000  -310985.3952
12444058000  -308070.7386
12450889000  -305108.3416
12457705000  -304273.3145
12464534000  -303332.1791
12471358000  -300435.0259
12478180000  -299556.8379
12485002000  -296680.9393
12491850000  -294590.5777
12498665000  -293777.6204
12505489000  -291891.9242
12512311000  -291025.1899
12519133000  -289160.7449
12525955000  -287298.5892
12532823000  -287055.3308
12539639000  -285247.7748
12546469000  -283325.8290
12553297000  -283422.8451
12560129000  -281488.8215
12566962000  -279548.7609
12573783000  -277710.9883
12580622000  -275725.5236
12587443000  -275892.3342
12594273000  -271986.4492
12601106000  -271057.8652
12614768000  -268240.9095
12621599000  -267335.8748
12628409000  -265608.0634
12635239000  -264715.9418
12642068000  -262834.4442
12648896000  -262963.5695
12655719000  -260136.6310
12662539000  -259336.9672
12669360000  -259531.2634
12676186000  -257686.2105
12683024000  -257743.5230
12689851000  -255894.7312
12696673000  -256089.8649
12703497000  -254270.6355
12710373000  -252020.7511
12717199000  -250189.4693
12724030000  -249318.8536
12730862000  -247442.2083
12744552000  -243479.3769
12751391000  -241551.3614
12758205000  -239833.7348
12765023000  -239085.0994
12778672000  -233486.4958
12785496000  -233694.7915
12792328000  -231838.8032
12799159000  -230993.4324
12805994000  -228117.0723
12812837000  -224176.4436
12819670000  -225321.3232
12826493000  -222551.7013
12833325000  -222709.4908
12840154000  -220894.5349
12846979000  -218115.1496
12853806000  -217321.4180
12860636000  -216505.0237
12867467000  -215682.6059
12874299000  -211854.1656
12881135000  -210994.7515
12887958000  -209245.7589
12894797000  -208365.9874
12901626000  -206571.6813
12908450000  -205821.2500
12915284000  -203989.9513
12922109000  -202235.7891
12928933000  -199492.2334
12935748000  -197825.8015
12942580000  -197020.3085
12949404000  -193283.6244
12956234000  -193499.3484
12963072000  -191650.8594
12969909000  -188812.9837
12976748000  -186960.7817
12983589000  -185094.2557
12990409000  -184404.5858
12997264000  -182426.2922
13004090000  -181691.3415
13010918000  -179942.0606
13017740000  -178244.9376
13024568000  -177500.2414
13031398000  -175741.2183
13038219000  -177059.2777
13045007000  -175653.8364
13051822000  -175026.3165
13058643000  -176351.2287
13065456000  -176744.8969
13072271000  -175124.2322
13079057000  -174746.7765
13085882000  -174047.5973
13092709000  -175334.0953
13099524000  -175722.5667
13106338000  -173121.6292
13113158000  -171473.1392
13119984000  -171777.1029
13126789000  -169257.7718
13133586000  -169807.1590
13140412000  -167117.9819
13147241000  -167406.1836
13154078000  -164630.2470
13160904000  -163947.9506
13167724000  -163317.7665
13174543000  -162698.1734
13181378000  -161948.0242
13188187000  -160416.0348
13195021000  -160678.7751
13201853000  -160960.4162
13208682000  -160269.2574
13215510000  -159588.6936
13222346000  -157844.0176
13229174000  -157168.0433
13236004000  -157477.7622
13242827000  -154847.8736
13249647000  -153245.1730
13263331000  -149681.4941
13270157000  -150035.8822
13276988000  -148351.0723
13283820000  -148660.2600
13290645000  -149029.8252
13297464000  -148451.4636
13304268000  -147999.8393
13311027000  -147923.8270
13317829000  -147493.3341
13324653000  -147882.6126
13331515000  -148958.9595
13345140000  -148939.7723
13358742000  -148120.4785
13365569000  -147498.6096
13372370000  -147094.6595
13379131000  -147024.7038
13392661000  -145825.1995
13399488000  -145214.7215
13406277000  -142921.6186
13413103000  -142324.0045
13419924000  -141770.1372
13426743000  -141235.1399
13433490000  -138299.3317
13440283000  -138984.4240
13447106000  -138423.0972
13453925000  -137897.2176
13460749000  -136332.1804
13467565000  -134835.7430
13474380000  -133349.8791
13481188000  -133924.3155
13487979000  -130641.9216
13494802000  -130096.6028
13501614000  -128644.7306
13508435000  -127120.5614
13515258000  -126582.1083
13522079000  -125062.5171
13528903000  -124520.3577
13535720000  -121038.4859
13542544000  -121500.9055
13549361000  -120023.6079
13556194000  -117416.0480
13563022000  -116852.2045
13569835000  -114414.9083
13576647000  -111988.1787
13583459000  -110563.7316
13590273000  -110125.0020
13597080000  -107746.5322
13603907000  -104204.7031
13610714000  -104830.7985
13617517000  -102492.2982
13624337000  -101015.2988
13631159000   -98524.0262
13637986000   -97993.6418
13651614000   -94155.0198
13658424000   -93772.2517
13665259000   -92184.7923
13672053000   -89939.0522
13678862000   -89571.4092
13685677000   -86156.3794
13692505000   -84636.0258
13699333000   -83117.9657
13706153000   -79668.4140
13712966000   -79279.0861
13719791000   -75792.7269
13726614000   -75325.2108
13733421000   -73992.3936
13740233000   -72620.4794
13747053000   -69184.6489
13753878000   -68709.7336
13760677000   -66452.2391
13767465000   -64288.0311
13774257000   -64092.9956
13781073000   -60701.6723
13787897000   -60246.4512
13794724000   -56768.7033
13801528000   -55483.5086
13808347000   -53076.5132
13815169000   -50646.9905
13821987000   -49252.8419
13828810000   -49819.6257
13835606000   -45612.0036
13842416000   -46290.8707
13849231000   -43930.6699
13856050000   -42539.6755
13862869000   -41150.9685
13869687000   -41772.8177
13876475000   -39645.0088
13883302000   -38197.0076
13890098000   -38007.6021
13896909000   -36696.4560
13903709000   -35478.5306
13910538000   -34023.1416
13917349000   -33718.8435
13924196000   -31119.2454
13931013000   -31769.9284
13937832000   -30406.3663
13944650000   -28053.3567
13951470000   -27686.1041
13958280000   -26403.7843
13965097000   -26065.8968
13971916000   -23713.7675
13978728000   -23421.7700
13985548000   -22065.9499
13992361000   -19770.2574
13999179000   -16435.5358
14006004000   -16045.2659
14012799000   -13905.1416
14019634000    -9436.8295
14026449000    -9136.0382
14033270000    -6787.9668
14040083000    -4508.2677
14046831000    -2767.7605
14053651000    -1434.7876
14060434000      590.2971
14067250000     3885.6699
14074074000     5244.8278
14080900000     7618.2120
14087668000     9510.3329
14094478000    11747.0279
14101296000    13047.5012
14108110000    15312.6595
14114930000    15625.0745
14121755000    18976.4837
14128587000    20383.3944
14135396000    21598.1262
14142133000    24216.1854
14148874000    25865.0324
14155710000    27295.8483
14162525000    30551.0222
14169316000    30605.8129
14176523000    32091.9012
14183351000    35447.3923
14190165000    35685.0469
14196987000    38986.4396
14203814000    40326.8049
14210638000    42640.1214
14217466000    44984.1542
14224283000    48235.1281
14231102000    51500.3183
14237913000    52697.2152
14244743000    55048.5878
14251566000    56339.9153
14258396000    59686.7009
14265225000    60022.9424
14272051000    62332.1427
14278863000    65523.5689
14285689000    65828.1899
14292503000    68031.5423
14299313000    71199.6198
14306132000    72439.6426
14312947000    73644.3898
14319769000    77904.5794
14326612000    78335.6535
14333435000    80599.5034
14340251000    82803.3434
14347068000    86013.1436
14353899000    88336.0881
14360720000    89574.2904
14367519000    91628.8281
14374328000    93763.5321
14381141000    96928.9304
14387971000    99232.1823
14394786000   101409.4943
14401606000   101625.7351
14408434000   103905.6266
14415264000   105199.7089
14422073000   107318.4213
14428888000   108484.3011
14435709000   109697.3423
14442528000   109891.6135
14449346000   111075.3571
14456162000   111240.3341
14462975000   114378.3068
14469795000   113571.6715
14476616000   114770.9872
14483441000   116000.9689
14490264000   118212.1826
14497085000   119404.6304
14503898000   120528.8883
14510676000   123362.5568
14517490000   122490.4968
14524292000   123517.3132
14531118000   125739.5251
14537937000   127901.7931
14544755000   129053.5383
14551585000   131301.8204
14558410000   131506.6330
14565232000   131684.4504
14572065000   133950.5558
14578886000   134115.5569
14585708000   135286.5029
14592512000   136306.9604
14599320000   137358.0725
14606128000   138406.9046
14612941000   139494.6183
14619764000   140662.3682
14626583000   140794.9016
14633792000   142135.3434
14640620000   143337.2497
14647379000   143968.9519
14654163000   146804.1634
14660952000   145678.2606
14667730000   147459.5650
14674506000   149222.1511
14681325000   150336.3223
14688134000   149365.9204
14694912000   153138.1619
14701687000   153883.4599
14708510000   153021.4241
14715328000   154115.9621
14722149000   155232.8942
14728921000   156944.4352
14735704000   157744.2090
14742491000   159574.6233
14749297000   159559.0577
14756109000   160590.5650
14762930000   162693.8139
14769744000   165737.2021
14776550000   167712.5124
14783368000   169784.2310
14790160000   171639.8502
14796966000   173608.3254
14803774000   176590.9678
14810525000   178102.6441
14817276000   180612.0784
14830754000   186426.9035
14837499000   188880.2926
14844240000   191298.5601
14850985000   192747.4746
14857795000   194728.4671
14864587000   198559.2200
14871358000   200215.0925
14878161000   201131.7256
14884970000   202095.3955
14891777000   206040.3477
14898602000   207130.9489
14905420000   210161.7334
14912242000   211223.1016
14919061000   213257.5287
14925870000   215207.4996
14932690000   218245.5721
14939499000   220190.9781
14946303000   222093.0241
14953127000   224157.1039
14959926000   228013.5125
14966728000   227892.2919
14973505000   229563.4317
14980297000   232355.5255
14987091000   235161.7778
14993910000   239171.0983
15000711000   240030.2936
15007502000   242805.0849
15014288000   245536.5449
15021117000   247618.8647
15027923000   250510.0174
15034735000   251448.1608
15041483000   254858.5044
15048289000   257742.8387
15055077000   260477.1048
15061893000   263438.9900
15068709000   264398.5899
15075468000   269887.9611
15082278000   271793.7544
15089099000   273787.5638
15095907000   276672.3738
15102724000   278628.7775
15109546000   281623.9346
15116364000   285583.9723
15123181000   288533.5162
15129989000   292406.9124
15136815000   294425.7460
15143655000   296557.1742
15150470000   298481.1548
15157288000   301427.4673
15164105000   305363.2880
15170922000   308296.8227
15177740000   310236.2760
15184534000   312976.5426
15191346000   316862.2076
15198168000   319827.6250
15204942000   322397.0012
15211735000   325119.9740
15218556000   328070.3468
15225382000   331059.4418
15232200000   332980.6301
15239021000   335924.1363
15245837000   337824.3481
15252646000   340664.8689
15259454000   342494.9085
15266270000   344388.2694
15273086000   347279.3451
15279905000   349192.7338
15286715000   350030.0430
15293524000   353856.8721
15300340000   356738.8099
15307154000   358602.0662
15313972000   360495.8297
15320790000   363387.3065
15327613000   364317.4824
15334435000   367237.1715
15341226000   368900.4810
15347981000   369266.4612
15354757000   372802.3087
15361532000   373327.7021
15368349000   375195.0330
15375172000   378109.2468
15381988000   377963.8094
15388808000   377848.8631
15395632000   378764.4040
15402431000   381472.8180
15409216000   381064.2545
15416005000   382686.1975
15422812000   386453.3373
15429645000   387431.1929
15436385000   389644.9163
15443140000   391979.2769
15449964000   393876.5798
15456811000   395959.9799
15463638000   398877.2651
15470465000   402792.2576
15477292000   404704.9574
15484111000   405549.8491
15490927000   407367.8862
15497754000   406273.7144
15504572000   407103.5540
15511370000   407767.3452
15518108000   408937.5976
15524869000   407293.9275
15531669000   407967.3056
15538479000   408720.2767
15545307000   406618.3222
15552132000   407489.5160
15565729000   408791.2026
15572465000   409927.0676
15579281000   411715.4811
15586037000   413010.5441
15592819000   413516.1481
15599643000   419363.2072
15606457000   420126.1415
15613236000   421600.3839
15620059000   426432.4067
15626887000   426303.0516
15633716000   429179.5852
15640542000   431029.2795
15647359000   431803.0492
15654180000   432607.2573
15660990000   435319.1886
15667806000   437077.9210
15674630000   438899.8087
15681444000   440637.6084
15688274000   442503.9944
15695093000   445278.1161
15701879000   446780.0527
15708689000   447476.0054
15715499000   450169.6768
15722270000   452542.1360
15729060000   453067.7103
15735877000   455811.7970
15742696000   457569.9512
15749478000   457023.2920
15756269000   459547.9547
15763096000   460364.6745
15769921000   461162.7508
15776747000   463966.7108
15783565000   464702.9812
15790393000   465518.7087
15797215000   468283.0986
15804041000   468077.8939
15810854000   470764.1436
15817681000   469562.5324
15824500000   472293.2469
15831322000   473046.1912
15838081000   474282.0090
15844885000   477883.3054
15851693000   477515.0101
15858503000   479160.7768
15865321000   481869.6277
15872132000   483518.9995
15878953000   486247.7895
15885763000   486884.4244
15892586000   487624.9795
15899408000   490355.0756
15906224000   490033.8704
15913038000   490694.0432
15919856000   490384.6040
15926683000   489146.3872
15933505000   489865.0410
15940278000   491181.2229
15947091000   489821.8146
15953907000   490484.6220
15960737000   490259.4680
15967483000   490346.1043
15987942000   489396.9705
15994719000   490727.6730
16001496000   488056.1162
16008277000   488414.9548
16015086000   489000.1043
16021919000   488778.8848
16028740000   488457.4168
16035570000   489207.1210
16042348000   487530.1078
16055947000   488520.2381
16062770000   488203.6747
16069589000   488852.1787
16076431000   487686.0823
16083271000   487501.3632
16090098000   489208.2675
16104094000   488405.5573
16110898000   488917.8209
16117720000   490574.6561
16124507000   489943.6744
16131295000   490318.5844
16138110000   490911.4739
16144926000   491510.2358
16151744000   492123.0255
16158561000   493725.3724
16165383000   493366.2129
16172196000   493931.3638
16179012000   495518.6972
16185883000   496552.2655
16192702000   497159.4736
16199513000   498699.1604
16206333000   499309.9505
16213154000   499926.6061
16219976000   500549.1264
16226779000   503014.4522
16233556000   503265.5347
16240362000   504750.7727
16247181000   505339.7068
16254004000   506958.9599
16260771000   507119.4542
16267560000   508457.0156
16274387000   510102.0312
16281198000   510614.3504
16288016000   511181.4370
16294823000   513656.5918
16301626000   514096.8705
16308417000   517437.0860
16315239000   516027.6380
16322058000   518591.4560
16328873000   520120.3952
16335689000   521655.1973
16342508000   523212.1558
16349330000   525791.2675
16356141000   526278.4781
16362957000   526804.1377
16369777000   528360.0955
16376544000   530482.0520
16383324000   529707.6436
16390153000   532330.0725
16396980000   533933.9182
16403797000   535454.0294
16410613000   536963.7107
16417437000   538536.2549
16424265000   541139.0812
16431081000   540641.9000
16437868000   543906.3004
16451330000   547516.4161
16458077000   548448.3954
16464817000   551321.1471
16471555000   553175.3824
16478294000   556035.5250
16485027000   558844.5924
16491772000   558749.1083
16498509000   563586.2699
16505249000   565445.6166
16518758000   570393.6236
16525492000   572197.4275
16532232000   575047.8281
16538977000   575936.6817
16545716000   578774.4742
16552459000   580642.5802
16559203000   580516.5862
16565968000   583559.2154
16572754000   587770.4470
16579588000   588369.9196
16586399000   590779.9850
16593226000   592317.9265
16600056000   593877.9789
16606859000   597216.1131
16613689000   600771.5852
16620519000   599324.7627
16627319000   604631.6494
16634137000   606082.6532
16640956000   608539.5029
16647783000   608059.1227
16654605000   611535.7907
16661423000   613977.6432
16668234000   614360.2908
16675050000   617781.3107
16681858000   623135.0011
16688672000   623535.1928
16695495000   628006.2691
16702296000   628296.2061
16709127000   625827.7432
16715946000   632259.4389
16722726000   633371.8356
16729529000   635668.9190
16743164000   639491.9535
16749978000   641871.5963
16756800000   641313.9697
16763617000   645713.4214
16770444000   647191.8487
16777265000   647619.2283
16784077000   651971.1899
16790894000   650361.4947
16797721000   652830.7617
16804491000   655834.6405
16818119000   660550.5303
16824931000   661888.8022
16831751000   662289.7768
16838560000   662599.1124
16845383000   667019.8821
16852168000   667129.7205
16858953000   670237.2945
16865771000   668610.6123
16872583000   669932.9167
16879409000   673366.6297
16886234000   674789.9302
16893058000   676202.8193
16899880000   678597.1781
16906696000   679940.5309
16913511000   680273.4792
16920310000   682474.2424
16927087000   683494.1257
16933879000   684633.5215
16940671000   685770.6482
16947490000   688124.6767
16954315000   692525.1206
16961137000   689898.9229
16967954000   694229.8536
16974775000   694590.9628
16981599000   695974.1307
16988417000   699306.3152
16995241000   698684.9038
17002058000   701004.3983
17008868000   704264.8059
17015688000   705604.0731
17022503000   707900.4836
17029322000   710227.0631
17036141000   708551.3553
17042956000   710840.9093
17049778000   710184.9655
17056588000   713429.3874
17063398000   716671.5280
17077415000   717369.0593
17084203000   716425.7872
17090997000   719528.9109
17097746000   721264.8115
17104571000   721614.8105
17111403000   725019.2839
17118221000   724307.9345
17125043000   723626.7334
17131859000   728894.5927
17138674000   729152.0586
17145541000   727828.8407
17152348000   728016.8610
17159092000   728691.8586
17165882000   731737.5274
17172710000   733088.9705
17179534000   730405.6961
17186336000   733541.8056
17193099000   735359.5299
17199922000   737661.3063
17206749000   737993.2115
17213577000   739330.9284
17220402000   739642.0399
17227225000   737934.6527
17234008000   741900.8413
17240791000   743864.7667
17247620000   746199.1525
17254394000   745085.6149
17261210000   746310.1049
17268040000   747645.7331
17274916000   745351.7285
17281724000   750504.5297
17288552000   749817.0644
17295373000   752070.6035
17302193000   753313.7539
17309017000   754587.0150
17315837000   755825.5880
17322656000   754053.7742
17329473000   754263.4757
17336300000   756551.8744
17343122000   755797.4906
17349942000   755024.6221
17363616000   755747.3186
17370445000   754040.4446
17377267000   753274.6024
17384083000   754457.8951
17390921000   753817.0065
17397744000   756052.3883
17404567000   754285.4801
17411351000   755200.5913
17418144000   755186.2873
17424956000   752323.4988
17431775000   754515.0830
17438602000   750769.1262
17445418000   751931.8542
17452232000   749076.1117
17458981000   750692.0866
17465747000   749443.3842
17472513000   750192.4299
17479280000   749947.3149
17486023000   749505.7645
17492805000   744377.5118
17499614000   746465.4344
17506438000   747672.4258
17513259000   745852.8576
17520048000   745772.1437
17526869000   745948.0090
17533697000   747178.2059
17540440000   744718.6057
17547198000   745378.0881
17554002000   746407.3543
17560821000   744555.6525
17567591000   739305.4030
17574377000   742182.2848
17581173000   745137.7641
17587988000   741244.6045
17594803000   739349.1602
17608413000   741389.7190
17615217000   740398.4970
17622055000   739679.8627
17628880000   741853.8374
17635695000   739944.6847
17642499000   738944.3315
17649313000   738022.5303
17656114000   737993.3715
17662932000   735099.3358
17669758000   738267.6689
17676579000   738393.3020
17683391000   735443.9152
17690215000   736589.2168
17697035000   735699.9054
17703854000   731800.2258
17710679000   733946.7383
17717508000   734123.2778
17724337000   734297.5232
17731161000   731429.0801
17737985000   730558.3464
17744805000   729653.0091
17751631000   728793.8512
17758452000   730892.0135
17765274000   727995.9643
17772101000   726138.0103
17778922000   724229.3043
17785748000   725358.6907
17792572000   724469.6334
17799393000   724554.0587
17813044000   723788.7174
17819859000   721817.8266
17826679000   720885.0221
17833492000   716893.4127
17840321000   717028.6964
17847147000   716137.4665
17853963000   717163.2161
17860788000   717259.3330
17867612000   716345.0865
17874432000   715396.2618
17881257000   713485.5068
17888066000   713443.3215
17901721000   710650.7181
17908538000   710666.2400
17915351000   708647.1967
17922170000   708674.2870
17928993000   710731.3667
17935813000   709761.9500
17942630000   707766.0397
17949443000   705735.5709
17956256000   705702.8188
17963047000   703490.2985
17969832000   705227.1068
17976615000   702945.5168
17983369000   705427.7353
17990172000   701302.9518
17996959000   703046.8385
18003766000   704949.7691
18010594000   704019.7887
18017409000   701982.6723
18024241000   699080.3674
18031054000   703022.5478
18037883000   701091.4659
18044686000   700948.4395
18051510000   699972.4626
18058327000   699937.7553
18065133000   700812.0750
18071934000   700643.8053
18078746000   699561.9402
18085562000   700510.0384
18092389000   698544.5237
18099212000   700544.4731
18112861000   699561.6824
18119683000   700546.7011
18126508000   700553.6088
18133335000   700574.3434
18140151000   699504.1388
18146969000   698447.7658
18153790000   702413.2804
18160659000   696763.2795
18167462000   700579.1669
18174277000   700489.4629
18181093000   701405.5311
18187907000   698303.2011
18194719000   699182.4750
18201527000   700027.2432
18208346000   699958.3412
18215170000   696927.4273
18221988000   697845.8942
18228806000   696762.0745
18242470000   696813.0801
18249279000   694649.9104
18256101000   691589.1501
18262919000   694493.8895
18269708000   690162.8224
18276516000   690982.4775
18283327000   692824.0079
18290155000   693800.1302
18296966000   691637.0911
18303776000   694463.7192
18310592000   691336.3685
18317390000   694061.8313
18324207000   691937.9658
18331015000   692739.3697
18337827000   691570.6899
18344618000   691230.7044
18351429000   691049.4180
18358240000   688865.8498
18365055000   684712.1904
18371872000   684572.3412
18378689000   686430.2060
18385515000   685358.2053
18392336000   683243.6807
18399098000   683652.1509
18405907000   685436.5203
18412725000   684291.0175
18419512000   681893.8318
18426347000   683880.5260
18433170000   681768.3898
18439985000   683589.6113
18446798000   681392.4608
18453619000   677257.3739
18460436000   681087.8263
18467245000   676851.6512
18474054000   680613.1954
18480863000   680372.4591
18494530000   677278.1708
18501343000   673062.7403
18508152000   676812.8638
18514970000   673633.0698
18521783000   675410.7891
18528595000   674178.1855
18535409000   674959.3779
18542230000   674794.5594
18549035000   674498.8336
18555846000   672249.0598
18562618000   670683.5222
18569404000   669228.2560
18576211000   666939.5085
18583021000   667672.5928
18589834000   667427.5057
18603493000   664195.6695
18610314000   664008.0068
18617128000   662761.8082
18623923000   660360.6610
18630695000   662772.4456
18637530000   658688.1362
18644301000   660087.3540
18651101000   658717.2924
18657912000   656433.3227
18664714000   655074.7742
18671516000   653713.9499
18678334000   656479.3665
18685154000   653258.5604
18691976000   650051.5297
18698790000   652777.9592
18705606000   651518.1667
18712421000   651248.0582
18719239000   649999.7561
18726052000   649709.0175
18732865000   649415.9956
18739685000   648176.8954
18746504000   645927.4784
18753328000   642715.9171
18760145000   644445.8671
18766968000   642221.6989
18773765000   643786.5228
18780579000   640485.5378
18787390000   638158.1881
18794200000   638820.5298
18800975000   636199.6706
18807793000   632921.6690
18814574000   634344.4334
18821355000   631764.9359
18828157000   630351.7002
18834983000   625128.7791
18841801000   623839.3718
18848610000   623475.4625
18855404000   621988.9187
18862249000   617909.2906
18869050000   617474.3491
18875851000   617037.1323
18882658000   616645.7738
18889469000   614284.2237
18896291000   613008.6291
18903152000   611043.5740
18909931000   608418.4884
18916751000   607119.9861
18923571000   605819.1958
18930389000   604500.0776
18937204000   602154.6142
18944018000   600798.8469
18950841000   598512.9657
18957661000   597200.7389
18964425000   595437.2030
18971239000   590072.3116
18978055000   590721.1714
18984878000   588423.8664
18991693000   588060.1364
18998511000   582718.1714
19005324000   584333.8386
19012147000   584027.3814
19018962000   581654.5099
19025772000   580239.2776
19032596000   578933.9724
19039409000   576538.2165
19046230000   574204.2910
19053055000   573900.1324
19059875000   574553.6148
19066744000   572597.4561
19073546000   573102.1145
19080357000   572676.6097
19087173000   573288.8840
19093986000   572874.8374
19100799000   570458.5075
19107610000   570023.8719
19114412000   568514.8567
19121225000   568091.6814
19128044000   565714.2838
19134853000   567254.5005
19141668000   564840.4936
19148479000   566392.1654
19155293000   564965.5818
19162111000   563568.7483
19168928000   563161.6199
19175747000   564768.2213
19182578000   560468.6255
19189396000   561062.6410
19196215000   556662.3768
19203031000   557235.8058
19209845000   555790.9371
19216656000   557319.7671
19223467000   556846.3150
19230285000   553426.6172
19237100000   554980.6182
19243913000   552516.3256
19250727000   551057.7540
19257538000   548572.8869
19264345000   550053.7239
19271158000   549580.3006
19277960000   544016.5630
19284708000   548018.4157
19291500000   542370.1229
19298300000   542783.5754
19305106000   541242.7622
19311961000   541091.7263
19318763000   543514.3362
19325583000   540078.6787
19332411000   542704.7343
19339238000   538320.4968
19360069000   535953.6015
19366887000   536488.0897
19373695000   534940.3103
19380509000   535438.2376
19387329000   531981.8656
19394143000   528475.2229
19400952000   531926.3125
19407772000   528463.0822
19414585000   527941.5913
19421395000   526393.8298
19428207000   524859.7779
19435022000   524347.4287
19441836000   520824.8000
19455463000   520764.6968
19462277000   517235.2167
19469093000   517719.4394
19475941000   518457.1552
19482766000   518008.7312
19489590000   514550.0235
19496387000   511873.2393
19503200000   511322.0503
19509978000   511488.8791
19516799000   508997.0638
19523620000   508502.9598
19530440000   508998.5768
19537247000   508388.0350
19544058000   507807.1729
19550864000   506184.0819
19557681000   505646.5919
19571286000   503333.0909
19578477000   503776.2790
19585284000   505149.6525
19592088000   503496.7846
19598900000   501905.5357
19605715000   501335.9643
19612541000   499851.9581
19619349000   496221.9116
19626155000   496573.6138
19632971000   493002.8909
19639784000   492405.9276
19646599000   489822.6504
19653412000   487221.1200
19667031000   484955.3234
19673853000   487418.7955
19680678000   484903.9272
19687479000   484195.1836
19694288000   485548.0235
19701143000   481265.7545
19707934000   480470.3478
19714751000   479880.1871
19721539000   480056.2916
19728336000   479301.9555
19735152000   475696.9730
19741967000   475081.7251
19748783000   475472.1723
19755601000   473876.2929
19762408000   471190.3580
19769220000   471542.0371
19776030000   467875.4769
19782835000   465166.7456
19789642000   464471.6917
19796447000   465758.4039
19803260000   465106.6539
19810068000   461412.7375
19816869000   460660.7070
19823682000   456002.1128
19830491000   455309.3329
19837300000   454614.2724
19844106000   452893.0064
19850919000   452225.2841
19857731000   452547.3043
19864531000   448771.3544
19871347000   447120.7079
19878152000   446380.0700
19884963000   445684.9918
19891774000   442987.6317
19898584000   443280.0173
19905401000   442625.9253
19912213000   438929.6893
19926188000   437328.1671
19932997000   434601.0539
19939803000   434847.7493
19946613000   435124.0458
19953419000   435366.1827
19960244000   432757.4567
19967060000   431074.7192
19973873000   430365.7906
19980680000   431606.7693
19987490000   429869.3725
19994312000   428225.3053
20001122000   426483.3419
20007931000   425731.1303
20014737000   425952.7384
20021547000   424203.9328
20028359000   422468.7778
20035166000   419691.5124
20041975000   418927.8981
20048792000   416225.7224
20055605000   415489.4025
20062420000   412766.7278
20069230000   411001.9490
20076044000   409266.7431
20082863000   406569.0694
20089692000   405948.7372
20096504000   408190.7476
20103315000   407422.5133
20110125000   403644.0351
20116940000   402903.0834
20123752000   399135.9634
20130564000   399366.5608
20137375000   398586.9151
20144185000   396797.0272
20151008000   394108.3363
20157806000   396218.3672
20164595000   395254.4920
20171413000   393519.1567
20178227000   393749.7005
20185047000   390025.7096
20191853000   386188.0208
20198670000   385435.5860
20205481000   384633.1222
20212290000   383812.4627
20219111000   379085.0009
20225923000   379283.6447
20232738000   378503.8735
20239553000   375721.8177
20246362000   376889.7462
20253176000   375095.1682
20259986000   377266.4883
20266839000   376777.5564
20273629000   374785.2229
20280439000   372949.6915
20287251000   375127.7852
20294063000   373303.5962
20300876000   372485.0771
20307692000   370688.1312
20314507000   369880.9482
20321318000   369039.6746
20328129000   370196.1191
20334939000   370342.3308
20341754000   369526.0136
20348568000   367699.4617
20355380000   365854.7262
20362192000   362007.7081
20369003000   365150.4583
20375808000   364243.2336
20382616000   362357.5765
20389420000   362437.8468
20396231000   361571.4745
20403042000   360702.8203
20409854000   360839.8313
20416668000   358990.4533
20423477000   360099.0589
20430292000   355253.0608
20437105000   358388.8864
20443912000   355474.7561
20450730000   351645.7428
20457540000   351750.8845
20464348000   349837.8561
20471161000   348962.2684
20477976000   346100.2849
20484793000   345251.9037
20491606000   346369.4641
20498419000   345484.7412
20505229000   345573.9077
20512050000   344748.1561
20518862000   340848.6399
20525667000   341891.2511
20532852000   339949.1992
20539661000   339018.8903
20546475000   337126.0029
20553292000   336254.6517
20560109000   335381.0146
20566917000   335433.6368
20573734000   328555.4308
20580541000   331595.5514
20587355000   329688.9616
20594167000   329764.2117
20600981000   329853.0546
20607796000   326947.5510
20614612000   325047.6998
20621429000   322153.5001
20628248000   323272.8871
20635061000   320342.3706
20641868000   319361.9564
20648675000   318379.2630
20655490000   319457.7707
20662305000   318533.9937
20669117000   318584.1291
20675932000   317655.7839
20689580000   315935.0404
20696394000   313991.9023
20703202000   313998.8841
20710016000   308051.1801
20716825000   309061.5320
20723637000   307093.3983
20730448000   300115.0507
20737255000   299102.6971
20744063000   299095.9949
20750882000   294174.2466
20757688000   294147.1208
20764500000   292165.2946
20771321000   287252.5498
20778147000   283377.1615
20784928000   284142.6906
20791691000   280763.2474
20798476000   279555.9708
20805269000   276409.8510
20812075000   278364.5169
20818905000   274507.1524
20825715000   272488.9598
20832541000   270595.3073
20839327000   268382.3226
20846146000   265428.6198
20852963000   264456.7791
20859784000   263514.3524
20866597000   262506.2398
20873416000   261543.3898
20880243000   258641.6445
20887054000   255610.8280
20893867000   254593.5762
20900678000   251558.1951
20907494000   251560.1453
20914306000   249528.1210
20927924000   245409.6946
20934739000   246394.5884
20941561000   240432.6445
20948374000   241397.1254
20955185000   238343.4824
20962002000   235335.0773
20968820000   235332.3059
20975630000   235263.8934
20982444000   233224.8755
20989263000   232223.1669
20996085000   234242.9258
21002901000   230212.8876
21009719000   226196.3994
21016534000   227153.8727
21023352000   227132.8122
21030128000   224776.9670
21036945000   223743.4311
21043734000   222485.9625
21050544000   220392.4547
21057295000   218829.6639
21064082000   219549.5695
21070912000   215607.5377
21077742000   215663.2111
21084568000   211684.9341
21091389000   210664.7971
21098178000   207389.1467
21104989000   210285.3137
21111806000   205226.6744
21118623000   204165.7491
21125434000   203055.0663
21132254000   199013.3059
21139071000   199945.5237
21145898000   196954.5649
21153109000   194998.9765
21159932000   193971.6624
21166753000   192926.2385
21173577000   190902.2546
21180384000   191741.5232
21187190000   191570.6036
21193993000   188373.6798
21200782000   187063.7642
21207584000   186854.3840
21214395000   183713.8958
21221219000   181673.9196
21228037000   181584.2115
21234847000   181428.9643
21241661000   179303.0606
21248480000   178214.4025
21262138000   176188.3284
21268901000   174650.1286
21275717000   172528.6197
21282538000   171444.3465
21289363000   170389.4001
21296142000   168968.5998
21302937000   163671.9902
21309712000   166215.0520
21316518000   166000.8344
21323344000   159942.3823
21330155000   160763.1102
21336956000   159502.5409
21343760000   155263.3999
21350562000   157006.1799
21357377000   153849.3908
21364192000   154690.3172
21371025000   153671.1562
21377845000   149547.0048
21384663000   147404.7671
21391484000   148283.9393
21398291000   147050.2436
21405114000   145940.6396
21411928000   145757.6649
21418748000   143619.7914
21425566000   141463.8355
21432374000   141226.6247
21439195000   136089.7884
21446011000   137911.1827
21452827000   135730.2916
21459640000   134523.4288
21466461000   131377.4440
21473267000   133110.7482
21480085000   130936.5076
21486902000   125752.0863
21493712000   125510.1222
21500538000   123392.1726
21507362000   123256.1447
21514173000   124015.2197
21520993000   119843.0449
21527811000   119652.7979
21534627000   117444.4807
21541435000   115170.7464
21548249000   110942.0789
21555070000   109766.3631
21561888000   109564.6873
21568695000   110273.9335
21582342000   106945.9400
21589162000   104750.8959
21595975000   103498.3423
21602796000   102306.6131
21609603000   103002.1615
21616408000   101679.6551
21623226000   101457.4076
21630049000    98272.3091
21636863000    98013.9395
21643730000    97171.2673
21650518000    96703.2734
21657325000    93382.8426
21664138000    92107.4451
21670950000    93821.8792
21677770000    91597.1088
21684572000    89228.1308
21691389000    85975.1382
21698197000    83648.9058
21704999000    85273.0930
21711813000    80989.6013
21718623000    78672.2947
21725440000    81407.8837
21732259000    78156.9509
21739068000    76824.9133
21745883000    75537.8836
21752700000    76264.3315
21759511000    74941.2089
21766324000    73631.5652
21773143000    70366.9186
21779972000    69178.7821
21786781000    65830.7635
21793591000    65488.3435
21800413000    63238.1869
21807225000    62906.9570
21814040000    61597.0788
21820849000    60237.6495
21827664000    54923.2040
21834484000    54645.8591
21841301000    53342.5961
21848117000    51029.1708
21854927000    52666.2038
21861741000    50332.4585
21868548000    46941.3015
21875360000    44587.2405
21882173000    41238.7716
21888991000    36927.3913
21895799000    36534.9840
21902650000    33478.8659
21909438000    32924.4170
21916252000    32572.4003
21923065000    29210.2270
21929877000    28837.8981
21936687000    26447.5425
21943499000    26070.6490
21950303000    25628.5020
21957112000    28223.4329
21963924000    25839.6953
21970739000    24477.2861
21977554000    19112.5923
21984363000    19698.3957
21991176000    20313.3960
21997991000    16941.8510
22004798000    17505.0719
22011611000    14113.2237
22018422000    16703.3561
22025235000    11306.9420
22032049000    12916.1119
22038860000     9499.3968
22045670000    11072.5331
22052492000     6737.7842
22066108000     1841.1798
22072924000     3452.3803
22079736000     1029.8356
22086549000     1612.8729
22093362000      193.6269
22100171000    -3259.3583
22106979000    -3722.4877
22113793000    -2140.7172
22120608000    -5553.3677
22127470000    -7598.7585
22134268000    -8149.6532
22141095000    -7474.8240
22147913000   -11873.0421
22154719000   -12367.8825
22161527000   -12849.2795
22168331000   -13364.3990
22175142000   -18826.7737
22181947000   -18338.5901
22188763000   -18766.2285
22195572000   -20251.1673
22202385000   -19706.9508
22209195000   -22188.5935
22216010000   -23633.2260
22222815000   -23158.7226
22229626000   -26639.3515
22236443000   -28075.1186
22243249000   -26599.5981
22250063000   -29063.5033
22256891000   -29419.7046
22263695000   -31966.7418
22270504000   -37476.7783
22277318000   -35949.8189
22284131000   -39432.9985
22290927000   -42051.9896
22297739000   -42547.5843
22304546000   -46084.7313
22311355000   -47608.4503
22318175000   -52048.0641
22324982000   -51592.0539
22331792000   -54114.7651
22338606000   -56608.3486
22345421000   -56096.3642
22352234000   -57602.3675
22359050000   -62087.1004
22365866000   -60574.1186
22372679000   -62086.9738
22379488000   -63633.5133
22393149000   -65395.9023
22399968000   -70870.8056
22406786000   -69355.8451
22413610000   -69796.0798
22420421000   -71340.6323
22427237000   -73848.2271
22434056000   -73334.5646
22440880000   -79783.9533
22447693000   -81321.9484
22454508000   -84846.5337
22461319000   -82404.7884
22468138000   -83902.5581
22474953000   -85433.9972
22481771000   -87944.1854
22488589000   -90456.6601
22495399000   -93034.1779
22502208000   -90621.8211
22509022000   -93172.5256
22515831000   -94764.7317
22522642000   -98343.5320
22529456000  -100901.0856
22536267000  -100484.4508
22543076000  -100085.7824
22549890000  -100650.1852
22556707000  -104193.3474
22563505000  -104887.7782
22570342000  -108278.6888
22577154000  -108867.9118
22583977000  -112373.1754
22590795000  -110919.9283
22597608000  -112508.1653
22604434000  -114996.7763
22618463000  -118025.7601
22625280000  -123591.9171
22632098000  -124152.5222
22638925000  -125644.8766
22645742000  -127217.8951
22652558000  -127801.0365
22659377000  -131362.9537
22666188000  -130989.8473
22673008000  -137548.5006
22679827000  -137117.2774
22686642000  -138719.6820
22693457000  -144324.3713
22700324000  -143523.9530
22707133000  -145180.2337
22713951000  -149768.2908
22720759000  -152436.9692
22727565000  -153123.5937
22741197000  -158347.0295
22748019000  -160915.1827
22754831000  -163563.9430
22761654000  -167128.8399
22768482000  -169656.8714
22775289000  -171351.6424
22782110000  -172939.0665
22788924000  -175583.5900
22795734000  -178261.7166
22802557000  -179840.3418
22809370000  -181499.5479
22816204000  -185996.6333
22823025000  -185597.7857
22829856000  -189122.9457
22837065000  -189691.5131
22843871000  -192417.0760
22850689000  -195050.9926
22857501000  -199734.1563
22864313000  -200419.6026
22871120000  -202146.4617
22877935000  -205812.9944
22884744000  -207528.7640
22891560000  -208192.0388
22898376000  -210857.5989
22905187000  -214564.5663
22911996000  -214289.4637
22918798000  -217071.4076
22925625000  -220660.0430
22932440000  -224344.8476
22939257000  -226016.2914
22946067000  -230744.7778
22952885000  -231412.9692
22959709000  -234036.5169
22966530000  -235685.8195
22973351000  -239337.4106
22980162000  -241069.4974
22986966000  -241858.6087
22993775000  -243610.8971
23000597000  -248263.8101
23007418000  -249926.8317
23014236000  -252615.5991
23021055000  -254298.8344
23027879000  -252945.2653
23034696000  -254648.7130
23041509000  -258385.7173
23048323000  -261117.1875
23055138000  -262843.1248
23061948000  -265610.4300
23068770000  -266286.2204
23075592000  -268964.3001
23082411000  -272668.1161
23089220000  -272452.3728
23096035000  -276192.0201
23102854000  -277902.6934
23109673000  -279615.6540
23116492000  -283330.9018
23123309000  -283064.0643
23130130000  -284768.2595
23136956000  -287435.6784
23143775000  -289160.0779
23150593000  -293894.5770
23157394000  -295764.1663
23164213000  -295495.4213
23171031000  -298236.7749
23177899000  -300589.8666
23184709000  -303398.2953
23191523000  -304177.7641
23198341000  -304928.2770
23205155000  -307712.3151
23211973000  -312467.3999
23218799000  -311162.2997
23225629000  -313828.2570
23232446000  -315598.0167
23239266000  -318346.6386
23246085000  -322105.3560
23252899000  -324905.3971
23266538000  -327426.4586
23273363000  -329147.4862
23280182000  -330917.6409
23287006000  -335651.0548
23300664000  -337046.7053
23307481000  -338841.6267
23314290000  -342701.2682
23321112000  -341461.7393
23327911000  -345403.9822
23334736000  -347145.6144
23341560000  -347897.3409
23348406000  -350479.7011
23355213000  -352368.6545
23362030000  -356181.8680
23368848000  -356989.5659
23375674000  -363737.1405
23382496000  -362518.2108
23389318000  -365301.5703
23396144000  -368056.0182
23402969000  -371820.5581
23409795000  -370579.5897
23416621000  -375340.9133
23423434000  -375205.9145
23430265000  -378932.8249
23437087000  -379732.2147
23443909000  -384533.8939
23450735000  -387306.6721
23457556000  -391120.7284
23464396000  -389788.9327
23471216000  -392615.3693
23478031000  -398483.0748
23484858000  -402259.5145
23491702000  -400905.7228
23498526000  -401710.1392
23505374000  -408329.7695
23512205000  -412084.2136
23519036000  -413840.9530
23525855000  -415693.5141
23532675000  -418540.5689
23539498000  -422366.5322
23546367000  -425836.3145
23553187000  -428690.2507
23560003000  -431577.6436
23566821000  -430451.7381
23573642000  -434304.7447
23580458000  -437198.9958
23587286000  -440002.0422
23594111000  -441830.7535
23600933000  -442685.1266
23607759000  -447510.6297
23614566000  -447486.4251
23621391000  -451324.2949
23628207000  -456234.5555
23635039000  -457022.4856
23641864000  -454867.2288
23648691000  -460698.6877
23655517000  -463540.2268
23662340000  -461407.4193
23669162000  -462284.6886
23675979000  -464203.1795
23682807000  -467038.3090
23689628000  -468930.2323
23696460000  -469738.8043
23703281000  -471635.3086
23710100000  -475549.6712
23716926000  -476411.8299
23723747000  -478315.2012
23730575000  -479166.3747
23737393000  -480097.6760
23751415000  -484962.9898
23758216000  -487033.5817
23765022000  -486067.5383
23771843000  -489987.0473
23778656000  -493971.0962
23785476000  -496902.9609
23792282000  -495946.0440
23799095000  -501936.9428
23805908000  -499930.1248
23812730000  -502855.5725
23819547000  -502822.2065
23826385000  -505627.7660
23833221000  -508451.1830
23840043000  -509385.7964
23846871000  -512276.0307
23853684000  -514285.2242
23860507000  -514218.9271
23867329000  -517162.6970
23874159000  -518046.5425
23880986000  -521956.0119
23887809000  -523898.8781
23894626000  -523890.6886
23901445000  -523869.2343
23908276000  -527756.7667
23915097000  -531724.3417
23921923000  -530655.3334
23928750000  -530580.8430
23935576000  -533516.4191
23942398000  -538485.3806
23949221000  -540448.8584
23956035000  -537484.5804
23962861000  -540429.3181
23969674000  -544477.3841
23976486000  -543535.5051
23983299000  -547588.1373
23990126000  -549534.2586
23996950000  -552505.9845
24003772000  -551495.5419
24010599000  -555448.5385
24017417000  -556473.7548
24024261000  -557299.2550
24031088000  -557259.1323
24037922000  -564166.9216
24044739000  -566209.0700
24051571000  -567136.9843
24058390000  -565168.1743
24065220000  -570116.2110
24072040000  -571144.2123
24078858000  -574190.0348
24085679000  -576214.8451
24092512000  -580148.7522
24099342000  -581108.2530
24106163000  -585139.9362
24112985000  -588166.1431
24119809000  -589179.1101
24126627000  -592240.9535
24133450000  -594266.2637
24140259000  -598402.5548
24147076000  -602479.0201
24153896000  -603534.4824
24160718000  -604576.7075
24167533000  -606675.5580
24174366000  -610636.9779
24181185000  -614709.3571
24187994000  -614861.6365
24194807000  -618985.1527
24201626000  -619064.3885
24208449000  -619114.8705
24215277000  -622128.8428
24228892000  -627481.7975
24235714000  -632549.1897
24242528000  -633680.9400
24249346000  -634783.9411
24256175000  -640803.8917
24263000000  -642857.1667
24269830000  -647873.9468
24276646000  -647001.6184
24283461000  -651139.3319
24290276000  -655279.3300
24297074000  -658553.4634
24303886000  -659721.2918
24310709000  -663806.0952
24317548000  -665769.1099
24324370000  -666866.2531
24331189000  -668988.9484
24338005000  -670137.1927
24344824000  -676264.4616
24351640000  -677417.2775
24358458000  -680556.8729
24365272000  -681729.7652
24372084000  -684920.4459
24378907000  -689028.1384
24385732000  -693122.6178
24392550000  -692273.6470
24399367000  -692434.7138
24406181000  -697621.3182
24420198000  -699986.6790
24427020000  -703118.2694
24433837000  -705290.8951
24440657000  -706442.5602
24447483000  -711550.0222
24454297000  -710752.7543
24461118000  -714903.5355
24467926000  -714157.3230
24474756000  -717242.9525
24481566000  -720485.8136
24488388000  -723637.9978
24495200000  -726869.9331
24502015000  -727080.9134
24508847000  -732162.5049
24515673000  -731292.8634
24522501000  -736410.0242
24529343000  -741421.0555
24536157000  -740651.2260
24542974000  -746860.4489
24549791000  -747071.9578
24556614000  -751239.2937
24563431000  -753455.3766
24570298000  -753286.6214
24577091000  -755693.1044
24583910000  -759900.5702
24590737000  -762048.3915
24597559000  -763237.2112
24604382000  -765420.5795
24611202000  -768629.4591
24618019000  -768863.8471
24624835000  -774108.2608
24631650000  -772362.6993
24638467000  -774603.9442
24645284000  -776847.4750
24652114000  -777992.6919
24658929000  -780256.2753
24665742000  -784537.6188
24672555000  -786821.2457
24679370000  -787091.6815
24686193000  -791302.5079
24693003000  -790616.1979
24699813000  -793932.1692
24706627000  -797219.4787
24720255000  -803800.9495
24727078000  -806025.4979
24733904000  -811229.1331
24740728000  -810450.5284
24747555000  -814651.0132
24754371000  -815938.8582
24761191000  -819198.0562
24768013000  -824444.0767
24774815000  -825847.0348
24781640000  -828074.4310
24788464000  -831311.8502
24795288000  -834551.5601
24802106000  -837839.9471
24808931000  -842076.5056
24815746000  -844392.6594
24822561000  -850711.0979
24829383000  -849977.7128
24836195000  -851323.9111
24843018000  -855587.3722
24849838000  -858876.3096
24856650000  -860229.3620
24863467000  -862546.0568
24870290000  -862818.6712
24877103000  -865170.8495
24883923000  -870471.2217
24890747000  -873742.9750
24897573000  -877001.5662
24904398000  -877270.1755
24911222000  -880548.8018
24918044000  -881845.1695
24924870000  -889112.9264
24931687000  -891452.4976
24938505000  -892786.6304
24945330000  -893068.9816
24952151000  -897384.5189
24958969000  -900725.5150
24965791000  -904037.9056
24972596000  -904483.8712
24979415000  -910824.0018
24986238000  -911135.5316
24993068000  -914395.2996
24999884000  -917765.4612
25006701000  -920130.1871
25013528000  -924419.9921
25020334000  -923874.2170
25027166000  -927130.0004
25033995000  -931411.2387
25040832000  -933633.0165
25047651000  -935996.0356
25054462000  -938423.0912
25061279000  -940806.1189
25068091000  -946230.0225
25074898000  -946694.7969
25081708000  -954138.6987
25088519000  -954577.1648
25095331000  -960010.1961
25102149000  -959399.2122
25108971000  -962759.6510
25115792000  -963130.0947
25122616000  -966479.6812
25129428000  -969924.1380
25136253000  -976270.5871
25143073000  -977657.8991
25149886000  -980101.4968
25156712000  -983447.1006
25163527000  -983879.8426
25170341000  -987322.5822
25177160000  -993729.0427
25183975000  -994168.6396
25197612000 -1000000.7060
