38000 222924.315325603
6893000 221843.272664886
13713000 219344.179403486
20535000 218863.806186505
27357000 216378.544993412
34126000 216262.935025476
40963000 215944.94234436
47797000 214586.641026638
54626000 216164.439538687
61459000 215784.533156082
68290000 214376.127898321
75129000 214057.196509942
81972000 212780.537253901
88781000 213097.916016087
95585000 212351.451939732
102328000 210880.692647904
109083000 211546.677267373
115836000 210184.284314558
122587000 209793.518044993
129718000 209878.594426572
136469000 210477.985195339
143225000 209131.537660509
149978000 208744.92932412
156729000 209329.954842746
163476000 208863.043341786
170225000 208414.924460799
176975000 208973.807800144
183728000 209563.262108147
190476000 210089.003174692
197225000 209621.745752275
203977000 209185.05433622
210727000 210720.009536147
217479000 210273.743177384
224230000 209810.90745458
230984000 210378.626392841
237735000 210906.215018272
244488000 211452.57499367
251241000 209994.145370185
257991000 211495.593234867
264741000 210992.255755246
271500000 211590.118906379
278255000 212136.081906617
285009000 214665.477670431
291763000 214190.082416713
298512000 216651.029236972
305266000 215166.055495024
312018000 216652.746808946
318770000 217134.649942338
325521000 218599.994350016
332274000 218084.091667712
339028000 217575.168513119
345774000 216967.306999505
352529000 217460.575193524
359287000 217984.35194838
366041000 218456.266851842
372801000 218993.984216988
379633000 218373.972382784
386497000 218125.510799766
393327000 218472.144523382
400188000 219178.522647381
406950000 220715.51996392
413746000 219647.59845823
420565000 219845.319139481
427378000 221967.597060144
434205000 221249.62772882
447845000 221634.39587605
454657000 221725.396428466
461478000 221917.329722106
468305000 223174.909767926
475133000 221439.349501848
481954000 222616.613852739
488781000 222859.512052417
495606000 223074.009745479
502439000 222377.630876899
509271000 222664.597010255
516101000 222923.159769118
522941000 223294.321192443
529773000 224566.576070487
536607000 224857.425382674
543443000 226166.864822268
550281000 226494.890081763
557110000 225712.288417339
563938000 226913.043236017
570774000 228202.859774351
577601000 229382.071630359
584426000 229532.901636958
591249000 231655.354094982
598070000 231749.433304071
604891000 232838.625969887
611719000 233005.115500093
618541000 234096.269834757
625365000 235206.01429987
632189000 235310.867922544
639043000 235762.959248662
645862000 237799.325183988
652694000 237983.377827644
659519000 238080.379894733
666341000 238137.285437465
673152000 239060.228634119
679970000 239060.432834506
686788000 240055.754789114
693608000 240069.658269644
700426000 240055.214300513
707247000 241071.079445958
714083000 239258.004089713
720916000 240404.833622217
727753000 239593.672601938
734620000 241129.429484963
741444000 241155.978740335
748273000 239236.267876625
755486000 240814.215288877
762317000 239907.882320285
769139000 239891.132898688
775947000 240705.370181084
782767000 241655.409795165
789585000 241577.120687962
796417000 240658.044576287
803253000 240780.947628736
810083000 240828.624708414
816907000 239801.088727951
823739000 240862.407654881
830559000 242778.21424818
837394000 241864.887505651
844224000 240888.07380712
851059000 241964.93740809
857882000 241896.318805218
864710000 241881.380370498
871534000 241814.692564726
878368000 241860.238729239
885207000 240959.438520432
892036000 240936.615496635
898864000 240897.184132576
905688000 240806.017745852
912511000 241698.251621962
919339000 241644.136978269
926163000 240538.295913815
932980000 241345.616794586
939804000 241229.999061942
946636000 241203.132975936
953466000 241147.955386639
960289000 241005.951215744
967120000 241952.682913542
973950000 240882.81128788
980769000 240679.321237922
987591000 240506.050538301
994469000 240983.108093381
1001262000 239460.733731747
1008089000 240331.274041653
1014914000 239173.522928715
1021744000 239069.366652369
1028565000 238855.04058075
1035386000 237635.827965736
1042205000 238388.338261366
1049022000 237112.575764418
1055846000 236913.789340496
1062658000 238569.794579864
1069476000 237291.080618978
1076295000 238019.176105261
1083115000 237754.078890085
1089944000 239589.30890274
1096767000 239349.50364852
1110401000 238714.96759057
1117217000 238378.690946341
1124032000 239025.848241091
1130852000 238726.557400942
1137672000 238422.381450653
1144492000 240113.320389509
1151311000 240787.690403938
1158147000 240655.789389372
1164970000 242367.109391212
1171791000 242050.176658154
1178600000 242588.18601346
1192217000 245637.917112589
1199050000 246441.610322237
1205875000 245146.975117207
1212700000 245847.447635889
1219545000 244776.560851097
1226364000 246397.178894997
1233185000 246036.26369071
1240008000 245693.810940504
1246829000 246323.121217012
1253660000 245064.275601149
1260470000 245555.40979147
1267676000 244663.63204217
1274505000 245366.488054752
1281337000 245099.456528664
1288540000 246156.877747536
1295363000 245774.757219791
1302175000 245259.399628639
1308989000 243762.502887964
1315805000 244284.062703609
1322622000 242812.408959389
1329436000 243300.879084349
1336255000 244842.794640303
1343458000 242858.669423342
1350262000 242215.598839998
1357079000 243719.274683714
1363895000 243206.408226967
1370704000 243607.036989689
1377520000 244084.416780233
1384331000 241498.620488405
1391143000 243919.610595703
1397948000 242254.121677399
1404762000 242688.683868885
1411580000 243164.995456696
1418393000 241578.145985126
1425197000 242881.525995255
1432009000 242273.278455973
1438822000 242671.810877323
1445634000 242053.815309048
1452446000 242430.946084738
1459257000 242791.551732302
1466121000 242764.775060654
1472924000 242022.398061752
1479739000 241414.952121973
1486553000 242790.979627848
1493370000 241197.074280024
1500180000 240516.757910013
1506994000 241878.156574965
1513801000 240153.158527136
1520616000 241516.454190969
1527429000 242851.583282232
1534628000 241676.257343054
1541442000 242013.002893925
1548255000 242333.229802608
1555068000 241648.581623316
1561873000 241865.932811737
1568674000 244031.860438824
1575486000 242320.962044477
1582301000 242640.10563755
1589109000 243872.906452894
1595935000 244310.30743885
1602752000 242638.087118864
1609555000 242798.086397648
1616370000 243092.844534159
1623184000 243371.090466976
1629995000 242609.55926466
1636805000 242831.523013115
1643619000 243095.144399166
1650438000 242412.046225786
1657256000 240712.433698893
1664076000 242031.198845148
1677702000 241491.274421215
1684516000 240725.627390623
1691385000 240594.594011068
1698191000 239726.143574476
1705003000 240922.582029819
1711817000 242137.396719217
1718649000 241556.571004152
1725466000 239796.490309238
1732281000 240008.283209085
1739091000 240157.087757111
1745892000 240196.429216862
1752706000 238381.981215
1759516000 238516.176953554
1766326000 237645.501896858
1773139000 237804.811559439
1779953000 236970.863923311
1786768000 237143.656841755
1793580000 236276.722737312
1800393000 236416.530618191
1807207000 236563.078338385
1814013000 235611.835849285
1820825000 235725.409264565
1827638000 234845.72180438
1834450000 233949.547191143
1841261000 235036.887571335
1848093000 235363.179028749
1854910000 235510.419435501
1861733000 234722.434228897
1868551000 233871.517196417
1875360000 233911.248004913
1882177000 234038.965872765
1888990000 233115.377579689
1895803000 233186.914199114
1902615000 232241.970824718
1909438000 232419.799883842
1916259000 231569.532587767
1923078000 230691.173235178
1929891000 231738.317958593
1936714000 231896.600846529
1943527000 230933.988239527
1950347000 230047.699796915
1957168000 230168.125420332
1963982000 231202.475277901
1970796000 231231.948616743
1977628000 229465.291949511
1984448000 228554.577237844
1991264000 228592.595035553
1998074000 228556.164171934
2004884000 229514.862513304
2012078000 227920.566983461
2018895000 227950.397937775
2025713000 227986.940055609
2032534000 227053.373710871
2039350000 227056.968099356
2046161000 225997.733958483
2052975000 225968.394934893
2059792000 225968.944586515
2066611000 223987.788788557
2073809000 224393.201745987
2080622000 223332.48989749
2087814000 221657.797916412
2094625000 221563.895217657
2101461000 221754.720865965
2108278000 221720.5556674
2115095000 220681.509655237
2121909000 220602.837208271
2128723000 218519.288242102
2135530000 219349.799655914
2142344000 218256.502661943
2149173000 217332.014318228
2155984000 218194.218666792
2162810000 217225.21447444
2170014000 215627.362641335
2183650000 215479.137497425
2190471000 214432.42557621
2204474000 214502.274989605
2211291000 213394.354875088
2218110000 214304.697487831
2224925000 213163.872204781
2231742000 213041.309649467
2238549000 211798.170050621
2245365000 211654.284119606
2252183000 211528.655189514
2258991000 210282.469254494
2265796000 209996.715099812
2272604000 209740.795440197
2279423000 210607.226489544
2286242000 209468.773859978
2293067000 209394.820939541
2299876000 209130.964838028
2306688000 207896.926773071
2313501000 208669.576802731
2320319000 206495.156923294
2327125000 208177.130959034
2333932000 205865.799525738
2340744000 206607.396039486
2347563000 206425.026116848
2354381000 205226.215058804
2361194000 205964.738044739
2368013000 205767.722101212
2374838000 206635.154337406
2381652000 205370.593774319
2388465000 207089.602814198
2395273000 207745.970952034
2402090000 207501.443183899
2408901000 206182.724212646
2416107000 206421.77630043
2422927000 206196.982647896
2429737000 206851.808456898
2436555000 204594.154091358
2443377000 203377.809925079
2450192000 203075.74601984
2457007000 201768.804163933
2463823000 200468.530321598
2470637000 201140.28660202
2477831000 201194.080965996
2484650000 198913.531138897
2491463000 199558.839272976
2498277000 199210.814663887
2505097000 198927.16330862
2511917000 197638.626843452
2518721000 198160.562119961
2525536000 196804.569486141
2532356000 195501.39273119
2539174000 196170.254767418
2545989000 196799.622556686
2552802000 193401.039160252
2559626000 195124.475597858
2566441000 193739.204526424
2573265000 194452.865728855
2580096000 194242.372352123
2586912000 193853.982571125
2593731000 194495.310367584
2600567000 193327.791724682
2607336000 192382.7955966
2614150000 190951.845119953
2620965000 190527.54758358
2627781000 189109.900840759
2634598000 187698.902742863
2641416000 186294.551142216
2648236000 185908.370486259
2655073000 184713.24463892
2661879000 184155.929327488
2668695000 184708.993407726
2675517000 184326.320484638
2682325000 182777.437392712
2689133000 182223.686365604
2695947000 180734.196909428
2702756000 180182.226592064
2709573000 179717.548135281
2716390000 179247.988864422
2723211000 178819.623661995
2730027000 177328.781895161
2736839000 178786.991591454
2743650000 177228.811057568
2750463000 175688.790014267
2757288000 175282.075586796
2764098000 175697.752503872
2770912000 175154.613468647
2777735000 174710.214862347
2784543000 174088.242677689
2791358000 173541.983501911
2798175000 173013.868070126
2804987000 172423.321167946
2818608000 172193.080291271
2825421000 171599.422551155
2832237000 171035.411532879
2839049000 170420.494916916
2845869000 168892.751349926
2852681000 168268.081697464
2859496000 167673.051608562
2866314000 168107.654641151
2873125000 168456.854604721
2879940000 166847.191380501
2886756000 166244.151750088
2893570000 164613.231081963
2900385000 163988.934007168
2907198000 162336.760189533
2914013000 162702.708646297
2920835000 161144.264904499
2927647000 162465.960704327
2934467000 159874.755111217
2941287000 160278.664407253
2948093000 161516.757183075
2954917000 160956.883826256
2961728000 158242.701933384
2968540000 158535.140769005
2975353000 158834.198186874
2982174000 157220.312695503
2988987000 157509.614213467
2995799000 156782.550552845
3002612000 155062.102611065
3009472000 154876.746478081
3016260000 156859.316213608
3023072000 156112.740040302
3029888000 155407.236254215
3036704000 153696.853085518
3043518000 153958.620377541
3050336000 152261.44860363
3057150000 151513.45999527
3063958000 151691.697276115
3070770000 149910.995490551
3077583000 149136.901549816
3084391000 148300.528591156
3091204000 147516.688053131
3098021000 146773.889847279
3104842000 146072.125381947
3112035000 144635.254077435
3132459000 143037.628599167
3139272000 142219.392683029
3146082000 144361.858758926
3152901000 141602.716361046
3159716000 141792.798785686
3166536000 144035.364055157
3173358000 142295.987099171
3180167000 141402.602723598
3186981000 140561.699041367
3193796000 139727.38813591
3200613000 138911.136440277
3207430000 138090.003931046
3214240000 139183.720570564
3221058000 136364.297877789
3227864000 136402.404335976
3234695000 134722.270755291
3241508000 133830.879187584
3248318000 132900.221825123
3255121000 131884.45368576
3268737000 128952.949299335
3275548000 129014.277332783
3282742000 126459.903171062
3289553000 126511.21277523
3296365000 125569.108676434
3303178000 123633.588729382
3310003000 123830.678790092
3316827000 122011.420200825
3323635000 124003.980239391
3330452000 121094.766834259
3337266000 120146.309933662
3344081000 121204.430026531
3350891000 119200.408188343
3357707000 119260.228039742
3364530000 117395.32805872
3371340000 116376.680245399
3378153000 116387.511436939
3384972000 116462.162843704
3391791000 114531.930572033
3398604000 113528.127913952
3405422000 113576.685514927
3412232000 111528.790042877
3419059000 110670.599615574
3425886000 108807.514044285
3432701000 108802.202889442
3453169000 105020.168999195
3459985000 104006.770919323
3466792000 102885.527851582
3473594000 102702.218734264
3480411000 101685.638167381
3487263000 101064.523419857
3494460000 102384.496402264
3501276000 100341.539262295
3508085000 100213.648736954
3528518000 99869.36581707
3542164000 99889.8677463531
3548981000 98824.192650795
3555800000 96776.4992923737
3562618000 96712.4916973114
3569437000 95655.0316987038
3576258000 93615.5462751389
3583073000 92502.6038470268
3589886000 91361.9280776978
3596698000 91204.9502420425
3603524000 89203.0664372444
3610349000 89184.8633780479
3617164000 89047.5197458267
3623967000 86768.2087831497
3630784000 85643.9646396637
3637602000 85526.262365818
3644418000 84380.8339109421
3651613000 84559.1729741096
3658431000 83426.5554327965
3665240000 83186.2776222229
3672053000 81986.8067083359
3678866000 80782.4607067108
3685682000 78607.4925203323
3692498000 78427.6449513435
3699309000 79185.8369889259
3706117000 76904.9103384018
3712944000 76835.9964132309
3719759000 76625.2186937332
3726572000 75386.7363462448
3733378000 75063.4905428886
3740216000 74100.5607171059
3747038000 73950.1409378052
3753850000 72680.7284460068
3760658000 71360.8032612801
3767478000 71172.9186644554
3774284000 69820.4323735237
3781100000 69577.1571359634
3787919000 68363.2232046127
3794727000 67018.9376106262
3801549000 66829.4605956078
3808369000 65612.2861084938
3815184000 65333.2063498497
3821999000 64049.2486400604
3828866000 62353.3480873108
3835669000 61922.7746934891
3842487000 60658.3579983711
3849297000 60297.8554635048
3856107000 60932.4821329117
3862928000 60687.6272120476
3869746000 59403.6908426285
3876945000 59457.344810009
3883758000 57106.3869714737
3890568000 56716.3657016754
3897378000 55321.4736356735
3904191000 54955.8948278427
3.911e+09 54539.8650574684
3917815000 53187.3254432678
3924640000 51943.8332500458
3931467000 51718.2324194908
3938283000 51362.4343118668
3945098000 50990.3664345741
3951911000 49590.6412630081
3958716000 49094.9293460846
3965529000 47685.4597234726
3972337000 47214.1773796082
3979157000 45874.6688375473
3985975000 43507.5029950142
3992790000 43101.2987713814
3999607000 42712.9859232903
4006422000 40297.0243673325
4013243000 38944.4842472076
4020059000 39530.1450109482
4026872000 38076.7809958458
4040491000 36075.7651224136
4047302000 34585.0215468407
4054506000 33561.3203468323
4061323000 32128.8202757835
4068140000 31691.4393906593
4074959000 29271.931189537
4081774000 26802.035179615
4088585000 26281.7599492073
4095398000 25779.3616976738
4102213000 24294.8361310959
4109029000 23816.8057851791
4115837000 22242.9164175987
4122656000 22789.2482528687
4129475000 22330.696410656
4136291000 19833.149969101
4143108000 19342.0937366486
4149919000 18777.9434370995
4156739000 17311.2343521118
4163536000 15578.1889338493
4170357000 15113.0928320885
4177209000 13995.4565372467
4184025000 13463.7386732101
4190838000 11893.0476932526
4197654000 10351.5732131004
4204466000 9759.76676416397
4211279000 8174.4490904808
4218085000 8504.72431564331
4224894000 5864.2174706459
4231707000 5264.2824048996
4238520000 3659.47225189209
4245359000 3345.11719846725
4252174000 1753.25453805923
4258990000 167.871348381042
4265804000 554.895367145538
4272621000 -1028.8891658783
4279434000 -3662.97560453415
4286248000 -2290.58257341385
4293067000 -2866.29685306549
4299882000 -3492.30731201172
4306712000 -2952.9095864296
4313532000 -4531.92822122574
4320363000 -3990.97124195099
4327175000 -4670.57004594803
4333995000 -6264.24616146088
4340811000 -8908.20269393921
4347637000 -9443.55750465393
4354460000 -10017.8482036591
4361286000 -10562.9882822037
4368109000 -10147.0599508286
4374913000 -11951.5806665421
4381725000 -11670.2073574066
4388543000 -13325.644821167
4395359000 -14008.650727272
4402172000 -15730.5631599426
4408994000 -16355.2756843567
4415815000 -17996.2171354294
4422634000 -19664.7255954742
4429460000 -21258.7411165237
4436280000 -21925.6831455231
4443091000 -21699.5530424118
4449905000 -22444.2830572128
4456720000 -25182.5529375076
4463538000 -24891.6929569244
4470349000 -26685.0617713928
4477169000 -29381.2922592163
4483983000 -30150.4105930328
4490826000 -31595.7463407516
4497640000 -32374.6384677887
4504452000 -34181.0703926086
4511262000 -36015.0378227234
4518084000 -35717.9135417938
4524899000 -38504.9836826324
4531720000 -40228.9591150284
4538535000 -41025.7894506454
4545350000 -42827.4977359772
4552162000 -45668.0638580322
4558983000 -47411.5704193115
4565792000 -48295.8658857346
4572606000 -50128.4083070755
4579416000 -52011.1223125458
4586227000 -53887.3840608597
4593040000 -53745.8733654022
4599862000 -55507.3431787491
4606675000 -57375.589097023
4613492000 -58203.4293518066
4620310000 -60024.8309488297
4627120000 -60941.6648387909
4633938000 -63772.8251972198
4640757000 -65597.5504789352
4647571000 -64483.7424793243
4654391000 -67306.915643692
4661205000 -70202.8649749756
4668019000 -71103.6908254623
4674830000 -72043.3344306946
4681645000 -74942.5981426239
4688453000 -75925.9260034561
4695274000 -78767.0710134506
4702090000 -79669.6569766998
4708909000 -80543.1918239594
4715742000 -82263.2780590057
4722550000 -84270.9863500595
4729369000 -85159.1743793488
4736194000 -87984.4022817612
4743009000 -88927.5883026123
4749828000 -90830.4287977219
4756647000 -92738.1529722214
4763455000 -92775.1096286774
4770267000 -94771.719329834
4777079000 -95773.2026891708
4783896000 -98723.0482521057
4790697000 -99858.5998334885
4804369000 -101353.266710281
4811178000 -102413.046676636
4817989000 -104455.098587036
4824809000 -105400.340777397
4831628000 -105361.765357018
4838442000 -105384.556420326
4845262000 -107344.448929787
4852082000 -107309.226549149
4858902000 -110278.889279366
4865717000 -111309.905603409
4872543000 -112221.577091217
4879360000 -114239.772660255
4886224000 -116732.146399498
4893032000 -116861.754696846
4899852000 -117860.749578476
4906663000 -119966.234135628
4913480000 -122008.858832359
4920290000 -122135.380097389
4927489000 -124876.039852142
4934297000 -124035.153923988
4941117000 -128063.706589699
4947927000 -128209.994987488
4954742000 -129304.73244381
4961562000 -131347.929696083
4968379000 -132429.86080265
4975198000 -134494.108325958
4982019000 -135540.676563263
4989212000 -137395.693819046
4996022000 -139576.381760597
5002841000 -142660.426836967
5009648000 -142884.698544502
5016462000 -145034.891703606
5023287000 -147065.912751198
5030105000 -148180.761092186
5036920000 -148334.318827629
5043736000 -151481.479512215
5050547000 -150689.891000748
5057365000 -152824.2597332
5064174000 -154064.966385841
5084623000 -156568.346987724
5091443000 -159704.576943398
5098257000 -159913.30765152
5105069000 -162149.451993942
5111887000 -163322.862937927
5118706000 -164489.889001846
5125525000 -165661.798744202
5132345000 -167827.326471329
5139152000 -169144.184020996
5145963000 -170420.851021767
5159980000 -174539.99104023
5166800000 -174730.198602676
5173624000 -177880.245842934
5180432000 -179215.354201317
5187277000 -181138.713230133
5194094000 -181382.25103569
5200909000 -184653.186639786
5207725000 -185917.742417336
5214537000 -187232.205820084
5221350000 -189540.286534309
5228167000 -190808.219817162
5234978000 -192148.5633955
5241794000 -194437.508209229
5248629000 -195517.516255379
5255440000 -195872.497258186
5262260000 -200131.082042694
5269072000 -200484.562600136
5275886000 -201820.415579796
5282695000 -204217.394589424
5289508000 -206574.246213913
5296319000 -207958.469870567
5303121000 -210448.795562744
5309960000 -210527.840101242
5316784000 -212780.491827965
5323599000 -215139.244851112
5330396000 -216705.283874512
5337214000 -217040.047385216
5344018000 -220537.101596832
5350833000 -221915.347810745
5357646000 -223320.956036568
5364454000 -224787.645926476
5371273000 -227135.557151794
5378098000 -228420.912757874
5384910000 -229857.269803047
5391721000 -231309.738956451
5398534000 -232744.604863167
5405352000 -235128.160756111
5412173000 -236482.889983177
5418986000 -236932.390455246
5425792000 -238465.410124779
5432607000 -240902.187446594
5439426000 -241298.908953667
5446238000 -243779.143217087
5453055000 -246208.091085434
5459868000 -246686.844944954
5466686000 -248114.321000099
5473496000 -250636.518200874
5480310000 -251118.669607162
5487121000 -252639.382827759
5493939000 -255086.374258995
5500754000 -257571.928936958
5507584000 -257893.967309952
5514396000 -260422.965326309
5521214000 -262889.48788929
5528029000 -263394.565105438
5534845000 -265893.296850204
5541663000 -266374.462571144
5548474000 -267939.064452171
5555286000 -269497.317284584
5562106000 -270970.679320335
5568923000 -274482.585987091
5575735000 -276055.469092369
5582557000 -278521.041762352
5589361000 -279193.420883179
5596180000 -281702.407541275
5602994000 -284272.359186172
5609803000 -285903.265084267
5616623000 -288415.677202225
5623434000 -292033.90146637
5630247000 -291634.571154594
5637064000 -294195.265195847
5643870000 -297884.171702385
5650680000 -299533.098269463
5657495000 -301130.842938423
5664304000 -302800.724494934
5671120000 -305397.011662483
5677940000 -307953.344650269
5684762000 -310492.147398949
5691596000 -311901.354640007
5698411000 -313528.385621071
5705225000 -315171.500077248
5712048000 -317718.647772789
5718861000 -321382.725800514
5725672000 -323074.085670471
5732487000 -325725.507118225
5739318000 -329202.575396538
5746121000 -329998.178945541
5752928000 -334753.841223717
5759739000 -336469.570806503
5766560000 -340078.181779861
5773378000 -341725.274395943
5780193000 -343410.842211723
5787006000 -345123.681848526
5793824000 -348785.415472984
5800641000 -351463.226848602
5807454000 -352190.698187828
5814290000 -355665.580975533
5821095000 -357492.365787506
5827915000 -359156.124648094
5834718000 -363015.031320572
5841542000 -366643.783391953
5848358000 -369366.950238228
5855170000 -371139.755571365
5861984000 -373895.056440353
5868800000 -376632.85713768
5875616000 -378375.537216187
5882448000 -381944.106077194
5889268000 -383651.811592102
5896076000 -386498.627973557
5902894000 -389238.464640617
5909707000 -392039.103797913
5916522000 -392822.251374245
5923339000 -391587.911667824
5930159000 -391324.907073021
5936973000 -390133.874696732
5943818000 -389601.124341965
5950639000 -389341.608938217
5957452000 -390176.412347794
5964259000 -391083.160757065
5971067000 -389983.598067284
5977872000 -390922.433979034
5984684000 -389787.900317192
5991555000 -389998.888443947
5998341000 -389164.687499046
6005154000 -388033.624392509
6011970000 -386873.916447639
6018785000 -387730.26047802
6025601000 -386580.310582161
6032416000 -386446.41122818
6046042000 -388237.9252882
6052852000 -388174.501993179
6059662000 -389115.949493408
6066483000 -387939.424371719
6073300000 -388812.453258514
6080114000 -389723.861413956
6086922000 -388707.138701439
6093735000 -389639.460319519
6100551000 -390543.165011406
6107369000 -390429.422507286
6114180000 -391398.700259209
6120994000 -390339.364664078
6134610000 -390369.248151779
6141420000 -391369.172372818
6148233000 -391340.490398407
6155042000 -392361.316637993
6161865000 -391230.806321144
6168682000 -392172.126505852
6175494000 -392174.108171463
6182309000 -392147.497240067
6189120000 -393170.383066177
6195944000 -393053.139296532
6202755000 -391085.778873444
6209573000 -393045.222795486
6216386000 -391065.30815506
6223199000 -393090.268602371
6230014000 -391097.803321838
6236830000 -391099.066300392
6244030000 -391824.009758949
6250851000 -391779.565299988
6257674000 -391717.712378502
6264490000 -391738.776370049
6271302000 -390809.304026604
6278111000 -390918.141405106
6284930000 -389920.401747704
6291722000 -387228.431740761
6298531000 -388351.872208595
6305342000 -385457.897049904
6312157000 -385524.226995468
6318972000 -384595.434891701
6325805000 -383470.994481087
6332614000 -384618.808948517
6339424000 -384760.353863716
6346234000 -384906.769575119
6353049000 -386002.368653297
6359862000 -385125.119221687
6366680000 -386197.06460762
6373490000 -385362.974944115
6380357000 -386899.082727432
6387151000 -386252.917865753
6393971000 -388322.138033867
6400788000 -388429.640725136
6407602000 -388575.41949749
6414410000 -388792.861030579
6421227000 -388914.997570992
6428046000 -389019.755709648
6434868000 -389096.010848999
6441693000 -388143.769439697
6448519000 -389185.29284668
6455327000 -389431.991325378
6462132000 -388716.935822487
6468945000 -387917.741457939
6475759000 -389112.297584534
6482568000 -389367.349639893
6489381000 -389582.778391838
6496187000 -389880.939391136
6503019000 -388894.800340652
6509843000 -391002.531744003
6516663000 -391159.635193825
6523488000 -389266.025830269
6530311000 -388399.546479225
6537127000 -386615.783597946
6543928000 -387003.66164875
6550741000 -386262.996957779
6557556000 -386504.975342751
6564373000 -386729.601096153
6571193000 -385925.763941765
6578010000 -387160.153470993
6584842000 -386232.726695061
6591654000 -385532.450715065
6598476000 -383725.931301117
6605293000 -383979.854824066
6612130000 -385016.453651428
6618946000 -384291.262681007
6625760000 -385593.168777466
6632569000 -383955.492030144
6639383000 -384267.147586823
6646195000 -383605.893054962
6653008000 -382938.406197548
6659811000 -380386.847089767
6666651000 -379429.280412674
6673470000 -378709.807988167
6680285000 -378039.631707191
6687103000 -376341.026174545
6693923000 -375625.099520683
6700747000 -374869.654108047
6707564000 -373196.801292419
6714389000 -373440.033013344
6721206000 -370776.947552681
6728026000 -370085.448599815
6734837000 -369498.711235046
6748449000 -369450.812746048
6755264000 -367834.303938866
6762085000 -369156.105929375
6768901000 -368538.263506889
6775718000 -365914.207373619
6782527000 -366383.771074295
6789340000 -366813.837489128
6796150000 -365282.051833153
6802968000 -362666.415120125
6809783000 -363088.929197311
6823415000 -359926.415037155
6830229000 -358374.65176487
6837034000 -356927.544886589
6843847000 -355396.614149094
6850665000 -352815.132390022
6857483000 -353238.532876015
6864303000 -351644.648030281
6871128000 -351000.232932091
6877941000 -350493.698383331
6884757000 -349958.793998718
6891576000 -349395.526221275
6898386000 -347936.864004135
6905199000 -347449.834098816
6912012000 -347967.679281235
6918822000 -346523.633740425
6925640000 -345995.840214729
6932456000 -344495.082198143
6939267000 -344054.58313942
6946087000 -342519.279507637
6952900000 -342066.382370949
6959711000 -342640.507860184
6966515000 -340297.016949654
6973328000 -340858.737205505
6980141000 -339425.332548141
6986947000 -338074.299332619
6993763000 -338617.429265022
7000572000 -337242.924916267
7007376000 -335928.63374424
7014188000 -334530.660406113
7021029000 -334816.608155251
7027839000 -334450.536105156
7034649000 -334089.334852219
7041467000 -333644.482934952
7048284000 -332215.577728271
7055097000 -331835.808336258
7061912000 -332438.787963867
7068728000 -332035.583221436
7075550000 -331570.888245583
7082364000 -331199.568335533
7089176000 -329855.245286942
7095991000 -330482.617527962
7102803000 -327148.043938637
7109619000 -329774.111907959
7116427000 -327493.517728806
7123238000 -328184.621703148
7130058000 -327781.095002174
7136877000 -327393.508572578
7143688000 -326099.241384506
7150502000 -326776.685231209
7157311000 -326514.270671844
7164119000 -327267.777775764
7177777000 -326325.25934124
7184592000 -327016.049229622
7191398000 -326811.161978722
7198208000 -327566.944923401
7205021000 -327294.454649925
7211836000 -327004.744887352
7218646000 -327775.145938873
7225454000 -327572.509503365
7232273000 -328253.244432449
7239086000 -326005.12959671
7245905000 -327695.627585411
7252718000 -327457.26721859
7259529000 -326245.866497993
7266341000 -326028.296439171
7279964000 -324618.81742382
7286787000 -324294.434031487
7293598000 -324107.404454231
7300417000 -324836.943220139
7307233000 -326604.477470398
7314042000 -324454.146978378
7320855000 -327264.542496681
7327676000 -327991.532122612
7334485000 -327855.821166039
7341299000 -328669.811118126
7348111000 -327510.743538857
7354928000 -328301.388317108
7361738000 -328174.134718895
7368559000 -329930.412798882
7375419000 -328261.403144836
7382244000 -329983.364686966
7389058000 -328831.53392601
7395897000 -330408.880728722
7402717000 -330200.657450676
7409540000 -329964.239710808
7416356000 -330809.892034531
7423177000 -330605.298280716
7429958000 -329846.566165924
7436791000 -332519.432892799
7443619000 -333252.3180933
7450446000 -333001.12210083
7457274000 -333743.799738884
7464047000 -333097.517754555
7470876000 -333838.92902565
7477664000 -334037.03235054
7484463000 -333118.76984024
7491285000 -334951.949790955
7498106000 -335801.034939766
7504926000 -336666.023137093
7511740000 -336601.991185188
7518558000 -338498.775453568
7525376000 -338400.441967964
7532199000 -338251.922520638
7545816000 -339288.905932426
7552638000 -341166.045425415
7559505000 -341552.587984085
7566329000 -341417.515558243
7573155000 -342265.315295219
7579988000 -342040.948384285
7586804000 -344008.619616508
7600430000 -347024.639076233
7607251000 -346951.915363312
7614073000 -348873.073152542
7620890000 -347854.140547752
7627709000 -349818.081536293
7634522000 -349852.923566818
7641306000 -351211.703920364
7654889000 -354778.75430584
7661710000 -355745.044851303
7668530000 -353727.221262932
7675361000 -357593.298121452
7682192000 -358464.27586174
7688973000 -359890.013133049
7695731000 -359573.498492241
7702526000 -358854.937642097
7709349000 -360833.365115166
7716177000 -360761.71040535
7723010000 -360639.984266281
7729835000 -361611.104948997
7736665000 -363532.157073021
7743498000 -364425.134295464
7750324000 -365399.950392723
7757149000 -365390.650214195
7763971000 -364419.210207939
7770721000 -366243.836371422
7777493000 -366831.514525414
7784321000 -367808.728064537
7791153000 -368746.892403603
7797981000 -368733.901967049
7804800000 -368824.6731987
7811621000 -367898.359519958
7818452000 -368867.096611023
7825272000 -369961.546043396
7832102000 -368951.059148788
7845688000 -370757.356410027
7852432000 -370705.795060158
7859235000 -372011.232061386
7866027000 -371442.294222832
7872811000 -372966.024401665
7879590000 -373549.474029541
7886360000 -374236.538205147
7893167000 -374522.314059258
7899963000 -373933.681585312
7906741000 -375547.437353134
7913525000 -374100.176698685
7920300000 -375756.505632401
7927098000 -377165.29557991
7933887000 -377677.682243347
7940658000 -378392.383040428
7947450000 -377881.52838707
7954251000 -380276.794983864
7961001000 -379236.318229675
7967778000 -379904.493664742
7974549000 -380643.295894623
7981334000 -382233.382705688
7988125000 -379762.510076523
7994924000 -380208.760760307
8001722000 -381670.830845833
8008532000 -380006.1912117
8015337000 -380401.236862183
8022138000 -380844.994894028
8028932000 -379370.341145515
8035733000 -380823.810036659
8042503000 -380621.898201942
8049293000 -379205.613451958
8056059000 -379057.177810669
8062836000 -380793.013215065
8069640000 -381237.828023911
8076417000 -380983.330052376
8083199000 -380678.87693119
8089978000 -380412.119809151
8096768000 -382029.691429138
8103558000 -380652.105278015
8110312000 -381673.666520119
8117085000 -383491.926735878
8123867000 -384216.44146347
8130688000 -384518.706392288
8137473000 -384220.060335159
8144285000 -385630.616750717
8151052000 -384538.735712051
8157879000 -383794.78832531
8164693000 -384198.049823761
8171514000 -384529.562372208
8178330000 -385920.690360069
8185146000 -384316.697728157
8191962000 -383717.584478378
8198778000 -383123.350611687
8205593000 -381544.939042091
8212376000 -382321.555885315
8219145000 -380256.185862541
8225965000 -380637.648430824
8232787000 -380002.115989685
8239546000 -377060.650364876
8246303000 -377145.860135078
8253063000 -376203.051388741
8259810000 -376407.226047516
8266630000 -375817.816624641
8273454000 -376189.549157143
8280275000 -373598.977747917
8287101000 -372958.621103287
8293925000 -373345.025445938
8300731000 -372933.113244057
8307487000 -371072.676698685
8314292000 -371681.390403748
8321109000 -370163.798344612
8327930000 -370607.366829872
8334713000 -369471.137263298
8341478000 -367536.455525398
8348241000 -367628.436290741
8355066000 -367047.733187675
8361902000 -366351.730861664
8368729000 -366758.968630791
8375556000 -366171.101543427
8382375000 -365675.524386406
8389207000 -364042.823692322
8396039000 -363415.025314331
8402919000 -363267.86395359
8409732000 -361857.412670135
8416559000 -360298.945843697
8423378000 -358832.734495163
8430178000 -358578.874045372
8436931000 -356843.045072556
8443784000 -357020.215249062
8450597000 -355639.005188942
8457395000 -356426.41724968
8464193000 -354218.682955742
8470967000 -355277.763339043
8477735000 -353407.149153709
8484490000 -353683.222971916
8491277000 -352614.876016617
8498084000 -352333.123064041
8504862000 -350372.669618607
8511655000 -350253.37972641
8518460000 -349008.015658379
8525270000 -349712.968530655
8532084000 -348379.15769577
8538897000 -349061.131289482
8545692000 -348944.309483528
8552482000 -347886.869451523
8559274000 -347812.46010685
8566079000 -348601.130122185
8572886000 -347372.855103493
8579647000 -349651.013448715
8586454000 -348432.438550949
8593255000 -347284.143361092
8600055000 -347151.607585907
8606861000 -346958.523680687
8613671000 -346726.704623222
8620483000 -346477.957679749
8627304000 -346135.996768951
8634114000 -346918.799395561
8640923000 -346717.370012283
8647723000 -345618.878308296
8654498000 -345797.637281418
8661304000 -343643.470401764
8668100000 -344603.111989021
8674914000 -343371.519114494
8681721000 -344221.053120613
8688523000 -342129.91460228
8695341000 -343869.371772766
8702145000 -342766.181875229
8708945000 -341711.414390564
8715769000 -340400.159381866
8722584000 -341191.792766571
8729385000 -340140.734735489
8736193000 -340018.324316025
8743023000 -339661.279445648
8749842000 -338428.877321243
8756676000 -338038.083305359
8763492000 -336848.112239838
8770305000 -336695.67137146
8777125000 -336471.925365448
8783940000 -336307.475334167
8790760000 -336093.495965958
8797569000 -336004.089864731
8804383000 -334865.152994156
8811199000 -334709.334020615
8817980000 -333939.145299911
8824800000 -332749.54850769
8831613000 -331640.976987839
8838434000 -330450.268953323
8845252000 -330297.074663162
8852002000 -331888.264066696
8858793000 -331038.3919487
8865581000 -331225.984279633
8872356000 -330559.763511658
8879155000 -328637.431415558
8885979000 -328448.167953491
8892792000 -329383.373476028
8899599000 -328388.674236298
8906406000 -326398.841503143
8913232000 -326207.371969223
8920039000 -325227.285829544
8926856000 -324143.394556046
8933671000 -322086.11699295
8940540000 -322446.968029022
8947355000 -320399.485015869
8954139000 -318693.673130035
8960931000 -318905.786239624
8967751000 -317818.584085464
8974539000 -317083.855951309
8981315000 -315484.304502487
8988131000 -314455.146152496
8994975000 -315126.786897659
9001795000 -313063.970184326
9008615000 -313006.038579941
9015415000 -312170.149305344
9022213000 -311360.830827713
9029020000 -310458.658090591
9035837000 -310452.794685364
9042650000 -311495.232097626
9049471000 -310455.710313797
9056280000 -308551.317905426
9063104000 -308489.0020504
9070314000 -307242.660167694
9077130000 -306277.213685989
9083950000 -304273.243928909
9090771000 -304263.309337616
9097586000 -303323.356678009
9104395000 -303453.373064041
9111212000 -302501.476406097
9118019000 -300662.931415558
9124792000 -301198.029590607
9131590000 -300466.804239273
9138381000 -301816.347158432
9145526000 -299331.88155365
9152333000 -300517.868551254
9159165000 -300437.652914047
9166001000 -299318.971410751
9172840000 -299172.67398262
9179679000 -297031.288919449
9186519000 -298883.976335526
9193362000 -297709.060035706
9200203000 -297560.738759995
9207037000 -297493.196876526
9213879000 -296343.864034653
9227933000 -298050.790826797
9234828000 -295342.228435516
9241696000 -296931.179742813
9248532000 -294871.753211975
9255369000 -296806.402080536
9262208000 -295724.29655838
9269015000 -293993.702610016
9275801000 -295495.415935516
9282632000 -294514.624832153
9289452000 -294657.854488373
9296273000 -295795.140890121
9303091000 -294969.796777725
9309915000 -295084.373323441
9316735000 -294247.145570755
9323560000 -294360.67543602
9330393000 -293392.499332428
9337224000 -292450.875104904
9344040000 -291676.501953125
9350860000 -292863.717660904
9357672000 -292142.393795013
9364489000 -290371.837591171
9371310000 -290562.88026619
9378126000 -290812.908319473
9384946000 -289024.539550781
9391769000 -288208.600889206
9398578000 -289548.998292923
9405402000 -287732.011514664
9412220000 -288984.812696457
9419032000 -288307.388944626
9425854000 -289526.691303253
9432669000 -288826.579902649
9439488000 -288088.093162537
9446303000 -289397.740526199
9453126000 -288625.770717621
9459948000 -288869.501491547
9466773000 -287085.688873291
9473605000 -287231.100351334
9480434000 -287413.841211319
9487249000 -285752.796361923
9494068000 -286053.39909935
9500889000 -286337.271766663
9507713000 -285593.612510681
9514557000 -286638.735313416
9521383000 -285883.26263237
9528211000 -284111.075653076
9535036000 -286376.195110321
9541875000 -284494.970872879
9548699000 -283780.686771393
9555521000 -283092.895782471
9562347000 -284366.791095734
9569173000 -283645.580118179
9575990000 -282026.453718185
9582808000 -283401.409862518
9589612000 -282932.414012909
9596436000 -282252.34359169
9603268000 -282490.795042038
9610076000 -280993.238517761
9616867000 -280684.059686661
9623696000 -279969.553371429
9630529000 -281216.772039413
9637359000 -280501.27207756
9644181000 -280877.006149292
9651006000 -281225.25487709
9657853000 -282341.007322311
9664670000 -281785.373743057
9671460000 -281525.92282486
9678256000 -282206.584663391
9685074000 -281654.771629333
9692281000 -281911.778610229
9699086000 -283510.227357864
9705902000 -281994.900989532
9712725000 -283408.961629868
9719562000 -283676.936973572
9726394000 -283003.737758636
9733208000 -283529.525362015
9740027000 -284006.280700684
9746878000 -284142.926452637
9753706000 -284532.449172974
9760530000 -283969.986886978
9767353000 -283423.194330215
9774178000 -282859.7348423
9.781e+09 -284333.499992371
9787806000 -283984.580928802
9794595000 -284823.719371796
9801340000 -285141.812488556
9808087000 -285443.134647369
9814862000 -285447.568725586
9821678000 -285015.123125076
9828480000 -284738.37143898
9835287000 -285412.620347977
9842105000 -284973.254358292
9848918000 -286592.622215271
9855738000 -286141.477926254
9862556000 -285716.756523132
9869364000 -287404.599094391
9876189000 -286914.26282692
9.883e+09 -288579.553195953
9889815000 -289206.651693344
9896649000 -288634.087276459
9903467000 -288238.661497116
9910226000 -287483.186794281
9917038000 -287162.062253952
9923851000 -286835.048919678
9930649000 -286674.336706161
9937436000 -285636.849395752
9944234000 -287485.836620331
9951053000 -287113.72600174
9957882000 -286638.910289764
9964699000 -284298.090507507
9971516000 -281962.151540756
9978301000 -281975.30875206
9985113000 -280702.888578415
9991942000 -279252.501964569
9998763000 -279893.050022125
10005582000 -278559.992353439
10012391000 -277339.349872589
10019217000 -277940.785354614
10026028000 -276708.390321732
10032853000 -275330.353473663
10039672000 -276021.710613251
10046505000 -274567.457464218
10053313000 -273386.829372406
10060135000 -272060.595283508
10066957000 -271739.249174118
10073739000 -269852.65927887
10087374000 -267331.057096481
10094180000 -267201.140748978
10101001000 -265914.931791306
10107820000 -264655.095632553
10114626000 -263539.794525146
10121375000 -262041.635503769
10128114000 -260655.670379639
10135246000 -258053.549377441
10141993000 -258591.485610962
10148789000 -256608.000347137
10155611000 -255350.17499733
10162421000 -254226.086345673
10169239000 -253020.975061417
10176060000 -251788.538137436
10182886000 -249507.311532974
10189698000 -248381.26203537
10196521000 -247142.014249802
10203346000 -245886.189682007
10210169000 -244656.722150803
10216989000 -242464.339014053
10223816000 -243201.724365234
10230635000 -243029.846693039
10237463000 -245766.287082672
10244284000 -244582.725622177
10251112000 -246328.954145432
10257943000 -245047.897165298
10264778000 -245728.83449173
10271602000 -245532.663627625
10278427000 -246330.658399582
10285255000 -246101.371965408
10292074000 -245973.496095657
10298896000 -247818.334724426
10305698000 -248882.508226395
10312522000 -250715.665218353
10319325000 -248778.852237701
10326142000 -248696.817253113
10332983000 -246362.395524979
10339784000 -245461.639591217
10346609000 -244308.508378983
10353430000 -244203.138771057
10360252000 -242091.939092636
10367082000 -240899.900194168
10373903000 -239809.197380066
10380724000 -239723.381111145
10387546000 -236631.737634659
10394327000 -236984.216579437
10401152000 -235870.18271637
10407976000 -232771.752733231
10414805000 -232624.659158707
10421623000 -231600.275465012
10435159000 -228637.029178619
10441953000 -225884.213430405
10448796000 -223611.586978912
10455618000 -221568.717220306
10462445000 -219477.20602417
10469270000 -217412.000301361
10476088000 -216426.618003845
10482915000 -214349.784349442
10489738000 -212320.657905579
10496610000 -210772.008298874
10503765000 -210199.777626038
10510587000 -209196.293262482
10517404000 -206251.19742775
10524221000 -206310.982406616
10537898000 -201985.182498932
10544718000 -203027.548980713
10551534000 -202117.586673737
10558357000 -202137.633081436
10565194000 -201012.83760643
10572019000 -202021.284114838
10578844000 -201034.622900009
10585673000 -201010.082199097
10592494000 -200075.977296829
10599324000 -200050.535375595
10606155000 -200019.302110672
10612983000 -202025.039941788
10619807000 -199078.431774139
10626637000 -202072.582618713
10633464000 -201103.696670532
10640295000 -202096.957052231
10647130000 -202052.372369766
10653954000 -203130.237766266
10660783000 -201159.568742752
10667633000 -202969.426727295
10674466000 -201965.834329605
10681303000 -202924.41409874
10688141000 -201877.22118187
10694979000 -201834.939195633
10701810000 -202872.333339691
10708645000 -202871.90826416
10715474000 -201940.465656281
10722285000 -204206.135709763
10729120000 -203220.408966064
10735944000 -202357.037578583
10742780000 -201370.439744949
10749618000 -201367.398525238
10756441000 -201529.393304825
10763273000 -202600.208898544
10770105000 -201675.926809311
10776952000 -202596.45426178
10783789000 -203628.626903534
10790619000 -203740.408946991
10797462000 -204718.371368408
10804280000 -204968.001392365
10811111000 -206083.813230515
10817948000 -205140.51467514
10824790000 -206148.786481857
10831629000 -208193.976291656
10845291000 -208469.743774414
10852123000 -209604.313882828
10858922000 -211095.706230164
10865761000 -211165.412622452
10872584000 -210410.636283875
10879417000 -211554.128454208
10886243000 -212777.153982162
10893066000 -213037.055183411
10899894000 -213248.546102524
10906719000 -214496.911262512
10913541000 -214782.144212723
10920369000 -215008.318412781
10927195000 -216260.703329086
10934019000 -215539.294664383
10940846000 -215790.809930801
10947667000 -216111.149864197
10954498000 -215329.834302902
10961316000 -214691.91494751
10968138000 -214016.266756058
10974964000 -212302.898323059
10981800000 -211487.910232544
10988643000 -211603.275873184
10995472000 -210872.658226013
11002298000 -209178.886140823
11009119000 -209543.250095367
11015936000 -208955.091596603
11022749000 -207414.402053833
11029573000 -205761.478088379
11036394000 -204145.38176918
11043218000 -202502.237335205
11050048000 -200800.118736267
11056878000 -199102.899580002
11063708000 -198410.579874039
11070531000 -196797.653728485
11077352000 -195210.899595261
11084177000 -192586.469667435
11090992000 -191073.330690384
11097828000 -190341.647493362
11104665000 -188604.233919144
11111488000 -188020.657846451
11118314000 -187410.060186386
11125144000 -186761.811109543
11131977000 -186086.554792404
11138804000 -185480.011302948
11145631000 -184878.362953186
11152454000 -185324.143400192
11159289000 -185647.220911026
11166113000 -184092.156795502
11172891000 -183031.021661758
11179666000 -182006.603317261
11186479000 -182583.071866989
11193251000 -182600.209659576
11199982000 -180057.929208755
11206791000 -179691.445831299
11213524000 -178137.483407974
11220274000 -176407.635318756
11227037000 -173544.440032959
11233832000 -173346.052783966
11241011000 -173072.848251343
11247773000 -172235.005966187
11254586000 -171860.208932877
11261410000 -171373.445320129
11268232000 -171912.815055847
11275050000 -170499.554914474
11281867000 -170101.79683876
11288684000 -169708.919576645
11295493000 -169405.870241165
11302318000 -168937.807491302
11309136000 -168548.955713272
11315963000 -168069.440019608
11322777000 -166732.821273804
11329600000 -166305.54577446
11336408000 -167042.37105751
11343238000 -166550.570001602
11350047000 -166286.534227371
11356869000 -165889.412542343
11363680000 -164613.902338028
11370878000 -163237.003814697
11377701000 -161844.197826385
11384539000 -161297.145677567
11391374000 -158786.829418182
11398190000 -159482.964227676
11404997000 -159279.440412521
11411800000 -156123.207798004
11418629000 -153696.094057083
11425461000 -153242.064109802
11432276000 -151973.204864502
11439098000 -151635.000417709
11445927000 -151227.46581459
11452713000 -150280.709840775
11459511000 -148211.57642746
11466332000 -146903.486356735
11473154000 -146589.683097839
11479968000 -145365.559930801
11486787000 -144093.32178688
11493629000 -143582.222959518
11500459000 -143203.20315361
11507290000 -140818.48664856
11514116000 -140491.648162842
11520942000 -140169.703388214
11527775000 -137778.494365692
11534610000 -137371.002544403
11541446000 -134957.824789047
11548324000 -133104.697919846
11555142000 -131892.006563187
11561979000 -132482.979814529
11568814000 -131100.04192543
11575650000 -130711.421693802
11582471000 -128486.533241272
11596101000 -127178.457767487
11602926000 -125925.875946045
11609766000 -124519.405656815
11616594000 -122244.86514473
11623434000 -119848.213844299
11630258000 -118625.808010101
11637082000 -117408.293020248
11643910000 -116153.341688156
11650740000 -115882.12477684
11657947000 -114627.01856041
11664772000 -114418.769004822
11671599000 -112194.253948212
11678425000 -111985.212205887
11685253000 -112759.909263611
11692085000 -111497.195955276
11698909000 -110323.993116379
11705727000 -110219.132940292
11712938000 -106963.35027504
11719763000 -107794.519203186
11726589000 -105620.007293701
11733411000 -105492.678676605
11740247000 -106222.234535217
11747067000 -104125.833824158
11753881000 -102097.739696503
11760705000 -100968.826791763
11767514000 -101003.336927414
11774340000 -99863.058763504
11781170000 -99685.4047870636
11787994000 -96576.0502338409
11794812000 -97534.9822063446
11801643000 -95361.4484291077
11808477000 -95161.1219978333
11815300000 -93081.9024963379
11822137000 -91859.6893100739
11828934000 -89064.8800678253
11835751000 -86063.6900749207
11842565000 -85099.0636901855
11849395000 -81970.3503837585
11856219000 -78909.8935070038
11863037000 -76917.6801586151
11869854000 -75940.9071216583
11876674000 -74937.3428516388
11883499000 -73885.880525589
11890318000 -71902.6459751129
11897132000 -69977.071100235
11903937000 -70151.3631153107
11910756000 -68182.7659893036
11917576000 -66208.4994888306
11924397000 -65228.5657615662
11931220000 -62232.4153347015
11938042000 -60251.7052249908
11944864000 -59275.8830890656
11951678000 -56389.3446979523
11958493000 -54497.1340713501
11965311000 -51578.1572742462
11972116000 -47801.177942276
11978918000 -48060.702085495
11985733000 -47187.9889450073
11992551000 -44288.5182170868
11999373000 -43351.7518825531
12006193000 -42440.961019516
12013013000 -41535.0552616119
12019815000 -40823.7962799072
12026639000 -38885.4814586639
12033452000 -37068.0071868896
12040653000 -38165.8308906555
12047470000 -37316.2267856598
12054293000 -36408.2713298798
12061114000 -34526.2812347412
12067936000 -33638.6404247284
12074757000 -32766.4241333008
12081574000 -31941.2376995087
12088394000 -30089.3267440796
12095218000 -28200.1633110046
12102034000 -25400.1601600647
12108851000 -22594.5034275055
12115682000 -20646.2760429382
12122500000 -17839.8594303131
12129319000 -15027.7942485809
12136145000 -13146.9020595551
12142967000 -11313.0211048126
12149789000 -9484.02812385559
12156609000 -8680.97901725769
12163429000 -6882.81501960754
12170253000 -6047.43007087708
12177068000 -5311.66815567017
12183896000 -1443.95811462402
12190720000 -1623.24210929871
12197548000 -765.322353363037
12204369000 14.0403022766113
12211570000 1786.95077514648
12218385000 3493.13935661316
12225190000 5089.2425403595
12232005000 5785.68237876892
12238823000 6508.80220603943
12245650000 8321.70716094971
12252464000 9992.98453330994
12259293000 11817.1428489685
12266112000 14531.2386837006
12272930000 16229.9351100922
12286571000 18665.2527198792
12293388000 20338.7852478027
12300260000 21585.6444606781
12307075000 22228.3516921997
12314285000 24018.187330246
12321112000 25776.9839878082
12334791000 28542.6227588654
12341608000 31181.6308841705
12348441000 31983.8830165863
12355264000 33676.16056633
12362086000 34353.0423355103
12368919000 36140.5982837677
12375741000 36807.6962203979
12382562000 38459.401966095
12389386000 40137.7316684723
12396218000 39895.1927909851
12403043000 41574.2371387482
12409911000 43699.9471168518
12416740000 45411.1786003113
12423561000 47033.5127868652
12430406000 46902.9410667419
12437233000 48578.4758243561
12444059000 50238.6176815033
12450884000 52883.3687877655
12457705000 53481.2423229218
12464534000 55158.1941738129
12471358000 55777.773563385
12478180000 58371.4737606049
12485002000 58960.2859802246
12491850000 59817.0214595795
12498665000 60322.5949440002
12505490000 62928.203540802
12512311000 63486.9575061798
12519133000 64051.3148002625
12526006000 67145.7309589386
12532823000 66647.8335857391
12539639000 69134.5676784515
12546470000 69773.7274284363
12553297000 70366.0411567688
12560129000 71005.8875827789
12566962000 73651.3165378571
12573783000 75166.0321521759
12580623000 74875.0461235046
12587443000 75369.4923400879
12594273000 77963.8732643127
12601106000 79584.798532486
12607942000 78232.2616863251
12614768000 81770.0184993744
12621599000 82355.2771606445
12628409000 82715.5886497498
12635239000 84280.5829353333
12642068000 84830.2008113861
12648897000 86374.9206771851
12655719000 88841.4138393402
12662539000 89282.0694046021
12669360000 90728.3139533997
12676187000 91232.5122261047
12683024000 92836.5419597626
12689851000 94330.9427776337
12696673000 94768.0923175812
12703497000 96221.2949047089
12710373000 97214.0357341766
12717200000 98688.8265762329
12724031000 99200.5956897736
12730863000 101717.931556702
12737693000 101209.431268692
12744553000 103010.017507553
12751392000 105585.886123657
12758205000 107884.758552551
12765023000 107231.076133728
12771850000 108666.68144989
12778673000 110055.541164398
12785496000 111439.511468887
12792328000 113912.742990494
12799159000 113370.611730576
12805994000 114865.418567657
12812837000 117438.9909935
12819670000 117903.062225342
12826493000 119257.65379715
12833325000 119701.467828751
12840154000 122109.011074066
12846980000 122480.289989471
12853806000 123846.675193787
12860636000 125249.982709885
12867467000 125658.844070435
12874300000 127083.709688187
12881136000 127535.027112961
12887959000 128845.571720123
12894797000 130307.983196259
12901626000 130671.436441422
12908450000 129977.746757507
12915284000 131383.648895264
12922109000 131690.617908478
12928933000 132982.247814178
12935748000 133174.971828461
12942580000 133540.389696121
12949405000 133827.792470932
12956234000 135152.078830719
12963072000 134565.45640564
12969909000 134963.480522156
12976748000 135377.478761673
12983590000 135817.88791275
12990409000 137013.251771927
12997264000 137579.559625626
13004090000 136838.202919006
13010918000 137112.82894516
13017740000 138319.933364868
13024568000 137584.770540237
13031398000 137865.583276749
13045008000 137890.77848053
13051822000 138989.985948563
13058644000 137167.782575607
13065456000 137236.366291046
13072271000 140331.371686935
13079057000 140118.998287201
13085883000 137319.002376556
13092709000 135514.112754822
13099524000 133589.61136055
13106339000 134660.23201561
13113158000 136767.684656143
13119984000 134943.240987778
13126790000 136905.382591248
13133586000 135758.40574646
13140412000 136919.316793442
13147241000 137106.605844498
13154078000 139372.382371902
13160905000 139529.024721146
13167724000 140597.397911072
13174544000 140671.308458328
13188187000 143835.733032227
13195021000 144040.850509644
13201854000 144230.644632339
13208682000 145363.447746277
13215510000 146491.354286194
13222346000 147697.69237709
13229175000 147826.215320587
13236004000 148949.84025383
13242828000 150016.497850418
13249647000 151026.198863983
13256519000 151582.874961853
13263332000 152520.300397873
13270157000 151577.782686234
13276989000 152703.244636536
13283821000 153823.804271698
13290645000 153856.190853119
13297465000 155842.054086685
13304268000 155646.106229782
13311027000 156987.402805328
13317829000 157771.358821869
13324653000 159779.371461868
13338319000 158967.993270874
13345140000 159930.111124039
13351944000 161710.501577377
13358742000 161423.619674683
13365570000 162443.91337204
13372370000 163168.103277206
13379131000 163481.854352951
13385884000 165707.613761902
13392661000 165178.138669968
13399488000 166163.710554123
13406277000 165749.312849045
13413105000 166735.517671585
13419924000 167623.268539429
13426743000 168506.135730743
13433496000 170698.126089096
13440283000 170238.69320488
13447106000 171148.549186707
13453925000 172011.948986053
13460749000 172922.419994354
13467565000 173744.878072739
13474380000 176552.067228317
13481188000 176281.656621933
13487980000 176840.168226242
13494809000 178778.168605804
13501614000 179461.990570068
13508435000 180307.124393463
13515259000 181178.527429581
13522079000 183003.501483917
13528903000 184865.125703812
13535721000 185659.560464859
13542544000 185501.024913788
13549361000 187275.309932709
13556194000 188210.809392929
13563022000 189089.503923416
13569835000 189807.60909462
13576648000 190520.839176178
13583459000 191208.437994003
13590273000 191922.296705246
13597080000 192558.64229393
13603907000 194397.640220642
13617517000 194604.472230911
13624337000 195356.199710846
13631160000 196134.161317825
13637986000 197938.350601196
13644813000 197748.017818451
13651615000 198293.516664505
13658424000 199906.747661591
13665253000 200722.499277115
13672053000 203232.658191681
13678862000 201831.273229599
13685678000 201497.590373993
13692505000 203273.061138153
13699333000 205054.002677917
13706153000 205747.126022339
13712966000 205362.812850952
13719791000 207097.989839554
13726614000 207807.548444748
13733421000 207346.420240402
13740233000 206932.233646393
13747054000 208606.421560287
13753878000 209306.803503036
13760677000 210743.307735443
13767465000 213061.010509491
13774257000 212415.306110382
13781074000 213023.690002441
13787897000 213689.332784653
13794724000 214391.509759903
13801528000 214850.622354507
13808348000 215470.544250488
13815169000 218095.934791565
13821987000 217685.379678726
13828810000 218321.703920364
13835606000 220673.645425797
13842416000 221165.64862442
13849231000 222704.531904221
13856050000 223279.935071945
13862869000 223850.454561234
13869687000 224405.74234581
13876475000 225645.728517532
13883302000 228284.39266777
13890098000 227597.439350128
13896909000 231060.812772751
13903709000 230405.524988174
13910539000 230055.692832947
13917349000 231494.100833893
13924197000 233320.645578384
13931013000 234811.334327698
13937832000 236328.166303635
13944650000 236829.774446487
13951470000 238347.1792202
13958280000 238756.311668396
13965097000 239232.939365387
13971916000 240725.3608284
13978728000 242140.542596817
13985548000 243633.537574768
13992361000 247049.301448822
13999179000 248511.86236763
14006004000 249041.877010345
14012799000 250257.009544373
14019634000 252880.583929062
14026449000 251292.620462418
14033270000 253761.764122009
14040083000 253143.380199432
14046831000 255848.709003448
14053651000 257292.922357559
14060438000 258391.426902771
14067250000 258743.27545929
14074074000 261214.169092178
14080900000 261700.823568344
14087668000 262583.726819992
14094478000 263895.444793701
14101296000 265284.881587982
14108110000 266628.144193649
14114930000 266028.463897705
14121755000 269475.506256104
14128587000 269989.90218544
14135397000 271272.353189468
14142133000 272786.297176361
14148875000 274357.387874603
14155710000 275883.277748108
14162525000 278197.91560936
14169316000 278260.078172684
14176523000 279608.779129028
14183351000 281042.615829468
14190165000 281327.154813766
14196988000 282699.640142441
14203814000 284098.174863815
14210638000 285471.19144249
14217466000 285880.563180923
14224283000 288171.619720459
14231103000 289488.725650787
14237913000 291697.852947235
14244743000 293108.282178879
14251566000 293441.656532288
14258396000 297842.291893005
14265225000 299227.721319199
14272051000 300577.335432053
14278864000 302788.090171814
14285689000 304117.621852875
14292503000 307328.921449661
14299313000 309494.132915497
14306132000 309747.193277359
14312947000 310954.164075851
14319769000 314228.362215042
14326612000 314713.973173141
14333435000 317988.679636002
14340248000 320155.51064682
14347068000 322389.551790237
14353900000 323742.273880005
14360720000 324966.536205292
14367519000 325969.702898026
14374329000 329081.259799957
14381141000 333208.534524918
14387971000 333516.220275879
14394786000 336664.613441467
14401606000 336859.589458466
14408434000 338132.0119133
14415264000 340420.119245529
14422073000 341487.236925125
14428895000 342683.246076584
14435709000 343792.058624268
14442528000 344947.433969498
14449346000 346087.63848877
14456162000 346202.387899399
14462976000 347291.686502457
14469795000 348427.533578873
14476616000 350579.065544128
14483441000 350766.845226288
14490264000 352929.166934967
14497085000 354066.034971237
14503898000 355115.765130997
14510676000 357800.795597076
14517490000 357851.080617905
14524292000 358773.137828827
14531118000 359937.021100998
14537944000 361096.010663986
14544755000 363095.949645996
14551585000 364286.268177032
14558410000 365420.308803558
14565232000 366518.632232666
14572066000 368735.358778
14578886000 368803.350574493
14592512000 371780.869306564
14599320000 372710.959070206
14606128000 373636.180896759
14612941000 374607.884613037
14619764000 375677.405721664
14626583000 376700.96329689
14633792000 377724.07714653
14640621000 378840.258628845
14647379000 380222.631708145
14654164000 380877.38026619
14660952000 381558.08849144
14667730000 382131.315250397
14674507000 384689.453382492
14681325000 385663.541957855
14688134000 385540.389692307
14694912000 389094.266109467
14701688000 388622.796112061
14708510000 388618.460577011
14715328000 388568.200223923
14722149000 390543.833110809
14728922000 391022.205991745
14735710000 392649.616924286
14742491000 394200.393978119
14749297000 394002.73274231
14756109000 394861.735996246
14762930000 396808.153499603
14769744000 399677.909994125
14776551000 399471.02050972
14783369000 400372.037233353
14790160000 400991.385267258
14796966000 402759.649206161
14803775000 402553.797834396
14810525000 402738.373750687
14817276000 404928.412828445
14824025000 406093.169553757
14830754000 407048.200620651
14837499000 409162.418153763
14844241000 409241.120416641
14850985000 412335.538597107
14857795000 412101.300512314
14864588000 415688.051563263
14871358000 416034.371204376
14878161000 416713.866743088
14884970000 418449.949857712
14891777000 421160.682250977
14898602000 421050.86746788
14905420000 422864.485691071
14912242000 423714.175786972
14919061000 424528.264469147
14925870000 426235.098499298
14932690000 428049.663368225
14939500000 427756.986469269
14946303000 430387.794115067
14953127000 431228.659931183
14959927000 433819.030435562
14966728000 435414.777244568
14973505000 435760.095878601
14980297000 438254.061544418
14987091000 439763.643465042
14993911000 441534.356229782
15000711000 444095.599155426
15007502000 445559.928865433
15014294000 448029.642734528
15021117000 449811.551494598
15027918000 451363.590511322
15034736000 451084.60790062
15048289000 455663.384347916
15055077000 457063.10865593
15061893000 457744.232357025
15068709000 460420.476673126
15075468000 464509.22278595
15082279000 466124.645793915
15089099000 467827.176168442
15095907000 470402.190568924
15102724000 473064.303749084
15109546000 473772.625150681
15116364000 476435.19021225
15123181000 478082.656656265
15129989000 480633.301351547
15136815000 481362.947097778
15143655000 482230.698286057
15150470000 483838.197990417
15157288000 484471.458120346
15164105000 487089.623929977
15170922000 488702.90892601
15177740000 489321.523750305
15184534000 491690.218019485
15191346000 492237.830249786
15198168000 492882.65381813
15204942000 496032.615732193
15211735000 498371.692638397
15218556000 500991.701087952
15225382000 502657.851202011
15232200000 504237.468212128
15239021000 504842.815603256
15245837000 506392.258989334
15252646000 508865.403554916
15259455000 509333.678756714
15266270000 511858.292673111
15273086000 513388.229270935
15279905000 515943.886228561
15286715000 516402.866722107
15293524000 517846.777936935
15300340000 517357.204164505
15307154000 518842.356906891
15313975000 520394.007482529
15320790000 521879.597797394
15327613000 522441.869392395
15334435000 523989.05739212
15341226000 526215.359781265
15347981000 526069.87906456
15354758000 527143.831094742
15361532000 529182.385398865
15368350000 529664.507871628
15375173000 531192.697639465
15381988000 532634.484462738
15388808000 535122.335718155
15395632000 536646.052902222
15402431000 540910.203138351
15409216000 540026.889650345
15416005000 542179.483545303
15422812000 543510.564943314
15429645000 544101.568744659
15436385000 544740.605661392
15443140000 545527.612962723
15449964000 547012.389751434
15456811000 548726.446411133
15463638000 550231.966882706
15470465000 553732.592208862
15477292000 554228.322393417
15484111000 556637.729701996
15490927000 559011.720079422
15497754000 557492.778455734
15504572000 556877.354833603
15518109000 554624.546646118
15524869000 553404.444559097
15531670000 551596.655370712
15538480000 551875.563066483
15545307000 550322.524654388
15552132000 549744.24845314
15558955000 549140.738765717
15565729000 549034.014955521
15572466000 547546.211858749
15579281000 548846.782917023
15586034000 549512.074977875
15592819000 550497.923078537
15599643000 553875.423135757
15606457000 554146.376182556
15613236000 555056.681098938
15620059000 557409.383857727
15626887000 556808.014568329
15633717000 558222.074209213
15640542000 559580.424215317
15647359000 560852.591381073
15654180000 561160.520151138
15660990000 563351.803602219
15667806000 563599.171298981
15674630000 564922.927276611
15681444000 565140.215000153
15688275000 565525.295627594
15695093000 567773.443380356
15701879000 567691.72990036
15708689000 567848.897041321
15715499000 570001.193387985
15722271000 570762.787784576
15729060000 569692.162197113
15735877000 571900.952529907
15742696000 572125.164665222
15749478000 572968.921146393
15756270000 573909.345636368
15763096000 576189.996736526
15769922000 577465.754125595
15776747000 578726.470071793
15783565000 579911.264635086
15790393000 580192.639945984
15797216000 582418.390766144
15804041000 582659.541910172
15810855000 583784.215141296
15817681000 585025.733049393
15824501000 586201.500951767
15831324000 587402.809745789
15838081000 587929.904214859
15844886000 589938.951147079
15851693000 589963.414154053
15858503000 592013.428091049
15865321000 594139.678672791
15872132000 594190.083011627
15878954000 596347.12210083
15885763000 596367.501556396
15892586000 597524.909574509
15899408000 599667.293333054
15906224000 598743.984321594
15913038000 597795.529090881
15919856000 595882.728147507
15926683000 594056.232822418
15933505000 593174.186016083
15940279000 591800.984649658
15947091000 589807.89787674
15953907000 588850.453952789
15960737000 586029.928361893
15967483000 586353.776964188
15974317000 585564.020664215
15981132000 584576.960147858
15987942000 583534.393930435
15994719000 584152.837299347
16001496000 580766.456964493
16008277000 579415.746587753
16015086000 578343.642438889
16021919000 578509.59651947
16028740000 576549.191671371
16042348000 573269.647972107
16049132000 571920.200344086
16055948000 570889.708147049
16062770000 569915.042718887
16069589000 568905.138391495
16076431000 567123.02431488
16083271000 565315.762483597
16090098000 565372.094181061
16096920000 562372.960212708
16104094000 561928.844394684
16110898000 559737.654825211
16117720000 559723.617616653
16124507000 557350.800243378
16131295000 554983.255413055
16138110000 553883.835268021
16144926000 551789.646238327
16151744000 550710.79451561
16158562000 548627.060548782
16165383000 548568.765077591
16172196000 548424.733480453
16179012000 549306.14324379
16185883000 549738.435640335
16199513000 549456.572853088
16206333000 550358.837600708
16213154000 550266.319135666
16219976000 551179.01530838
16226779000 552894.914670944
16233557000 552353.459432602
16240362000 552079.853162766
16247181000 551942.759782791
16253998000 553780.587507248
16260771000 552169.271112442
16267560000 553714.675640106
16274387000 553638.867137909
16281198000 555396.647499084
16288067000 554735.009487152
16294823000 556927.871505737
16301626000 555590.292209625
16308417000 557126.749437332
16315239000 555971.18948555
16322058000 556780.470182419
16328873000 557544.508228302
16335689000 558313.757352829
16342508000 559108.392028809
16349330000 559928.40581131
16356141000 560632.57595253
16362957000 560382.304685593
16369777000 561167.495824814
16376545000 561423.395715714
16383324000 561785.408977509
16390153000 563646.761169434
16396980000 563483.050168991
16403797000 564213.62528801
16410614000 564939.319595337
16417437000 564720.615737915
16424266000 565557.50082016
16431081000 565248.381780624
16437868000 566652.192560196
16444603000 566527.130943298
16451330000 567316.690179825
16458077000 568303.020109177
16464817000 569214.040693283
16471555000 569100.140584946
16478295000 570001.620231628
16485027000 571817.741966248
16491772000 569760.048095703
16498509000 571617.00056076
16505249000 572499.399749756
16512040000 569890.6236763
16518758000 572541.908842087
16525492000 572349.559423447
16532232000 573212.857625961
16538977000 571121.72303772
16545716000 571965.408384323
16552459000 572844.589012146
16559203000 572729.059764862
16565968000 573820.115371704
16572754000 574117.711069107
16579588000 574893.514087677
16586399000 574432.969947815
16593226000 576128.545253754
16600056000 574849.409200668
16606859000 578293.738975525
16613689000 577004.82339859
16620519000 574711.008371353
16627319000 578110.542011261
16634137000 578686.257436752
16640956000 578267.147583008
16647783000 575923.604043961
16654605000 574524.887702942
16661423000 575081.064121246
16668234000 574561.97959137
16675050000 577088.28976059
16681858000 577529.299194336
16688672000 578025.752420425
16695497000 577627.892744064
16702296000 576963.827222824
16709127000 576616.5004673
16715946000 578143.683763504
16722728000 577294.193494797
16729529000 578630.778018951
16736352000 578183.537454605
16743164000 577620.898952484
16749978000 578073.477819443
16756800000 576601.538564682
16763617000 580074.490919113
16770444000 578642.99612236
16777265000 578146.350288391
16784077000 578554.440511703
16790894000 578007.863168716
16797721000 579556.810024261
16804491000 580528.593889236
16811342000 580308.729045868
16818120000 581351.134698868
16824931000 582719.957500458
16838560000 582513.239912033
16845383000 583987.866977692
16852168000 584076.282979965
16858953000 583159.863882065
16865771000 583569.710414886
16872583000 582914.478876114
16879413000 584434.948270798
16886236000 581880.299793243
16893058000 584310.73141861
16899880000 584736.275068283
16906696000 585096.756408691
16913515000 584482.443386078
16920310000 584622.583703995
16927087000 584577.390230179
16933879000 584677.766067505
16940671000 587773.296827316
16947490000 587134.651357651
16954315000 587551.266536713
16961137000 587932.919425964
16967956000 585279.616476059
16974775000 586621.429849625
16981599000 585008.465488434
16988417000 587330.487451553
16995241000 587707.745704651
17002058000 585009.979841232
17008870000 585257.241540909
17015688000 587559.735237122
17022503000 586827.296010971
17029322000 586130.043540955
17036141000 585427.907392502
17042956000 586680.828588486
17056588000 585192.063756943
17063398000 585380.286685944
17070214000 587623.710111618
17077415000 588716.54510498
17084203000 586669.642656326
17090997000 586677.959024429
17097746000 587231.023023605
17104571000 586539.93214798
17111405000 586934.016994476
17118221000 589143.073564529
17125043000 589407.287490845
17131859000 591606.581001282
17138674000 590790.990438461
17145541000 588490.728506088
17152348000 589585.318784714
17159092000 589044.882326126
17165882000 592959.753482819
17172710000 591249.824911118
17186336000 591515.287521362
17193099000 590140.757575989
17199922000 591361.319530487
17206749000 590616.982242584
17213579000 588897.740280151
17220402000 592103.626125336
17227225000 589304.622558594
17234008000 590100.942531586
17240791000 592892.430253983
17247620000 592138.775283813
17261210000 589937.327690125
17268040000 588179.01856041
17274916000 590875.367664337
17281724000 592887.453992844
17288552000 593094.451408386
17295373000 594226.634613037
17302195000 592363.918790817
17309017000 594496.314990997
17315837000 596603.851049423
17322656000 593696.516628265
17329473000 594764.329227448
17336300000 593927.100364685
17343122000 592035.060268402
17349942000 590118.167192459
17363616000 592609.082010269
17370445000 589767.332389832
17377267000 589850.827335358
17384083000 591869.560810089
17390921000 588102.935287476
17397744000 589181.736618042
17404567000 588255.648544312
17411351000 587935.60509491
17418144000 588700.506027222
17424956000 586650.07831955
17431775000 589664.594306946
17438602000 588754.012142181
17445418000 590728.837619781
17452232000 586678.840202332
17458983000 582995.790340424
17465749000 582457.508811951
17472513000 581894.479969025
17479282000 580376.490501404
17486023000 578574.578884125
17492805000 574176.562152863
17499614000 575042.817764282
17506440000 571073.627132416
17513259000 570029.785354614
17520048000 570682.120853424
17526869000 567648.461048126
17533699000 563699.583518982
17540440000 561859.144950867
17547198000 561183.28414917
17554002000 558960.835987091
17560821000 555882.930927277
17567591000 551312.119815826
17574377000 548895.837856293
17581173000 548574.301544189
17587988000 543437.106971741
17594803000 542295.034450531
17601623000 540197.864318848
17608413000 537797.148464203
17615217000 535530.955364227
17622055000 529598.33347702
17628880000 530531.408992767
17635695000 525360.067337036
17642499000 525074.37820816
17649313000 522883.337463379
17656114000 521558.065719604
17662932000 517397.07976532
17669758000 517310.80286026
17676581000 512189.787662506
17683391000 509934.565818787
17690215000 509813.727878571
17697037000 505668.107006073
17703854000 502467.871498108
17710679000 501342.312099457
17717508000 496251.636013031
17724337000 495156.061916351
17731163000 489025.762420654
17737985000 486850.802223206
17744805000 484651.071990967
17751631000 480506.09853363
17758452000 477306.533382416
17765276000 475131.898326874
17772101000 471962.310592651
17778922000 468748.080795288
17785748000 466578.648109436
17792572000 462384.449684143
17799395000 457175.425117493
17813044000 453772.509349823
17819859000 450469.34923172
17826679000 448210.973320007
17833492000 442878.190292358
17840321000 437699.428165436
17847147000 433485.977180481
17853963000 435168.336833954
17860788000 431935.176750183
17867612000 427687.196258545
17874432000 425394.615261078
17881257000 420146.782649994
17888066000 418735.242034912
17894933000 413894.497467041
17901721000 413264.761119843
17908538000 407917.976623535
17915351000 402526.618839264
17922170000 401189.920383453
17928993000 397888.024993896
17935815000 391571.319221497
17942630000 390180.283706665
17949443000 386764.531166077
17956256000 383343.90353775
17963047000 379700.202453613
17969832000 379992.153335571
17976615000 374259.435756683
17983369000 371234.322711945
17990172000 367690.266513824
17996959000 363982.716785431
18003768000 358488.433441162
18010588000 356098.325008392
18017411000 352733.068664551
18031054000 346958.154846191
18037883000 345637.693920135
18044686000 342054.687122345
18058327000 336220.874786377
18065133000 333652.982780457
18071934000 332030.692337036
18078746000 327512.509498596
18085562000 325029.073970795
18092389000 319649.708835602
18099212000 318225.833320618
18106036000 315806.971492767
18112861000 310393.121200562
18119683000 305944.673652649
18126508000 302521.04095459
18133335000 301112.316429138
18140151000 298589.802177429
18146969000 292082.206127167
18153790000 290599.42206192
18160661000 289606.619270325
18167462000 287916.093528748
18174277000 286359.252796173
18181093000 285807.429325104
18187907000 281230.937484741
18194719000 278629.781574249
18201527000 275984.179759979
18208346000 274442.525817871
18215170000 267945.446346283
18221988000 267384.130558014
18228806000 266817.932518005
18235680000 258800.662982941
18242470000 261947.77507782
18249279000 258277.917835236
18256101000 253731.726535797
18262919000 253141.100795746
18269708000 251258.901737213
18276516000 248559.680427551
18283327000 246885.244590759
18290159000 242413.495361328
18296966000 238689.767902374
18303776000 235990.820903778
18310592000 229346.292758942
18317390000 228519.02917099
18324207000 226874.635318756
18331015000 222136.44550705
18337827000 215432.902740479
18344618000 213517.047645569
18351431000 209813.649913788
18358240000 206065.870681763
18365055000 200372.477405548
18371872000 198693.956523895
18378689000 197010.554824829
18385515000 192411.135959625
18392336000 188757.458278656
18399098000 187516.427875519
18405907000 183734.560230255
18412725000 181036.661140442
18419512000 179027.904678345
18426347000 173488.043949127
18433170000 169824.851818085
18439985000 168077.826141357
18446798000 164306.187911987
18453619000 160608.607280731
18460436000 160866.676631927
18467245000 155040.943939209
18474054000 155210.341880798
18480863000 153374.87046051
18487723000 151037.54296875
18494530000 149172.571769714
18501343000 143361.903499603
18508152000 141506.916717529
18514970000 136735.801849365
18521783000 136910.507602692
18528595000 134070.479557037
18535409000 133245.293849945
18542230000 131484.232570648
18549035000 129560.579746246
18555848000 125710.910060883
18562618000 126432.594497681
18569404000 125307.135993958
18576211000 123383.768882751
18583021000 124485.094249725
18589834000 124611.10565567
18603493000 118173.581119537
18610314000 118363.744678497
18617128000 117480.075809479
18623923000 113404.405174255
18630697000 114117.077476501
18637530000 112405.919410706
18644301000 112079.371196747
18651103000 107053.229019165
18657912000 105091.143386841
18664714000 102055.277492523
18671516000 101014.552238464
18678334000 102126.455375671
18685154000 99253.1608047485
18691976000 96394.664226532
18698790000 99452.5529937744
18705606000 98525.2454795837
18712421000 98583.2191810608
18719239000 93665.8309936523
18726052000 93694.3707046509
18732865000 91718.0353279114
18739685000 90805.680644989
18746506000 84898.276676178
18753328000 83995.821269989
18760145000 86039.3059310913
18766968000 82136.9118347168
18773765000 83973.9713821411
18780579000 80973.3268966675
18787390000 78938.3112983704
18794200000 77888.592666626
18800975000 75489.9496994019
18807793000 70509.1496047974
18814574000 72159.8063774109
18821355000 71805.6337509155
18828157000 70653.0039558411
18834983000 65731.3515777588
18841801000 64726.1989707947
18848610000 66627.7382278442
18855404000 61377.0423355103
18869050000 57430.8381996155
18875851000 57234.3127937317
18882660000 53111.5016479492
18889469000 50983.8211364746
18896293000 47998.5726509094
18903152000 50352.1113853455
18909931000 49915.2165641785
18916751000 46876.0309448242
18923571000 43831.9602165222
18930389000 42763.3713607788
18937204000 40660.4528694153
18944018000 39542.8413467407
18950841000 37508.6825752258
18957657000 34400.9388694763
18964425000 32817.2949790955
18971239000 27680.2024307251
18978055000 24557.8563728333
18984878000 26499.3064537048
18991693000 24357.3865509033
18998511000 19240.0167655945
19005324000 21068.7215309143
19012147000 20990.6304588318
19018962000 16829.1923103333
19025772000 15613.8437538147
19032596000 14530.9052734375
19039409000 10335.2202911377
19046232000 8232.70366668701
19053055000 10125.2976303101
19059875000 8983.59345626831
19066744000 9317.31158828735
19073546000 7989.3755569458
19080357000 5744.78701019287
19087173000 4544.32646179199
19093986000 2309.58854293823
19100801000 -1910.42723464966
19107610000 -2194.10834884644
19114412000 -3551.23910522461
19121225000 -5805.46807098389
19128044000 -10005.7976150513
19134853000 -10308.96118927
19141668000 -10558.2282104492
19148479000 -12851.5475997925
19155293000 -12120.3605461121
19162111000 -15354.881313324
19168928000 -17604.0757865906
19175749000 -17818.9881095886
19182578000 -21960.4667816162
19189396000 -19214.5258407593
19196215000 -25463.6785545349
19203031000 -28747.0785751343
19209845000 -28054.9322967529
19216656000 -28397.0218696594
19223467000 -30743.9836730957
19230285000 -32027.3226051331
19237100000 -32344.8966712952
19243913000 -32686.915851593
19250727000 -36024.0272598267
19257538000 -38395.3616294861
19264345000 -38810.6939735413
19271158000 -41172.2084999084
19277960000 -44646.1781692505
19284708000 -42653.0890960693
19291500000 -46234.5247383118
19298300000 -49742.5825004578
19305106000 -49196.8338317871
19311961000 -51176.9048042297
19318763000 -52680.0241889954
19325583000 -56012.0528411865
19332411000 -55270.7723121643
19339238000 -59544.1619224548
19346057000 -57900.6295051575
19353256000 -64548.5760269165
19360069000 -64973.7114105225
19366887000 -66354.8685493469
19373695000 -69838.6074409485
19380507000 -73288.1373214722
19387329000 -74644.8556594849
19394143000 -80084.6044044495
19400952000 -80578.0651016235
19407772000 -87968.9650688171
19414585000 -88433.1097373962
19421395000 -89931.4243202209
19428207000 -93415.0812416077
19435022000 -95874.3212928772
19441836000 -99348.202091217
19448645000 -99875.7697982788
19455463000 -101320.354598999
19462277000 -102808.864234924
19469145000 -101775.214221954
19482766000 -103845.002841949
19489590000 -107255.474395752
19496387000 -111934.277507782
19503200000 -112461.831233978
19509978000 -114335.707294464
19516799000 -116794.946777344
19523620000 -121259.072803497
19530440000 -120737.838859558
19537247000 -123348.276073456
19544058000 -121924.571556091
19550864000 -123554.495986938
19557681000 -128082.028579712
19564485000 -127741.19084549
19571286000 -128434.462921143
19578477000 -129330.692077637
19585284000 -129975.47221756
19592090000 -135634.865875244
19598900000 -135260.139411926
19605715000 -135841.555831909
19612543000 -141301.166942596
19619349000 -142980.045917511
19626155000 -140663.789970398
19632971000 -144254.971889496
19639784000 -144880.259208679
19646599000 -147490.939037323
19653412000 -148125.977954865
19660229000 -152726.932537079
19667031000 -154478.855060577
19673853000 -154040.868396759
19687479000 -159354.824890137
19694288000 -160058.060890198
19707934000 -167206.565231323
19714751000 -167846.556301117
19721539000 -167773.697250366
19728336000 -170618.083236694
19735152000 -174282.413650513
19741967000 -174961.354717255
19748783000 -176635.443180084
19755601000 -180294.951339722
19762408000 -183066.362121582
19769220000 -184793.997356415
19776030000 -188545.96163559
19782835000 -191351.431610107
19789642000 -194142.312698364
19796447000 -192957.511390686
19803260000 -197699.775051117
19810068000 -201495.534397125
19816869000 -202364.225505829
19823682000 -207121.10226059
19830491000 -209921.742004395
19837300000 -210727.251110077
19844106000 -212566.791217804
19850919000 -217343.157592773
19857733000 -219114.67993927
19864531000 -221046.573184967
19871347000 -222808.401752472
19878152000 -227681.996349335
19884965000 -232482.724563599
19891774000 -235327.190021515
19898584000 -235166.810016632
19905401000 -235943.302059174
19912213000 -239773.241867065
19919021000 -243646.906044006
19926188000 -247038.850738525
19932997000 -253912.796268463
19939803000 -259820.742645264
19946613000 -261694.714977264
19953419000 -267612.394363403
19960244000 -272350.480213165
19967060000 -274180.827011108
19973873000 -279045.173938751
19980680000 -281972.633155823
19987490000 -285875.842422485
19994312000 -287667.465251923
20001122000 -289580.424690247
20007931000 -290507.958259583
20014739000 -298450.063819885
20021547000 -298397.037319183
20028359000 -302310.073970795
20035166000 -305276.486675262
20041975000 -310228.366359711
20048792000 -315107.523025513
20055605000 -314030.353832245
20062420000 -316938.664493561
20069230000 -322900.337604523
20076044000 -326828.09677124
20082863000 -331712.255115509
20089692000 -334504.349617004
20096504000 -336466.140727997
20103315000 -339442.498813629
20110125000 -345433.421730042
20116940000 -346380.755992889
20123752000 -352362.041728973
20130564000 -352348.201122284
20137375000 -357348.923915863
20144185000 -361364.207962036
20151008000 -364258.414745331
20157806000 -364399.700839996
20164595000 -369633.022533417
20171413000 -375590.28610611
20178227000 -373591.173736572
20191853000 -379626.946590424
20198670000 -384613.41242218
20205481000 -387662.854610443
20212290000 -390736.532775879
20219111000 -395698.906391144
20225923000 -397753.290538788
20232738000 -398783.509155273
20239553000 -401818.605724335
20246362000 -404916.650024414
20253176000 -406971.175777435
20259986000 -407069.285514832
20266791000 -408220.64679718
20273629000 -410057.582389832
20280439000 -412170.320964813
20287253000 -414249.234325409
20294063000 -416371.717346191
20300876000 -417470.053455353
20307692000 -425544.249080658
20314507000 -426632.995231628
20321318000 -429765.301025391
20328129000 -430902.479042053
20334939000 -433054.198284149
20341754000 -436162.446926117
20348568000 -440285.241081238
20355380000 -440432.245449066
20362192000 -446584.123474121
20369005000 -447731.209739685
20375808000 -448979.818099976
20382618000 -455165.639343262
20389420000 -455433.637546539
20396231000 -458619.532100677
20403042000 -459810.298881531
20409854000 -463996.276763916
20416668000 -468167.807479858
20423477000 -469392.513187408
20430292000 -472564.134384155
20437105000 -475759.950061798
20443912000 -479018.586112976
20450730000 -483175.863506317
20457540000 -487415.272075653
20464348000 -493678.862251282
20471163000 -496879.737548828
20477976000 -500104.798740387
20484793000 -503296.122001648
20491606000 -506530.936229706
20498419000 -509770.625545502
20505229000 -510044.1432724
20512050000 -511216.377479553
20518862000 -517480.345314026
20525667000 -518816.729534149
20532852000 -522491.65114975
20539661000 -523799.444282532
20546475000 -524063.872898102
20553294000 -529284.947731018
20560109000 -532549.487617493
20566917000 -532886.417858124
20573734000 -538141.420810699
20580543000 -539478.450157166
20587355000 -539791.421421051
20594167000 -540109.266334534
20600981000 -542412.702812195
20607796000 -545711.375465393
20614612000 -548005.286453247
20621429000 -549294.437911987
20628248000 -550569.193813324
20635061000 -551906.658226013
20641868000 -551306.818267822
20648675000 -554711.844814301
20655492000 -556025.384590149
20662305000 -553382.34362793
20669117000 -553753.811649323
20675932000 -553101.253787994
20682794000 -555000.848186493
20689580000 -553637.400463104
20696394000 -556009.120365143
20703202000 -560443.4986763
20710016000 -566824.967319489
20716825000 -564259.456905365
20723637000 -568669.931350708
20730448000 -574094.906902313
20737255000 -577563.261638641
20744063000 -578026.856853485
20750882000 -585389.441612244
20757688000 -583882.029747009
20764500000 -588321.739688873
20771321000 -593679.714832306
20778147000 -597994.464302063
20784928000 -597747.08531189
20791691000 -601677.714092255
20798476000 -605401.499843597
20805269000 -609053.163925171
20812075000 -611584.629055023
20818905000 -613890.123310089
20825715000 -616392.865951538
20832541000 -618746.611671448
20839327000 -625489.891765594
20846146000 -628920.703346252
20852963000 -630375.6277771
20859784000 -631796.977539062
20866597000 -637300.119083405
20873416000 -640750.461078644
20887054000 -647665.796104431
20893867000 -651188.450874329
20900680000 -654715.980731964
20907494000 -655238.776817322
20914308000 -661766.449420929
20921119000 -665327.820831299
20927924000 -666951.704738617
20934739000 -670484.392314911
20941561000 -676954.720874786
20948374000 -678516.378486633
20955185000 -682102.11889267
20962002000 -689635.11272049
20968820000 -694163.384937286
20975630000 -696773.353023529
20982444000 -699349.787952423
20989263000 -702883.098045349
20996085000 -705392.493152618
21002901000 -709964.36926651
21009719000 -716521.928516388
21016534000 -716113.162231445
21023352000 -720680.483821869
21030130000 -723636.526729584
21036945000 -727242.369960785
21043738000 -731064.171207428
21050544000 -733766.099098206
21057295000 -738000.513820648
21064082000 -737894.388374329
21070912000 -744380.657871246
21077742000 -746871.826812744
21084568000 -749406.256244659
21091389000 -754993.527114868
21098178000 -754892.52709198
21104991000 -756566.253044128
21111806000 -760225.679290771
21125434000 -765578.337562561
21132254000 -770204.469959259
21139071000 -771864.241077423
21145898000 -773433.054801941
21153109000 -777326.859897614
21159932000 -780944.068630219
21166753000 -782585.330036163
21173577000 -787202.735240936
21180384000 -790987.894641876
21187190000 -793787.500026703
21193993000 -797620.706790924
21200782000 -799592.867115021
21207584000 -802445.362792969
21214395000 -808216.528194427
21221219000 -812868.078994751
21228037000 -815581.971794128
21234847000 -816377.342655182
21241661000 -821139.289260864
21248480000 -824858.247158051
21262138000 -828119.381732941
21268899000 -834408.117092133
21275717000 -837156.152671814
21282538000 -842880.36208725
21289365000 -846552.045536041
21296142000 -846707.025997162
21302937000 -852694.618274689
21309712000 -856878.392189026
21316518000 -857770.444004059
21323344000 -862476.05721283
21330155000 -864330.031139374
21336956000 -868284.514820099
21343760000 -873215.167308807
21350562000 -872169.806667328
21357377000 -880005.004459381
21364192000 -879845.08020401
21371025000 -885517.950721741
21377845000 -890319.997955322
21384661000 -891165.165267944
21391484000 -894948.305774689
21398291000 -896889.252662659
21405114000 -900682.160526276
21411928000 -903565.960700989
21418748000 -906397.306419373
21432374000 -914208.405422211
21439195000 -920044.843429565
21446011000 -920933.929470062
21452827000 -921827.894897461
21459640000 -921755.392314911
21466461000 -927611.36359787
21473269000 -928596.364089966
21480087000 -931490.745311737
21486902000 -935418.65279007
21493712000 -938399.174663544
21500538000 -939231.822154999
21507364000 -944069.363357544
21514173000 -942074.065647125
21520993000 -948978.648628235
21527811000 -949907.20413208
21534627000 -950859.727870941
21541435000 -955893.469200134
21548249000 -958874.829101562
21555070000 -960794.279594421
21561888000 -963747.2370224
21568695000 -963810.010246277
21575551000 -970410.253826141
21582342000 -970635.402774811
21589162000 -973588.814651489
21595975000 -975613.867485046
