32000 199170.480805394
6887000 198897.998183108
13706000 197386.331661763
20529000 195896.478333004
27350000 194389.295044187
34119000 193538.686674148
40956000 193127.313170403
47790000 190692.075145952
54620000 191226.458168671
61452000 189769.586569846
68283000 189301.900070146
75123000 189888.582620978
81965000 189483.994192436
88774000 188860.037825346
95579000 190205.748977304
102321000 190136.708861038
109076000 191148.181181997
115829000 191142.424810663
129711000 193567.283070982
136463000 194542.18857801
143218000 193532.433857381
149971000 194505.456729293
156722000 195461.260923058
163469000 195386.830017507
170218000 195321.228187531
176968000 196257.942873836
183721000 197209.988634259
190469000 197125.299160659
197218000 199042.925581783
203970000 198975.87872836
210721000 200898.130105406
217473000 200822.691785544
224223000 201730.048456073
230977000 201659.227014065
237729000 202571.200562418
244481000 202478.978066832
251234000 202389.061524242
257985000 203281.944943905
264734000 205157.632053971
271493000 204094.128174841
278248000 205000.42150569
285003000 206902.515063167
291756000 206787.412312806
298506000 208648.619338036
305259000 208525.123878479
312011000 210390.93472904
318763000 212252.549535692
325515000 214109.968298376
332267000 214963.191017151
339021000 216825.205526173
345767000 217631.075139403
352522000 218491.190235615
359280000 220366.581715822
366034000 222211.803969264
372795000 222098.263353825
379626000 224434.828305602
386490000 224981.253581762
393320000 226302.719250798
400181000 226821.028336287
406944000 228699.214044333
413731000 228728.87902832
420558000 230013.760921001
427372000 233210.037834644
434198000 234479.863180161
441026000 234758.36905992
447834000 236902.905884743
454650000 237095.04297334
461471000 239315.317329943
468299000 240576.68357408
475126000 239827.277392149
481947000 241034.696859777
488774000 242276.71488899
495599000 242501.48412782
502432000 243773.797116578
509264000 244035.334534585
516094000 245279.620648861
522934000 246584.383114278
529766000 247833.02856338
536600000 249090.329411089
543437000 250362.756986141
550274000 251630.882205367
557103000 251842.914313555
563931000 254044.180912137
570767000 254292.937174678
577594000 254479.144714475
584419000 256648.119813919
591242000 258799.866241574
598063000 260934.387765884
604885000 262071.096494675
611712000 263235.865819335
618534000 264364.004412293
625358000 265500.794632196
632182000 266633.298842192
639036000 268955.506193876
645856000 270053.556837916
652688000 271224.907067657
659512000 272340.245882154
666334000 273438.37110436
673145000 275461.118026614
679963000 276524.833013058
686781000 277584.269522786
693601000 280652.350119233
700420000 281709.689074874
707241000 283775.668351293
714076000 283927.796952724
720909000 286062.708178878
727746000 287219.154638171
734563000 289242.148531914
741438000 291635.364319801
755479000 295287.324467659
762310000 295383.287133217
769132000 296416.866027594
775940000 298355.809589624
782760000 299367.92412746
789579000 302369.305230856
796410000 303443.828437209
803246000 304546.312786579
810076000 306605.792672753
816900000 306622.279411316
823732000 308686.074577451
830552000 310668.18956542
837387000 311742.744289517
844217000 312780.762081385
851052000 315846.720272899
857875000 317831.02469039
864703000 318843.272021651
871527000 319825.448696256
878361000 321867.782128215
885200000 323938.035214543
892029000 324939.553249359
898857000 325930.336601019
905681000 327891.061870337
912504000 329841.059995651
919332000 330818.97589457
926156000 331766.841249108
932973000 332665.345846891
939797000 334604.643577695
946629000 335591.159244537
953459000 335560.504117727
960282000 336480.498288631
967114000 339454.132676601
973939000 340378.422646165
980762000 341285.555647016
987584000 342181.969670296
994413000 339119.13536191
1001255000 335135.637315154
1008082000 333051.345575929
1014907000 330949.900640011
1021737000 328876.32383883
1028559000 325747.009873509
1035379000 322600.552761197
1042198000 320443.385465145
1049015000 319269.081299067
1055839000 317135.495502472
1062651000 315920.49593091
1069469000 313739.785531998
1076289000 312567.648774862
1083108000 309384.805599451
1089937000 308261.930725813
1096760000 307096.218511105
1103582000 303919.797995567
1110394000 302674.86478591
1117210000 299451.349797964
1124025000 298217.137178183
1130845000 296010.755035877
1137665000 293800.091906786
1144485000 292585.147790194
1151304000 290359.503532648
1158140000 287238.694489956
1164964000 287036.569587708
1171780000 283778.820517063
1178593000 282497.5455513
1185408000 279224.83041358
1192211000 277870.855894804
1199044000 275705.064568043
1205868000 273477.248727798
1212693000 271251.560381889
1219538000 268149.84227705
1226358000 266883.505602598
1233179000 264619.299559832
1240001000 262357.22226572
1246823000 260090.86147356
1253653000 256871.495062351
1267669000 251701.293661833
1274499000 250468.822806597
1288534000 247393.453449965
1295356000 245096.619040012
1302168000 243731.448444605
1308982000 240374.816183805
1315798000 239026.718494892
1322615000 235680.748226404
1329429000 234311.292456388
1343451000 229081.746688366
1350255000 227635.215015888
1357072000 225267.625234365
1363888000 224889.358642101
1370697000 221462.023352861
1377514000 221081.607553244
1384324000 217652.130581141
1391136000 217231.179328442
1397941000 213761.181948423
1404755000 211344.484839916
1411573000 209949.095072508
1418386000 206517.453967571
1425190000 204023.995145559
1432002000 202577.421957493
1438815000 200132.97051239
1445627000 197677.854798555
1452439000 196218.46813488
1459250000 192748.419710636
1466064000 191293.272143841
1472917000 188083.043776989
1479732000 185625.713761568
1486546000 187157.720735073
1493363000 187704.617266417
1500173000 188202.52726388
1506987000 186721.714491129
1513794000 184191.927724361
1520609000 181708.957590342
1534621000 177168.839890242
1541435000 175666.422762871
1548249000 173159.732177496
1555057000 170610.476175785
1561866000 169063.335605621
1568668000 167467.262664318
1575479000 163924.352331877
1582294000 162402.690250158
1589103000 159838.480299234
1595929000 159378.433109522
1602743000 156837.566150904
1609548000 154235.032935619
1616363000 152692.001056671
1623177000 150138.318742037
1629988000 148561.237679243
1636798000 145973.512451172
1643613000 144413.387996197
1650428000 141848.988828659
1657249000 140318.550476789
1664069000 138777.457922459
1670887000 137219.34171629
1677695000 134593.239980221
1684509000 132001.092782497
1691328000 129436.51938343
1698184000 128103.312656641
1704996000 126485.579223156
1711811000 123882.677537918
1718642000 121377.372145653
1725459000 118778.643619537
1732274000 116162.906507492
1739085000 114517.434461594
1745886000 111804.048429012
1752699000 108162.770866156
1759509000 106498.131572723
1766319000 104829.223837376
1773132000 102175.133426189
1779946000 99523.1321060658
1786761000 96873.2179954052
1793573000 94199.9490516186
1800386000 93528.7685720921
1807200000 89859.6746749878
1814007000 88141.800204277
1820818000 85445.0911839008
1827631000 82756.8262794018
1834443000 81057.932892561
1841254000 78348.4129042625
1848086000 75768.0787258148
1854904000 73094.4869530201
1861726000 68442.0317752361
1868543000 65753.5273988247
1875353000 62016.2782094479
1882171000 60325.5756680965
1888983000 57592.487098217
1895796000 54861.4782109261
1902608000 52119.8471152782
1909431000 48443.7882215977
1916252000 45750.7470757961
1923071000 45040.7274446487
1929885000 47294.6906113625
1936707000 47595.1552546024
1943520000 48834.2202494144
1950340000 50113.4323241711
1957161000 51394.7083959579
1963975000 52627.2917306423
1970789000 53855.6016073227
1977621000 54193.8138544559
1984441000 54451.6203668118
1991257000 55679.7785100937
1998067000 55865.6133749485
2012071000 56659.0176713467
2018888000 57876.1816427708
2025706000 58095.4070672989
2032527000 58329.3681576252
2039343000 60527.3599073887
2046154000 60689.3917264938
2052968000 61866.1623477936
2059785000 63057.6661269665
2073802000 65853.8658561707
2087807000 66555.9864640236
2094618000 66687.637057066
2101454000 66973.310562849
2108272000 69140.7236242294
2115088000 69291.1973128319
2121902000 70424.7353925705
2128716000 69554.0000143051
2135523000 71634.6912083626
2142337000 68755.4133048058
2149166000 64966.7716305256
2155978000 61066.284034729
2170007000 52814.2879452705
2176826000 48945.006939888
2183644000 46065.1220645905
2190464000 41193.6057343483
2204467000 27732.7027263641
2211284000 18829.1507935524
2218103000 12933.9635725021
2224918000 6009.21526288986
2231736000 99.1513772010803
2238542000 -1891.02000570297
2245358000 -5822.27023077011
2252176000 -6745.16076040268
2258984000 -10735.501803875
2265789000 -12749.0585155487
2272597000 -15747.9295492172
2279417000 -17675.2826294899
2286235000 -20619.5460886955
2293060000 -23523.889547348
2299870000 -25527.2218775749
2306681000 -29528.5098352432
2313494000 -30521.4431142807
2320312000 -35487.090798378
2327119000 -36526.4372162819
2333925000 -40576.3586230278
2340737000 -42592.6853795052
2347557000 -45562.8106675148
2354374000 -49556.1422152519
2361188000 -51572.6743760109
2368007000 -54561.9441447258
2374832000 -56517.6543946266
2381645000 -60553.3228774071
2388458000 -63593.2635641098
2395267000 -65662.6950964928
2402083000 -70692.2655816078
2416100000 -76337.6714749336
2422920000 -78355.1029243469
2429731000 -80433.5287547112
2436548000 -83478.4191122055
2443370000 -86496.0855231285
2450185000 -88562.1326723099
2.457e+09 -90632.4545340538
2463816000 -93700.7527561188
2477824000 -97482.4752063751
2484643000 -101544.947906017
2491456000 -103649.475180149
2498271000 -106745.684297562
2505090000 -108820.989915848
2511910000 -112894.281340122
2518714000 -115072.546519756
2525529000 -118185.853230953
2532349000 -120271.974435329
2539167000 -123374.959457874
2545983000 -124494.804535389
2552795000 -129644.086225986
2559619000 -130722.164453983
2566434000 -134861.128847599
2573258000 -137947.773442745
2580089000 -139994.690497875
2586905000 -143140.207686424
2593724000 -145271.141657829
2600561000 -148293.211565495
2607329000 -152753.258450031
2614143000 -153928.433480263
2620958000 -158101.598080158
2627774000 -160272.754131317
2634591000 -163441.903516293
2641409000 -165609.048116207
2648229000 -168767.908435822
2655066000 -170824.276998997
2661872000 -173079.631669521
2668685000 -175295.293299675
2675511000 -178433.601852417
2682319000 -181689.207242966
2689126000 -184955.356182575
2695940000 -188181.830893993
2702749000 -189443.960862637
2709566000 -188660.152155399
2716383000 -187880.620669365
2723205000 -186073.994016647
2730020000 -187315.567811489
2736833000 -185573.962763786
2743644000 -184849.175112724
2750456000 -184122.385187626
2757281000 -184318.33877039
2764092000 -183606.369608879
2770905000 -181886.12996912
2777728000 -181107.467936516
2784536000 -179427.123135567
2791351000 -179707.16683054
2798168000 -178978.950082302
2804981000 -178280.078357697
2811795000 -178579.212513447
2818602000 -175926.480003834
2825414000 -175246.686824799
2832230000 -174546.106823444
2839043000 -172868.594234943
2845862000 -173157.774720669
2852674000 -172495.072863579
2859489000 -170817.856153488
2866308000 -171119.86893034
2873118000 -170482.507549763
2879933000 -169818.114348888
2886749000 -169151.736435413
2893563000 -169502.152084827
2900378000 -168850.583020687
2907191000 -169215.803755283
2914006000 -167572.782861233
2920828000 -167890.242659569
2927641000 -166268.286902905
2934460000 -166613.073146343
2941280000 -165955.884715557
2948087000 -164384.276396275
2954911000 -163710.629173279
2961721000 -164128.803294659
2968533000 -163538.742062569
2975347000 -162940.449239254
2982167000 -162308.926016331
2988981000 -161719.183871746
2995792000 -160152.463349819
3002605000 -161577.515000343
3009415000 -160025.583258629
3016254000 -158296.742267132
3023066000 -158740.87182951
3029881000 -157170.533587456
3036697000 -157598.224433899
3043511000 -156042.681240559
3050329000 -156466.434027672
3057143000 -155919.440258026
3063952000 -154407.935521126
3070763000 -153888.212996006
3077576000 -154360.276443481
3084384000 -153867.818266392
3091197000 -154348.422986031
3098014000 -153808.339988232
3112028000 -153370.296711922
3118837000 -152893.188308716
3125642000 -151445.296843052
3132452000 -151970.483500004
3139265000 -150481.230048656
3146076000 -149008.719913006
3152894000 -149496.834968567
3159709000 -150007.931405544
3166530000 -148485.900508881
3173351000 -147968.151855469
3180160000 -147529.474470615
3186974000 -147063.905311584
3193789000 -147596.378445148
3200606000 -147120.665215969
3207423000 -145649.229208469
3214234000 -145219.446120262
3221051000 -144756.560791016
3227857000 -143366.461001873
3234688000 -143824.939595222
3241501000 -143399.794906616
3248312000 -142991.374714851
3255114000 -143643.253901482
3261926000 -141237.14256525
3268730000 -140885.096315384
3282735000 -138723.256893158
3289546000 -137340.685567856
3296358000 -136956.162213802
3303171000 -136569.688711643
3309996000 -135112.84177494
3316820000 -135666.501945019
3323629000 -133317.736333847
3330445000 -133929.707798004
3337259000 -132558.391149044
3344074000 -132185.130625248
3350884000 -131847.228342533
3357700000 -130476.298027992
3364523000 -130066.135523319
3371333000 -129741.050475121
3378147000 -128395.377081871
3384966000 -128022.909298897
3391784000 -127660.934189796
3398597000 -127334.299128056
3405415000 -126980.87783432
3412225000 -126681.42349577
3419052000 -126280.660243988
3425879000 -125884.18677187
3432694000 -125566.513187885
3439503000 -125290.365611553
3446352000 -124770.168383121
3453162000 -124496.37295866
3459978000 -123189.605985165
3466785000 -123942.969321251
3473587000 -122731.624400616
3480404000 -121431.466113091
3494454000 -120263.320612431
3501269000 -119988.660731792
3508078000 -118755.488988876
3514893000 -117489.374769211
3521704000 -118252.339195728
3528511000 -116044.374746323
3535321000 -115822.075787544
3542157000 -115442.86860466
3548975000 -114179.535033226
3555793000 -113920.47993803
3562611000 -112665.703319073
3569430000 -112409.00858593
3576251000 -112144.201657295
3583066000 -110920.848985672
3589879000 -110714.160444736
3596692000 -109511.744107246
3603517000 -109239.278521061
3610342000 -108971.100201607
3617158000 -107762.938928604
3623960000 -107645.73562479
3630777000 -106439.926558018
3637595000 -106232.204395771
3651606000 -103508.703652859
3658424000 -105314.052242279
3665233000 -103179.369266033
3672046000 -104024.204891682
3678859000 -103873.312720776
3685675000 -104708.135077477
3692491000 -103547.233400822
3699303000 -103415.346240997
3706110000 -103318.650084972
3712937000 -102102.550936699
3719752000 -102964.93462801
3726565000 -101843.957287788
3733371000 -101770.52266407
3740209000 -101503.563496113
3747031000 -100339.791847229
3753843000 -100242.099870205
3760651000 -100173.394806862
3767472000 -100028.636946678
3774277000 -98987.005109787
3781094000 -97875.5101275444
3787912000 -97762.1158852577
3794720000 -96714.7586688995
3801543000 -96579.0389652252
3808362000 -96472.3024139404
3815178000 -95388.3675127029
3821993000 -95314.8819227219
3828809000 -95239.4983267784
3835662000 -94940.0234079361
3842480000 -93860.8720378876
3849290000 -94835.3658046722
3856101000 -93807.9578070641
3862921000 -94729.293296814
3876938000 -93259.3560523987
3883751000 -94236.9447760582
3890562000 -93231.1397709846
3897371000 -93241.9372768402
3904184000 -93232.3388485909
3910993000 -92251.6732378006
3917808000 -93238.2876548767
3924633000 -93167.5377964973
3931460000 -93088.7486639023
3938276000 -91082.038374424
3945091000 -91085.7660675049
3951904000 -90106.0912485123
3958710000 -93173.8139648438
3965522000 -95208.839299202
3972330000 -98272.7736153603
3979150000 -102267.067292213
3985968000 -105277.958462238
3992783000 -108311.600986481
3999600000 -110337.20422554
4006415000 -114379.397428036
4013236000 -118388.930881023
4020053000 -120427.36703968
4026865000 -122500.852863312
4033680000 -126560.148050785
4040484000 -127691.403535366
4054500000 -133456.695879936
4061316000 -137527.173817158
4068133000 -139595.777030468
4074952000 -143656.357338905
4081767000 -146745.815122128
4088578000 -150864.14285183
4095391000 -152974.443912983
4102206000 -157076.722069263
4109022000 -159177.128009796
4115830000 -162330.9803195
4122649000 -165421.496155262
4129469000 -167510.146677971
4136284000 -170633.800276756
4143102000 -172743.297214985
4149912000 -170906.217937469
4156732000 -171011.98173666
4163529000 -170263.290438652
4170350000 -169371.460491657
4177202000 -168293.552532196
4184018000 -167441.006654739
4190832000 -167605.015538216
4197647000 -167767.159109116
4204459000 -166951.991822243
4211272000 -167134.957968235
4218079000 -166359.017654419
4224888000 -166575.069496155
4231700000 -165776.981618404
4238513000 -164977.029680729
4245353000 -164015.721670151
4252167000 -163218.197318554
4258983000 -163412.680174351
4265797000 -163623.703992367
4272615000 -162814.473786831
4279427000 -163046.309515476
4286241000 -162270.154961586
4293060000 -162467.623921394
4299875000 -161693.890057087
4306706000 -161826.371173859
4313525000 -162036.684350491
4320357000 -161171.620061874
4327169000 -160433.388801575
4333988000 -160656.544938087
4340804000 -160902.357588768
4347630000 -161091.19654274
4354454000 -159296.572695732
4361280000 -159493.987439156
4368103000 -159714.059948921
4374906000 -160060.86630249
4381719000 -159350.714039803
4388536000 -158620.349175453
4395352000 -157900.382107735
4402165000 -157203.050844193
4408987000 -160454.917914391
4415808000 -162717.18717289
4422627000 -165995.974802017
4429453000 -169236.220113754
4436273000 -172517.454791069
4443084000 -174858.016074181
4449899000 -177178.384840012
4456713000 -181509.143242836
4463532000 -183813.603611946
4470342000 -186177.366752625
4477162000 -190484.267892838
4483976000 -192832.124517441
4490819000 -196007.012744904
4497633000 -199363.434473038
4504445000 -202736.350723267
4511255000 -205125.757736206
4518077000 -209446.121847153
4524892000 -213813.530010223
4531713000 -216148.564745903
4538529000 -219518.418701172
4545343000 -222904.762159348
4552155000 -227307.591359138
4558977000 -229653.636366844
4565785000 -234089.433281898
4572599000 -236492.870571136
4579409000 -239924.995849609
4586220000 -243355.286563873
4593034000 -244771.53983593
4599855000 -249149.354307175
4606668000 -251580.260009766
4613485000 -254991.035928726
4620303000 -257399.989199638
4627113000 -261862.014882088
4633931000 -264279.520086288
4640750000 -267695.205780029
4647565000 -269139.56064415
4654385000 -272557.706558228
4661198000 -275022.806192398
4668012000 -278486.08255291
4674823000 -279971.916923523
4681638000 -283437.644093513
4688447000 -286944.207557678
4695267000 -290388.015540123
4702084000 -292854.381536484
4708903000 -296312.841324806
4715735000 -299696.396723747
4722543000 -303230.419177055
4729362000 -305701.719415665
4736187000 -309140.764164925
4743002000 -312644.981936455
4749821000 -316129.122624397
4756640000 -319617.54304409
4763448000 -322177.196825981
4770260000 -326716.772273064
4777073000 -328254.533228874
4783889000 -333778.311950684
4790690000 -336397.629430771
4797506000 -339929.950675964
4804362000 -343223.230679512
4811172000 -345800.622759819
4817982000 -351382.28328228
4824802000 -353907.401770592
4831621000 -356442.881667137
4838435000 -359013.040253639
4845255000 -363550.997308731
4852076000 -365087.156815529
4858895000 -367639.754383087
4865710000 -368220.940807343
4872536000 -367739.558749199
4879353000 -366317.149446487
4886167000 -366917.243561745
4893026000 -365248.246492386
4899842000 -364844.767464638
4906657000 -364451.637916565
4913473000 -365056.710194588
4927482000 -364990.684253693
4934291000 -364651.317726135
4941110000 -365255.514961243
4947920000 -365918.619362831
4954735000 -364555.646764755
4961555000 -366166.606574059
4968372000 -365800.050870895
4975191000 -365425.6379776
4989205000 -366408.860664368
4996016000 -367096.045255661
5002834000 -367745.046914101
5009641000 -367465.031423569
5016455000 -367146.836761475
5023280000 -366766.224978447
5030098000 -367432.335522652
5036914000 -367114.847592354
5043729000 -371807.696525574
5050540000 -372529.061250687
5057358000 -373212.278170586
5064167000 -373954.304706573
5070976000 -373700.598432541
5077777000 -373499.621449471
5084616000 -373072.730480194
5091436000 -374765.2179842
5098250000 -375498.321748734
5105062000 -374247.809473991
5111880000 -374965.240400314
5118699000 -374680.895806313
5125518000 -374400.830944061
5132338000 -376118.993071556
5139145000 -374920.113675117
5145957000 -375695.241518021
5159973000 -376886.625350952
5166794000 -376620.365680695
5173617000 -376346.290369034
5180425000 -377167.224534988
5187270000 -376768.660204887
5194088000 -377537.678839684
5200902000 -377335.1616745
5207718000 -378124.826358795
5214531000 -376936.902540207
5221344000 -377753.250925064
5228160000 -378555.739746094
5234971000 -377392.721009254
5241787000 -378203.758627892
5248622000 -377904.273459435
5255434000 -377748.040576935
5262253000 -378553.793151855
5269066000 -376400.066401482
5275879000 -377250.6118536
5282688000 -377129.585121155
5289501000 -377988.672472954
5296312000 -377864.107325554
5303114000 -377798.14508152
5309954000 -376507.058223724
5316777000 -377322.885505676
5323592000 -376191.278646469
5330389000 -375172.567718506
5337207000 -375031.39733696
5344011000 -373978.97105217
5350826000 -374864.446732521
5357639000 -373766.261136055
5364447000 -373702.50463295
5371266000 -373576.675802231
5378091000 -373418.945965767
5384903000 -373343.88683033
5391715000 -372273.09864521
5398527000 -373206.581408501
5405345000 -374108.169435501
5412166000 -373995.954979897
5418979000 -374936.23363781
5425785000 -373922.964626312
5432600000 -374859.733090401
5439419000 -373776.678354263
5446231000 -374740.070303917
5453048000 -373677.617084503
5459861000 -373643.531472206
5466679000 -373583.608217239
5473489000 -372576.13417244
5480303000 -372548.845709801
5487114000 -370543.890968323
5493932000 -371501.069696426
5500747000 -371480.583400726
5507577000 -370374.098736763
5514389000 -370380.224006653
5521207000 -370354.518523216
5528022000 -370351.140485764
5534838000 -370346.021463394
5541657000 -368327.13320446
5548467000 -369366.654644012
5555279000 -367398.416895866
5562099000 -367386.344603539
5568916000 -367396.590973854
5575728000 -366441.174226761
5582542000 -366478.005817413
5589354000 -365531.132222176
5596173000 -365546.459222794
5602987000 -364596.113068581
5609796000 -364680.084353447
5616616000 -364702.232965469
5623427000 -364782.730437279
5630240000 -363855.483775139
5637057000 -362908.484166145
5643863000 -364031.824043274
5650673000 -363135.407213211
5657488000 -363213.23678875
5664298000 -362325.359974861
5671114000 -361405.732686043
5677934000 -361466.371263504
5684755000 -361525.288928986
5691589000 -361510.472343445
5698404000 -361613.966500282
5705219000 -360721.735369682
5712041000 -360791.783247948
5718854000 -360920.103450775
5725665000 -360064.692119598
5732480000 -360189.560463905
5739311000 -360222.753495216
5746115000 -359422.140043259
5752921000 -360613.796266556
5759732000 -360779.740936279
5766553000 -361890.011611938
5773371000 -361022.545752525
5780186000 -360177.337709427
5.787e+09 -359342.396867752
5793817000 -360493.753903389
5800634000 -360649.388162613
5807448000 -359827.271454811
5814276000 -359925.568530083
5821088000 -360123.986217499
5827909000 -359272.776357651
5834711000 -359539.622535706
5841535000 -359679.002830505
5848351000 -359870.563851357
5855163000 -360090.345690727
5861977000 -359302.427308083
5868793000 -359506.812466621
5875609000 -358715.473590851
5882441000 -358832.671433449
5889261000 -358025.962229729
5896070000 -358289.340934753
5902887000 -358509.132260323
5909700000 -359757.125581741
5916515000 -356997.429974556
5923332000 -353230.049200058
5930150000 -350460.966338158
5936966000 -344708.119318962
5943812000 -340780.206613541
5950633000 -337006.043217659
5957445000 -333289.953250885
5964252000 -329608.015094757
5971060000 -324924.366075516
5977865000 -321262.907749176
5984677000 -316563.891548157
5991498000 -312815.383311272
5998334000 -309981.561774254
6005147000 -307289.406703949
6011963000 -302583.608493805
6018778000 -298888.057404518
6025594000 -295190.810501099
6032409000 -291503.809462547
6039229000 -286791.236778259
6046035000 -284166.506103516
6052845000 -280522.166784286
6059655000 -277882.095906258
6066477000 -273174.692299843
6073293000 -270507.369008064
6080107000 -266856.252700806
6086916000 -263239.234262466
6093728000 -259608.590247154
6100544000 -255958.362667084
6107362000 -252300.485052109
6114173000 -249688.622527122
6120987000 -250063.144458771
6127804000 -249424.056489944
6134603000 -249896.534607887
6141413000 -250307.708852768
6148227000 -249699.314579964
6155035000 -250130.945441246
6161858000 -249477.472454071
6168675000 -249864.028364182
6175488000 -249278.688416481
6182302000 -249691.664567947
6189113000 -249126.780607224
6195937000 -249488.753307343
6202749000 -247926.462665558
6209566000 -248338.675002098
6216380000 -247773.023461342
6223192000 -248223.550056458
6230007000 -248660.492464066
6244023000 -249250.331510544
6250844000 -248664.641404152
6257667000 -247071.335206985
6264483000 -242523.953536034
6271295000 -240004.639479637
6278104000 -237507.438230515
6284923000 -233955.037585258
6291716000 -229561.513491631
6298524000 -228083.0554533
6305335000 -224591.029011726
6312150000 -222079.495656967
6318965000 -219572.237015724
6325798000 -215962.280944824
6332607000 -211499.23663044
6339417000 -209034.517863274
6346227000 -205574.067537308
6353042000 -202088.183710098
6359855000 -198618.454117775
6366673000 -196123.301059723
6373484000 -193673.996023178
6380300000 -194199.271284103
6387145000 -193556.64223671
6393964000 -195072.677759171
6400781000 -194604.864999771
6407595000 -196159.135564804
6414404000 -195747.353289604
6421220000 -196298.299407005
6428039000 -196835.72103405
6434861000 -196359.623818398
6441687000 -196864.081183434
6448512000 -197378.758672714
6455320000 -196998.549983978
6462125000 -196640.398275375
6468939000 -196233.141249657
6475752000 -196836.086774826
6482561000 -197467.018372536
6489374000 -198078.505796432
6496180000 -197735.755919456
6503013000 -198237.251642227
6509836000 -199802.304253578
6516656000 -201389.417607307
6523482000 -200945.263738632
6530304000 -201529.094685555
6537121000 -201146.826358795
6543922000 -201863.600358009
6550734000 -203519.487397194
6557549000 -203161.880689621
6564366000 -203796.706818581
6571186000 -204418.049235344
6578003000 -205061.431689262
6584835000 -204620.305541039
6591647000 -206301.84398365
6598470000 -204922.557579994
6605287000 -203583.058959007
6612123000 -205135.423232079
6618939000 -205810.406889915
6625753000 -206501.497092247
6632562000 -207226.434056282
6639376000 -206926.068037033
6646188000 -204641.802289963
6653001000 -202355.894712448
6659805000 -198127.468719482
6666644000 -194696.400237083
6673463000 -191387.854547501
6680278000 -189107.22966671
6687096000 -184813.150571823
6693916000 -182511.531924248
6700740000 -180190.560718536
6707557000 -176915.229831696
6714382000 -174596.919118881
6721199000 -169330.147694588
6728019000 -167049.935865402
6734830000 -163827.152256966
6741636000 -160638.161455154
6748442000 -157453.434082031
6755257000 -153219.839817047
6762078000 -150955.10381794
6768894000 -148724.160627365
6775712000 -145485.690431595
6782520000 -142310.507300377
6789333000 -140110.088942528
6796143000 -137931.641604424
6802962000 -133704.371903419
6809776000 -132510.873687744
6816599000 -128268.569419861
6823408000 -126113.109242439
6830222000 -122932.433907509
6837027000 -118809.094609261
6843841000 -115636.96054554
6850659000 -112445.521587372
6857476000 -109264.255065918
6864296000 -106069.5857687
6871121000 -102849.733933449
6877934000 -99704.874288559
6884750000 -95546.6124954224
6891569000 -91374.9542016983
6898379000 -88260.5873975754
6905192000 -83132.8203287125
6912005000 -81009.325463295
6918815000 -76907.7677459717
6925633000 -74763.3769683838
6932449000 -70635.0387878418
6939260000 -67540.4087381363
6946080000 -64397.0761318207
6952887000 -61334.531829834
6959704000 -58217.4066915512
6966508000 -55181.0497941971
6973321000 -53096.0041322708
6980134000 -51015.2306756973
6986940000 -48979.9037322998
6993756000 -48890.0260410309
7000565000 -49845.5898485184
7007369000 -49834.8216638565
7014182000 -48775.3985643387
7021022000 -50561.5171279907
7027833000 -50522.4119291306
7034642000 -51499.3317327499
7041460000 -51427.6254825592
7048278000 -52360.1977071762
7055090000 -52332.3030414581
7061905000 -54291.0538892746
7068721000 -55248.2049322128
7075543000 -56174.3886022568
7082357000 -57151.8418664932
7089169000 -57145.3138599396
7095984000 -59125.4407777786
7102797000 -59121.5851697922
7109612000 -61110.2602577209
7116421000 -61138.4308185577
7123231000 -62164.9990682602
7130051000 -63137.147028923
7136870000 -63119.4442205429
7143682000 -63147.0944681168
7150495000 -64173.1486749649
7157304000 -65226.9405422211
7164112000 -65290.8653335571
7170933000 -65282.8096256256
7177770000 -66185.2044582367
7184585000 -68220.9063978195
7191391000 -68313.6520881653
7198201000 -69387.2108068466
7205015000 -69441.5900745392
7211829000 -70500.2428007126
7218639000 -71586.6118593216
7225448000 -72683.1094532013
7232266000 -72731.1390476227
7239080000 -72806.8824682236
7245898000 -73863.4665060043
7252711000 -74953.6169347763
7259522000 -76059.7534780502
7266334000 -78164.3033885956
7273147000 -77267.2685461044
7279957000 -80392.0711336136
7286780000 -80445.0343379974
7293591000 -80572.528137207
7300410000 -82657.466085434
7307226000 -82764.2414617538
7314036000 -83910.4044351578
7320848000 -85049.1332273483
7327669000 -87139.4768095016
7334478000 -89304.303314209
7341292000 -89444.1498565674
7348105000 -89594.1186590195
7354922000 -90724.9669628143
7361732000 -92901.0253267288
7368552000 -93022.8829174042
7375412000 -93915.1698322296
7382237000 -96016.3861970901
7389052000 -96180.3401660919
7395890000 -98214.1475086212
7402710000 -99357.4464426041
7409533000 -100487.49691391
7416349000 -102662.729790688
7423170000 -102813.029162407
7429952000 -104195.420230865
7436784000 -106290.012547493
7443612000 -107412.260977745
7450439000 -108544.639828682
7457267000 -108675.469703674
7464041000 -106125.849624634
7470819000 -103557.102944374
7477658000 -101636.534894943
7484457000 -97953.7217750549
7491279000 -96140.9439096451
7498100000 -93338.2845411301
7504919000 -90551.5761547089
7511733000 -88798.3162136078
7518551000 -87025.9972677231
7525369000 -83257.9567975998
7532193000 -80459.2036466599
7539001000 -78758.0362205505
7545809000 -76061.1347293854
7552631000 -74286.8794670105
7559448000 -72546.0544548035
7566322000 -69477.2695674896
7573148000 -67692.5819482803
7579981000 -63871.3906211853
7586797000 -62153.5527791977
7593610000 -59457.4695253372
7600423000 -58765.6584739685
7607244000 -55031.5200080872
7614066000 -53295.8394603729
7620884000 -50587.7371969223
7627702000 -48883.9134092331
7634515000 -45213.4803066254
7641299000 -42716.1520786285
7648071000 -41292.9140863419
7654882000 -38646.8948345184
7661703000 -34946.9458780289
7668524000 -31251.2791643143
7675354000 -29507.5265398026
7682185000 -26762.2494125366
7688966000 -24312.1384935379
7695724000 -22000.0463056564
7702519000 -19476.9587926865
7709342000 -18795.2853660583
7716170000 -16088.8220586777
7723003000 -13357.5783004761
7729828000 -11677.1412162781
7736659000 -8966.11315345764
7743486000 -6282.62954616547
7750317000 -4580.1885843277
7757142000 -916.909359931946
7763965000 2730.46154308319
7770715000 4949.42478847504
7777487000 7291.99872112274
7784314000 9949.82784938812
7791140000 11597.559173584
7797974000 14287.4611558914
7804793000 17885.9630231857
7811615000 20497.6035842896
7818446000 22157.2102680206
7825265000 23742.8635263443
7832096000 27393.8881387711
7838911000 29947.7598848343
7845681000 32236.2217292786
7852425000 34369.6031332016
7859228000 37841.102396965
7866021000 40250.3306522369
7872804000 42597.3066558838
7879583000 41916.8484525681
7886353000 40179.9672193527
7893160000 39653.4171476364
7899956000 39058.8242788315
7906734000 37355.6275501251
7913519000 37688.7797393799
7920293000 36953.937245369
7927091000 34353.9636659622
7933880000 33697.5826797485
7940651000 31932.6627779007
7947443000 35285.1896467209
7954244000 36685.6077394485
7960994000 38786.3567447662
7967772000 42045.0817623138
7974542000 43253.2491941452
7981327000 44544.0560121536
7988119000 47871.1549472809
7994917000 50228.7435998917
8001715000 52582.0788402557
8008525000 55000.6168937683
8015330000 56385.9495458603
8022131000 57743.8729600906
8028926000 61062.8223657608
8035726000 62406.4496860504
8042496000 64572.2743873596
8049287000 66855.3502588272
8056052000 68983.8067655563
8062829000 71177.4473018646
8069632000 72517.2029371262
8076410000 75708.1546773911
8083192000 77918.0025806427
8089971000 80106.2755041122
8096761000 81353.8976316452
8103552000 84603.0556230545
8110305000 86628.3803100586
8117078000 87765.0682668686
8123860000 89949.5306692123
8130681000 92355.0539503098
8137466000 93548.3536310196
8144278000 95893.3553199768
8151045000 96974.2156219482
8157872000 99397.3177223206
8164686000 101741.072663307
8171507000 103120.965270042
8178323000 103467.713685036
8185139000 105810.186133385
8191955000 108148.382615089
8198771000 109482.30313015
8205587000 111811.947677612
8212369000 113941.161593437
8219139000 115996.918501854
8225958000 117331.089353561
8232780000 118678.282608986
8239540000 121663.653693199
8246296000 123621.754249573
8253050000 125564.122765541
8259803000 125496.527860641
8266623000 128810.941490173
8273447000 129144.128674507
8280269000 131461.503833771
8287094000 132791.882632256
8293918000 134112.212412834
8300724000 136324.555962563
8307480000 138244.611073494
8314285000 140442.699210167
8321103000 141711.39540863
8327923000 143987.33037281
8334706000 145045.938539505
8341472000 147002.436700821
8348234000 147931.694395065
8355059000 149219.379558563
8361896000 151571.843390465
8368722000 152856.701348305
8375549000 155143.025019646
8382368000 156379.030036926
8389201000 158691.297063828
8396033000 160993.514416695
8402862000 162274.180533409
8409725000 163746.091533661
8416552000 166006.650766373
8423371000 168216.921535492
8430171000 170313.677599907
8436925000 173141.742780685
8443727000 174241.51172924
8450590000 176687.609599113
8457388000 178755.836700439
8464186000 179819.810389519
8470960000 181741.639753342
8477728000 183624.776688576
8484483000 185429.02293396
8491270000 187412.864218712
8498077000 188507.325064659
8504855000 192430.993518829
8511649000 193442.300935745
8518453000 195506.770795822
8525263000 197601.422478676
8532078000 199720.504875183
8538890000 200818.094947815
8545685000 203813.85825634
8552475000 205776.68214035
8559268000 207752.474602699
8566072000 207787.123631477
8572879000 210834.71996212
8579640000 212614.220873833
8586447000 214653.316659927
8593242000 216619.337358475
8600048000 218644.177724838
8606854000 220664.75466156
8613664000 222703.997454643
8620477000 224756.166891098
8627298000 225849.912657738
8634107000 227870.610910416
8640916000 228887.041975021
8647716000 231847.643169403
8654491000 232660.774385452
8661298000 235652.97495842
8668094000 236577.910425186
8674907000 238595.948637009
8681714000 239575.358295441
8688517000 242527.601545334
8695334000 243555.732397079
8702138000 246505.17171669
8708938000 247427.4559021
8715763000 250488.557308197
8722577000 252482.426185608
8729379000 254403.361558914
8736186000 256348.643737793
8743016000 258421.230825424
8749835000 261426.606693268
8756669000 264513.49023056
8763486000 265498.860160828
8770298000 268451.363344193
8777119000 270451.051076889
8783933000 272406.440019608
8790753000 274391.851638794
8797562000 276310.112926483
8804376000 279252.680870056
8811192000 281202.403636932
8817973000 282947.877401352
8824793000 285911.921749115
8831606000 287831.699277878
8838428000 289798.609312057
8845245000 292732.680818558
8851995000 294279.879480362
8858786000 297056.9848423
8865574000 298812.718137741
8872349000 301489.999876022
8879149000 303305.754119873
8885973000 305254.226669312
8892785000 307129.933645248
8899592000 308972.839643478
8906400000 312817.186342239
8913225000 314754.247865677
8920032000 317584.347915649
8926850000 319472.9217453
8933664000 321334.405622482
8940483000 323220.127250671
8947348000 325363.843267441
8954132000 328041.442148209
8960925000 329766.108358383
8967745000 330640.42020607
8974532000 331322.380578995
8981308000 331937.417978287
8988124000 332776.143772125
8994968000 333770.115972519
9001789000 335628.755262375
9008608000 335471.720369339
9015408000 336202.19420433
9022206000 336917.022686005
9029013000 337678.844594955
9035830000 339493.336481094
9042643000 339280.779792786
9049464000 340109.488586426
9056274000 341871.307720184
9070308000 342737.929445267
9077123000 342515.132089615
9083943000 342316.505207062
9090764000 343119.285747528
9097579000 343883.657356262
9104388000 343609.631320953
9111205000 345376.830324173
9118013000 346088.578998566
9124785000 345591.391788483
9131583000 346237.784631729
9145519000 347450.161067963
9152326000 347134.725631714
9159158000 347957.078401566
9165994000 348797.86104393
9172833000 350651.385158539
9179672000 352500.604398727
9186512000 351351.198364258
9193356000 353220.202062607
9200196000 353062.181243896
9207030000 354865.788047791
9213873000 354716.189975739
9227926000 355487.083358765
9234771000 357335.674718857
9241689000 358594.193721771
9248526000 359388.72312355
9255362000 359173.276910782
9262201000 360970.547491074
9269009000 362587.68113327
9275794000 363070.107141495
9282626000 363814.821357727
9289446000 364487.198043823
9296266000 364155.293741226
9303084000 364807.770717621
9309908000 365489.978654861
9316729000 367150.897748947
9323553000 368824.535551071
9330386000 370544.884538651
9337217000 372249.60474968
9344033000 373865.053686142
9350853000 375498.884540558
9357665000 377083.123661041
9364482000 379691.407915115
9371303000 381318.065301895
9378119000 381912.130641937
9384939000 384524.565349579
9391763000 387155.361890793
9398571000 387691.3111763
9405395000 390313.545747757
9412213000 390897.541370392
9419026000 393448.967540741
9425847000 395041.382053375
9432662000 395595.572681427
9439481000 397168.11384964
9446296000 398713.752544403
9453119000 400300.356992722
9459941000 400877.022256851
9466767000 403472.019235611
9473598000 405090.993555069
9480427000 406694.36797905
9487243000 408219.975191116
9494061000 409752.609016418
9500882000 408297.916351318
9507706000 406855.891546249
9514550000 404522.568832397
9521376000 403083.256998062
9528205000 401656.601081848
9535029000 398197.415279388
9541868000 396818.646821976
9548692000 395350.879575729
9555515000 393873.180688858
9562340000 391402.487056732
9569166000 389933.150535583
9575984000 388414.375497818
9582801000 385885.678857803
9589605000 383279.352558136
9596429000 381781.602712631
9603261000 379324.696775436
9610069000 377728.120094299
9616860000 377031.397703171
9623690000 375550.365724564
9630522000 372076.317655563
9637352000 370586.697315216
9644175000 368053.321115494
9650999000 365521.297006607
9657846000 364114.619861603
9664663000 361534.560173035
9671453000 359798.079301834
9678249000 357091.161048889
9692274000 355103.689552307
9699079000 351434.439512253
9705895000 350822.87702179
9712718000 348246.456720352
9719554000 345738.948635101
9726387000 344210.249734879
9733201000 342570.297216415
9740020000 340954.21449852
9746871000 337513.94878006
9753699000 335939.933055878
9760523000 333339.1192379
9767346000 332728.393274307
9774172000 331130.259078979
9780993000 328499.711959839
9787800000 327786.14304924
9794589000 324967.08413887
9801334000 322896.37078476
9808080000 320827.092470169
9814855000 319916.656763077
9821672000 319238.084199905
9828474000 316470.926763535
9835280000 315721.990447998
9842099000 314041.84104538
9848911000 315318.081506729
9855731000 317634.995037079
9862549000 317936.392831802
9869357000 319177.344675064
9876182000 322509.504631042
9882993000 322758.76043129
9889808000 324026.205999374
9896642000 326396.047365189
9903461000 327677.386026382
9910219000 329612.052930832
9917031000 331845.583896637
9923844000 333080.455644608
9930643000 335232.499702454
9937430000 337312.963312149
9944227000 338445.285837173
9951046000 340696.759263992
9957875000 341000.038972855
9964692000 344231.730714798
9971510000 345464.752580643
9978295000 346508.474220276
9985106000 347693.717184067
9991936000 348981.194314957
9998756000 351208.329523087
10005575000 352425.579532623
10012384000 353582.513978958
10019210000 353830.431489944
10026021000 355990.025562286
10032847000 356229.375452042
10039665000 356419.628240585
10046498000 356689.609220505
10053307000 358820.897293091
10060129000 359020.707645416
10066950000 359210.635936737
10073733000 359183.560445786
10080551000 358348.156179428
10087368000 361502.876756668
10094174000 360591.763504028
10100994000 359754.722824097
10107813000 359907.80635643
10114619000 358983.885902405
10121368000 360736.869665146
10135240000 360321.777893066
10141986000 361045.17742157
10148782000 361043.93995285
10155604000 361183.802049637
10162414000 361252.303356171
10169232000 361361.249403
10176053000 361482.682531357
10182880000 361633.360769272
10189692000 360695.940271378
10196514000 361810.115194321
10203339000 361936.764642715
10210162000 361047.956062317
10216982000 362138.108472824
10223810000 363268.652893066
10230629000 364344.654811859
10237456000 364461.039945602
10244277000 366539.641859055
10251105000 367653.032819748
10257936000 368778.87569046
10264771000 367922.745168686
10271595000 369000.937829971
10278420000 368080.423578262
10285248000 369172.357469559
10292067000 370209.799753189
10298889000 370259.693946838
10305691000 371193.77290535
10312515000 371246.264579773
10319318000 372177.388261795
10326135000 372182.29816246
10332977000 372322.282783508
10339778000 372229.4473629
10346603000 372266.102535248
10353423000 373270.609470367
10360245000 374281.978549957
10367075000 373333.631641388
10373896000 373330.858392715
10380717000 373323.802900314
10387539000 373318.034221649
10394320000 373079.676477432
10401145000 373082.069952011
10407969000 374074.608985901
10414798000 373090.694738388
10421616000 370041.263105392
10428410000 366853.985998154
10435152000 363373.097652435
10441946000 359177.356246948
10448789000 356249.973976135
10455611000 352201.463241577
10462438000 349176.479816437
10469263000 346136.083545685
10476081000 342052.473674774
10482909000 339020.188098907
10489732000 335955.813245773
10503758000 330926.39184761
10510580000 327843.36636734
10517398000 325733.828979492
10524214000 322608.900165558
10531032000 318490.807079315
10537841000 316318.438533783
10544711000 313480.632863998
10551528000 311344.123405457
10558351000 309236.656721115
10565188000 308202.643146515
10572012000 306092.150239944
10578838000 303988.474220276
10585666000 301891.611312866
10592488000 300757.156225204
10599317000 298657.26458168
10606148000 296564.178510666
10612976000 294450.152715683
10619801000 294315.192853928
10626630000 291198.133918762
10633458000 290071.236274719
10640288000 287951.139173508
10647123000 285854.474338531
10653947000 283692.519790649
10660777000 282559.542667389
10667626000 280527.594244003
10674459000 279402.646017075
10681296000 277295.568534851
10688135000 274195.271476746
10694972000 272079.588026047
10701803000 270926.361442566
10708638000 268790.998054504
10715468000 267623.640468597
10722278000 266341.22444725
10729113000 265192.980415344
10735937000 262979.529682159
10742773000 260828.229249954
10749611000 259683.699180603
10756434000 257451.838985443
10763266000 255265.504291534
10770098000 254074.873537064
10776946000 251968.478141785
10783778000 250769.245191574
10790612000 249576.780090332
10797455000 247429.798343658
10804270000 247123.647159576
10811104000 244918.292604446
10817942000 243730.757230759
10824784000 242561.033485413
10831622000 240364.888364792
10838465000 238192.077386856
10845284000 237882.31035614
10852116000 235640.105434418
10858915000 233211.257417679
10865754000 231999.156396866
10872578000 229699.884338379
10879411000 227446.040319443
10886236000 226143.71374321
10893059000 222826.054847717
10899888000 221537.242588043
10906712000 218216.531686783
10913534000 215880.493492126
10920362000 213573.291879654
10927188000 211250.760463715
10934013000 209918.421766281
10940840000 207592.832061768
10947660000 204224.330068588
10954491000 201912.232694626
10961309000 198524.129335403
10968131000 197153.809968948
10974957000 195801.267057419
10981793000 193499.57922554
10988636000 190232.186407089
10995465000 186883.300268173
11002292000 185519.096893311
11009112000 183112.020824432
11015929000 179684.130115509
11022742000 177229.9198246
11029566000 172832.046922684
11036387000 170413.360006332
11043211000 166006.916969299
11050041000 162629.236391068
11056871000 157247.262260437
11063701000 155860.994581223
11070524000 153431.890005112
11077346000 151992.995109558
11084171000 151566.331525803
11090986000 150080.337585449
11097821000 148700.142560959
11104658000 147326.65379715
11111481000 145871.828762054
11118307000 144429.22436142
11125137000 143004.336099625
11131970000 141591.655902863
11138797000 141141.678930283
11145624000 140687.41217804
11152447000 139206.861036301
11159282000 137788.001430511
11166106000 136304.370641708
11172885000 135569.099218369
11179659000 132802.117385864
11186472000 132245.237508774
11193244000 129458.79470253
11199975000 129442.865634918
11206784000 126851.271669388
11213517000 125837.940374374
11220267000 123913.807607651
11227030000 123056.8745327
11241004000 118790.133249283
11247767000 116920.292129517
11254580000 115320.704013824
11261404000 112777.218564987
11268225000 110212.98311615
11275043000 108628.003318787
11281861000 107038.745046616
11288677000 104434.236066818
11295486000 102787.052715302
11302311000 101223.359930038
11309129000 98616.9902610779
11315956000 96055.6945495605
11322771000 93424.3133506775
11329594000 91832.5162277222
11336401000 88148.7268180847
11343231000 86586.7378883362
11350040000 84905.3656387329
11356862000 82290.9641036987
11370871000 79048.9870185852
11377694000 76426.9837284088
11384532000 74882.8550701141
11391368000 73323.4694709778
11398183000 69644.7860584259
11404990000 67918.0246677399
11411793000 65165.0994663239
11418623000 62555.7167778015
11425455000 59952.9875926971
11432269000 57247.4501914978
11439091000 53581.4174995422
11445920000 50949.4027996063
11452706000 48077.842168808
11459504000 47267.687828064
11466325000 43579.0846576691
11473147000 40891.6683769226
11479961000 39156.2205371857
11486780000 36443.8386440277
11493622000 33852.9238147736
11500452000 31192.1008739471
11507284000 29537.9163703918
11514109000 26841.1782455444
11520935000 23145.6175899506
11527768000 21484.0171737671
11534603000 18829.0463905334
11541439000 16175.2386188507
11548267000 13473.4319820404
11555135000 9985.79795455933
11561972000 6324.53275108337
11568807000 3648.04452896118
11575643000 972.716171264648
11582465000 -783.340309143066
11589283000 -3565.51407241821
11596094000 -7390.17104721069
11602919000 -10142.6970272064
11609759000 -13817.6618423462
11616587000 -16562.4039783478
11623427000 -19245.9735012054
11630251000 -23021.1239547729
11637075000 -26800.5604171753
11643903000 -29562.4692153931
11657940000 -35021.8927898407
11664765000 -37813.2686309814
11671592000 -39598.0299949646
11678418000 -43392.5313835144
11685246000 -46180.4220657349
11692078000 -49950.8078403473
11698902000 -53769.0765361786
11712932000 -60337.6861438751
11719756000 -63169.0527954102
11726583000 -65988.3680286407
11733404000 -68844.6441287994
11740240000 -72623.5341777802
11747060000 -75493.8281040192
11753874000 -77401.0628013611
11760699000 -79252.7015895844
11767507000 -83201.1423530579
11774333000 -85055.9035797119
11781163000 -87893.1901874542
11787988000 -88761.9711284637
11794805000 -92678.5555782318
11801636000 -95523.2726173401
11808470000 -98355.9696483612
11815293000 -100252.779342651
11822130000 -103077.755569458
11828927000 -105124.489660263
11835744000 -107066.760654449
11842558000 -110029.614273071
11849388000 -111909.789234161
11856212000 -113826.86101532
11863030000 -115780.818309784
11869847000 -119744.486701965
11876667000 -121696.136331558
11883492000 -123624.910106659
11890311000 -126590.555587769
11897126000 -128582.201250076
11903930000 -131637.845966339
11910749000 -133616.318717957
11917569000 -131593.642969131
11924390000 -132569.820604324
11931213000 -131539.426530838
11938035000 -130518.743558884
11944857000 -131502.344085693
11951672000 -129528.203754425
11958486000 -128563.762598038
11965304000 -128581.899551392
11972110000 -127669.393503189
11978911000 -128788.263811111
11985726000 -127835.483867645
11992544000 -126870.714645386
11999367000 -125883.120384216
12006186000 -125921.491178513
12013006000 -125958.722255707
12019808000 -124097.773082733
12026632000 -124121.882062912
12040646000 -122200.365390778
12047463000 -122275.476205826
12054284000 -122333.201648712
12061107000 -121384.379295349
12067929000 -121445.256090164
12074750000 -122515.830144882
12081567000 -121612.338989258
12088387000 -121696.887527466
12095211000 -121764.06952858
12102027000 -121878.82756424
12108844000 -120992.450941086
12115675000 -121034.611566544
12122493000 -121151.388801575
12129312000 -121267.035770416
12136138000 -121349.105670929
12142960000 -121457.09403801
12149782000 -120569.365903854
12156602000 -119696.733726501
12163422000 -119828.382535934
12170246000 -119942.692434311
12177061000 -120109.927467346
12183890000 -119205.785139084
12190713000 -119338.353645325
12197541000 -118448.19459343
12211563000 -116703.914533615
12218378000 -115897.065673828
12225183000 -116148.49070549
12231998000 -115350.184997559
12238816000 -114539.958011627
12245643000 -113685.427181244
12252457000 -112905.352428436
12259286000 -112048.599430084
12266105000 -111250.100236893
12272923000 -109461.276302338
12279748000 -109638.966567993
12286564000 -108869.492513657
12293381000 -108098.900789261
12300203000 -107305.621213913
12314278000 -106408.073553085
12321105000 -105600.959648132
12327929000 -103814.306905746
12334784000 -103864.855377197
12341601000 -103124.518547058
12348434000 -103302.241737366
12355257000 -102538.141708374
12362079000 -102783.713750839
12368912000 -101974.315702438
12375734000 -102228.461650848
12382555000 -101492.276529312
12389379000 -100744.219232559
12396211000 -100957.374528885
12403036000 -100212.510726929
12409854000 -100509.614639282
12416733000 -99482.6772861481
12423554000 -98772.2314491272
12430399000 -99936.9231014252
12437226000 -99202.7744064331
12444052000 -98478.2952613831
12450878000 -97758.104637146
12457698000 -98074.4736442566
12464527000 -98346.7226314545
12471351000 -97650.1502151489
12478173000 -97968.6170768738
12484996000 -97285.9914302826
12491844000 -97473.2661361694
12498658000 -97847.5984230042
12505483000 -97167.088848114
12512304000 -97512.3605041504
12519126000 -97856.5415401459
12525949000 -97199.6338367462
12532816000 -97310.6602325439
12539632000 -96699.9465026855
12546463000 -97012.9535140991
12553290000 -97351.7342090607
12560122000 -97667.959230423
12566955000 -96983.1118526459
12573776000 -96366.9757995605
12580616000 -97653.1450901031
12587436000 -97050.9520263672
12594267000 -96394.0145187378
12601100000 -96730.6411800385
12607935000 -98060.8357830048
12614761000 -96443.6067790985
12621592000 -95803.8491306305
12628402000 -95281.005197525
12635232000 -94655.1861381531
12642061000 -94039.0221786499
12648890000 -94427.1505126953
12655713000 -92851.7328929901
12662533000 -93296.679019928
12669353000 -93745.9061355591
12676180000 -93161.905374527
12683017000 -93528.6165943146
12689845000 -92947.8445243835
12696666000 -93408.8591499329
12703490000 -93858.0883331299
12710316000 -93300.8929920197
12717193000 -92474.899728775
12724024000 -92899.5434494019
12730856000 -92323.1286010742
12737686000 -92761.7153129578
12744546000 -93044.0320453644
12751385000 -92443.0613327026
12758199000 -91980.1669559479
12765016000 -92505.4953384399
12771843000 -91981.6048984528
12778666000 -90483.4001426697
12785489000 -90989.480140686
12792321000 -90451.7154178619
12799152000 -89923.5938491821
12805987000 -90378.3812427521
12812831000 -88789.3559894562
12819663000 -89268.7843322754
12826486000 -88800.6099033356
12833318000 -89288.6247177124
12840147000 -88796.9655475616
12846973000 -88325.6267337799
12853799000 -91858.5764465332
12860629000 -95374.4489517212
12867460000 -99889.2742042542
12874293000 -102397.713912964
12881129000 -105894.432313919
12887952000 -109464.857723236
12894790000 -112959.493560791
12901620000 -115501.134283066
12908443000 -119084.427772522
12915277000 -122613.305585861
12922102000 -126194.50394249
12928927000 -128779.989566803
12935741000 -132428.442157745
12942573000 -135985.158172607
12949398000 -138583.503084183
12956227000 -143164.804725647
12963065000 -146702.41062355
12969902000 -149249.651510239
12976741000 -151790.533262253
12983583000 -161319.729539871
12990403000 -164970.483175278
12997258000 -168439.007757187
13004083000 -172071.704195023
13010911000 -175692.705095291
13017733000 -178349.958864212
13024561000 -181979.538066864
13031391000 -184602.756877899
13038212000 -187278.195020676
1.3045e+10 -187133.622619629
13051816000 -185844.223703384
13058637000 -185532.484716415
13065449000 -183272.931192398
13072265000 -180996.360803604
13079051000 -180883.706197739
13085876000 -180567.782615662
13092702000 -179250.826227188
13099517000 -179996.672250748
13106332000 -178746.792987823
13113152000 -179474.597482681
13119977000 -180180.095157623
13126783000 -179990.901853561
13133579000 -180859.135068893
13140406000 -179566.833026886
13147234000 -180273.505712509
13154071000 -178936.639616013
13160898000 -179657.213827133
13167717000 -179424.583152771
13174537000 -179190.919670105
13181371000 -178887.170413971
13188181000 -177715.190532684
13195015000 -177420.023340225
13201847000 -179139.774782181
13208675000 -178885.059879303
13215503000 -178634.636013031
13222340000 -178340.729917526
13229168000 -179098.893781662
13235997000 -178856.041797638
13242821000 -178644.013381958
13249640000 -178462.799114227
13256462000 -178269.949575424
13263325000 -177863.904369354
13270150000 -178663.736354828
13276982000 -178430.733825684
13283814000 -178202.027359009
13290638000 -179020.031791687
13297458000 -177863.527137756
13304261000 -177801.413660049
13311020000 -177976.758806229
13317822000 -176928.436475754
13324647000 -176762.501890182
13331458000 -177675.027917862
13338312000 -177364.032510757
13345133000 -177232.156497955
13351937000 -177194.598321915
13358735000 -176193.074586868
13365563000 -176036.955482483
13372363000 -176033.368677139
13379124000 -176240.492404938
13385878000 -175488.874984741
13392654000 -177625.021852493
13399482000 -182490.219041824
13406270000 -186571.355648041
13413097000 -189450.400354385
13419917000 -194370.76452446
13426736000 -199300.699010849
13433484000 -201610.411167145
13440276000 -201691.638721466
13447099000 -201613.201080322
13453918000 -201560.195497513
13460742000 -201485.038654327
13467558000 -200456.452383041
13474373000 -199437.427021027
13481181000 -200459.666585922
13487973000 -199570.711137772
13494796000 -198522.226583481
13501608000 -198536.133581161
13508428000 -197512.05705452
13515252000 -197471.136793137
13522072000 -196455.624750137
13528897000 -196417.994070053
13535714000 -195426.885030746
13542537000 -195408.381196976
13549354000 -194425.830366135
13556187000 -194363.11813736
13563015000 -194331.087152481
13569828000 -194382.489557266
13576641000 -194438.164167404
13583452000 -193508.660785675
13590266000 -193567.604270935
13597073000 -192667.736761093
13603901000 -191661.400461197
13610707000 -192775.347866058
13617510000 -191909.374008179
13624330000 -191958.05040741
13631153000 -191995.19625473
13637980000 -193015.54731369
13644806000 -194045.457408905
13651608000 -192206.103134155
13658417000 -193334.131250381
13665246000 -194361.079029083
13672047000 -193539.788045883
13678855000 -195685.891370773
13685671000 -195794.136665344
13692498000 -195848.744380951
13699326000 -195902.377637863
13706147000 -194997.147205353
13712959000 -196143.56586647
13719785000 -196220.582489014
13726607000 -196322.934545517
13733414000 -196508.486604691
13740226000 -196672.000976562
13747047000 -195792.447675705
13753871000 -195901.398962021
13760670000 -195146.101043701
13767458000 -194452.895427704
13774250000 -194742.901348114
13781067000 -194905.735269547
13787890000 -195041.309885025
13794717000 -195160.147418976
13801521000 -194404.135858536
13808341000 -194568.317932129
13815163000 -193726.273838043
13821980000 -194914.777990341
13828803000 -196076.045431137
13835600000 -194378.141689301
13842409000 -194621.477273941
13849224000 -194837.577390671
13856043000 -195036.952960968
13862862000 -195240.608264923
13869680000 -196453.791858673
13876468000 -195828.691923141
13883296000 -194997.940580368
13890091000 -195344.62068367
13896903000 -193606.367521286
13903703000 -194935.330432892
13910532000 -195116.450044632
13917342000 -194401.501209259
13924190000 -193491.566146851
13931006000 -193753.720521927
13937826000 -193999.181715012
13944644000 -193259.407215118
13951464000 -193513.429128647
13958273000 -193829.376478195
13965090000 -193107.672794342
13971909000 -193379.768028259
13978721000 -193692.812656403
13985541000 -193968.225065231
13992354000 -192284.579339981
13999173000 -192573.785968781
14005997000 -193841.09226799
14012792000 -193264.510766983
14019628000 -192477.553768158
14026442000 -193810.048723221
14033263000 -194110.182613373
14040076000 -194456.461750031
14046825000 -194141.877216339
14053644000 -195465.270864487
14060427000 -194981.260290146
14067243000 -195328.881933212
14074068000 -194633.711811066
14080893000 -194942.828954697
14087661000 -194554.257511139
14094472000 -193945.103546143
14101289000 -193308.855823517
14108104000 -193687.338552475
14114923000 -195049.192041397
14121749000 -193378.747751236
14128580000 -193686.468328476
14135390000 -193108.18986702
14142127000 -192915.49388504
14148868000 -192706.083871841
14155704000 -192004.743623734
14162519000 -191417.358186722
14176516000 -191339.54847908
14183345000 -190692.141717911
14190158000 -191132.532238007
14196981000 -190525.010612488
14203807000 -190906.120321274
14210631000 -190301.952907562
14217459000 -189681.205307007
14224277000 -189116.907958984
14231096000 -187551.673791885
14237907000 -188032.436698914
14244737000 -187418.4025383
14251559000 -187850.369213104
14258390000 -187239.704343796
14265218000 -187648.970743179
14272044000 -188072.951231003
14278857000 -187568.96191597
14285682000 -188006.721549988
14292496000 -187506.074523926
14299307000 -187025.328004837
14306126000 -187507.18406868
14312940000 -186019.358669281
14319763000 -184488.942520142
14326605000 -185863.887533188
14333428000 -185342.05282402
14340241000 -184876.555356979
14347061000 -184378.89773941
14353893000 -183823.073194504
14360713000 -184333.985084534
14367512000 -183958.435459137
14374322000 -184529.917257309
14381135000 -184090.063043594
14387964000 -184571.267314911
14394780000 -183124.366853714
14401599000 -183666.143550873
14408427000 -182165.409219742
14415258000 -181653.370891571
14422067000 -181259.977138519
14428881000 -180844.865119934
14435703000 -180392.454853058
14442521000 -178965.1114254
14449339000 -178542.046474457
14456155000 -179133.649162292
14462969000 -177739.915721893
14469788000 -177324.489109039
14476609000 -175902.956834793
14483434000 -176464.938520432
14490257000 -176041.590358734
14497078000 -175632.908576965
14503891000 -176270.030527115
14510670000 -175087.869764328
14517483000 -174733.514801025
14524285000 -176440.503444672
14531111000 -176027.246126175
14537930000 -174654.586704254
14544749000 -174286.207015991
14551579000 -173865.063280106
14558403000 -173479.324110031
14565225000 -174108.240032196
14572059000 -172679.232496262
14578879000 -173327.089519501
14585701000 -172968.862215042
14592505000 -171708.194946289
14599313000 -171431.062986374
14606121000 -171158.196960449
14612934000 -169863.696115494
14619757000 -169521.672246933
14633785000 -168872.387701035
14640614000 -168512.392366409
14647372000 -168524.25472641
14654157000 -167400.55893898
14660945000 -168265.573116302
14667723000 -167186.579271317
14674500000 -165116.988334656
14681319000 -164834.322525024
14688127000 -165612.841970444
14694906000 -162545.63287735
14701681000 -160503.341381073
14708503000 -160222.220813751
14715321000 -159966.066648483
14722142000 -157698.680664062
14728915000 -156683.711641312
14735698000 -155621.276288986
14742485000 -154542.40268898
14749290000 -153374.751930237
14756102000 -152175.194532394
14762923000 -150933.410972595
14769738000 -150726.903961182
14776544000 -150571.157484055
14783362000 -150357.700857162
14790153000 -150287.946334839
14796959000 -150144.988267899
14803768000 -148990.805868149
14810518000 -148145.446424484
14817269000 -147299.119194031
14824018000 -146467.308210373
14830748000 -144737.731481552
14837492000 -143940.090738297
14844234000 -143156.95382309
14850978000 -143367.684049606
14857788000 -143242.197650909
14864581000 -141208.648492813
14871352000 -141292.786514282
14878154000 -140221.316257477
14884963000 -140118.018625259
14891771000 -138024.14266777
14898595000 -137852.070901871
14905414000 -136710.051296234
14912236000 -136556.853616714
14919054000 -135428.547332764
14925863000 -135350.881660461
14932684000 -134215.674520493
14939493000 -133146.55074501
14946297000 -132107.441493988
14953120000 -130974.765197754
14959920000 -128964.782548904
14966721000 -127953.908226013
14973498000 -128070.818189621
14980290000 -126114.760227203
14987084000 -126152.656744003
14993904000 -124061.029401779
15000704000 -124076.572231293
15007495000 -122142.665491104
15014282000 -121233.576246262
15021111000 -121112.738140106
15027912000 -121140.167057037
15034729000 -120089.591871262
15041476000 -119403.143209457
15048282000 -118417.619436264
15055070000 -117528.869289398
15061886000 -117500.472803116
15068702000 -117476.35228157
15075462000 -114744.212034225
15082272000 -115759.430030823
15089092000 -114727.553215027
15095900000 -114761.585760117
15102717000 -113753.668600082
15109539000 -113724.356441498
15116357000 -112719.863044739
15123174000 -110724.781311035
15129983000 -109775.037288666
15136808000 -108747.449512482
15143648000 -108647.17943573
15150463000 -107679.482372284
15157281000 -107700.669876099
15164099000 -106726.135854721
15170916000 -104761.009103775
15177733000 -104800.159574509
15184527000 -102961.520689011
15191339000 -102034.845741272
15198161000 -102061.178876877
15204935000 -101337.827219009
15211728000 -100521.323263168
15218550000 -99560.4585437775
15225375000 -98588.505979538
15232193000 -98656.7027568817
15239014000 -98713.8104305267
15245830000 -96800.809841156
15252639000 -96927.9341201782
15259448000 -96059.3255882263
15266263000 -95164.2641353607
15273079000 -94268.358001709
15279899000 -93356.2527809143
15286708000 -92504.7280445099
15293518000 -91652.3529853821
15300333000 -90778.6619567871
15307147000 -89914.3618946075
15313965000 -88033.8727779388
15320783000 -86157.6621379852
15327606000 -86260.158115387
15334428000 -84372.0525856018
15341220000 -82641.6240921021
15347974000 -82109.7163467407
15354751000 -79464.4340076447
15361525000 -77838.712594986
15368343000 -76992.347120285
15375166000 -75124.710149765
15381981000 -74302.2328681946
15388801000 -73458.4866008759
15395625000 -72598.5888710022
15402425000 -70865.5567874908
15409209000 -74218.4903926849
15415998000 -75550.1287212372
15422806000 -76789.0026016235
15429638000 -80909.6228408813
15436378000 -81504.139957428
15443133000 -84026.282119751
15449957000 -86200.5091705322
15456804000 -87261.6651477814
15463631000 -89429.1731071472
15470459000 -90595.8696212769
15477285000 -92777.0583629608
15484104000 -94998.2354049683
15490921000 -96233.8908576965
15497747000 -98427.9351177216
15504565000 -99667.0525760651
15511364000 -100007.300216675
15518102000 -100662.709535599
15524862000 -103210.180719376
15531663000 -102552.938592911
15538473000 -102854.098955154
15545300000 -101072.924037933
15552125000 -98306.2263145447
15558948000 -95554.0020160675
15565722000 -93055.592710495
15572459000 -90749.8047084808
15579274000 -88051.0795612335
15586027000 -87672.2453575134
15592812000 -86134.7295856476
15599637000 -82397.8775196075
15606450000 -81726.3772029877
15613229000 -80232.1438751221
15620053000 -77513.2046318054
15626880000 -77783.2909126282
15633710000 -76042.4083786011
15640535000 -75331.2472438812
15647352000 -74665.0529174805
15654173000 -73982.7985496521
15660983000 -72360.7469921112
15667799000 -71712.4655094147
15674623000 -70027.8005256653
15681437000 -67398.23960495
15688268000 -65686.5721206665
15695087000 -64040.1660308838
15701872000 -63570.7570648193
15708682000 -62978.6027755737
15715493000 -65385.6382598877
15722264000 -68000.065284729
15729053000 -72527.3183708191
15735870000 -74916.6632976532
15742689000 -78300.1331119537
15749471000 -80875.6777172089
15756263000 -84404.7065448761
15763089000 -86765.4553489685
15769915000 -89130.4926738739
15776741000 -91499.8185253143
15783559000 -90914.0121479034
15790386000 -90286.8382377625
15797209000 -87684.2387084961
15804034000 -87075.7828884125
15810848000 -85527.3831729889
15817674000 -84922.4257106781
15824494000 -83352.1686019897
15831315000 -82781.1244678497
15838074000 -81528.540512085
15844879000 -80047.0901298523
15851686000 -79559.769651413
15858496000 -79061.5173282623
15865314000 -77527.0143871307
15872125000 -76032.2397060394
15878947000 -74486.0348186493
15885756000 -75009.9324245453
15892579000 -74467.2239990234
15899402000 -72928.800327301
15906217000 -71435.1503410339
15913032000 -67945.7750701904
15919849000 -66450.5547828674
15926676000 -64909.0193767548
15933498000 -62397.0667762756
15940272000 -59132.1807365417
15947084000 -57679.3385448456
15953901000 -55205.483663559
15960730000 -53675.23279953
15967477000 -50563.8231716156
15974310000 -49021.8859539032
15981125000 -47575.2220516205
15987935000 -45158.1008358002
15994713000 -42906.9431171417
16001489000 -42670.118516922
16008270000 -40412.261220932
16015079000 -38017.2053279877
16021913000 -34500.1548843384
16028733000 -33058.1007804871
16035564000 -29564.7863273621
16042341000 -28348.3903141022
16049125000 -25100.885723114
16055941000 -22696.1022281647
16062763000 -20265.314447403
16069583000 -17848.9023265839
16076424000 -15330.8166980743
16083264000 -13822.0832824707
16090092000 -10378.1863079071
16104087000 -5793.71533966064
16110891000 -4483.91918754578
16117714000 -2082.59257316589
16124500000 127.931373596191
16131288000 2344.2977142334
16138103000 4692.49708747864
16144919000 8041.46089744568
16151737000 10396.2257785797
16158555000 12746.7121829987
16165377000 14113.0691680908
16172189000 15424.7762889862
16179005000 16752.3565006256
16185826000 18100.8376541138
16192695000 19686.704656601
16199507000 21981.2840938568
16206326000 23306.8270454407
16213147000 24638.1560020447
16219969000 26970.234954834
16226773000 29207.4613876343
16233550000 30304.590215683
16240356000 31543.3724346161
16247174000 31838.2480583191
16253992000 34128.8452033997
16260764000 35183.8536777496
16267553000 37320.1148433685
16274380000 37643.1687088013
16281191000 39881.5071372986
16288009000 36150.7577114105
16294817000 37365.4763088226
16301619000 38545.780626297
16308411000 40671.5855350494
16315232000 40938.8252487183
16322051000 43191.7370319366
16328866000 44420.280216217
16335682000 45649.5702800751
16342501000 47889.6472625732
16349323000 50140.5055141449
16356134000 51331.8634986877
16362950000 52544.0471839905
16369770000 53772.028711319
16376538000 55734.8022766113
16383317000 56748.5491485596
16390146000 59008.8952827454
16396973000 59254.9172286987
16403790000 60446.4961929321
16410607000 61633.7979373932
16417430000 62846.9068508148
16424259000 65085.8116321564
16431074000 64250.2447986603
16437861000 65270.0621185303
16444596000 66025.0385322571
16451323000 66735.7524452209
16458070000 67542.5078392029
16464810000 68310.0054740906
16471548000 69063.3037986755
16478288000 69822.4403896332
16485021000 72542.3409328461
16491764000 72308.1412525177
16498503000 72049.7302951813
16505243000 72792.1454181671
16511981000 73520.3686733246
16518752000 74409.5697231293
16525486000 75109.3987121582
16532226000 75835.0749969482
16538969000 75571.5787792206
16545708000 77283.8886604309
16552451000 77012.0251922607
16559195000 77740.9778766632
16565960000 79570.7527580261
16572748000 80511.3101520538
16579582000 81677.5872097015
16586393000 82724.5998897552
16593220000 82847.3090572357
16600048000 81970.7256984711
16606853000 83974.9288234711
16613683000 85099.7698535919
16620511000 84210.3265857697
16627313000 85186.7288742065
16634131000 87238.7786769867
16640950000 87291.5434970856
16647775000 87369.9857711792
16654597000 88429.1640701294
16661415000 87464.0924358368
16668226000 87459.8054542542
16675044000 88486.18126297
16681852000 90458.381319046
16688666000 89456.250043869
16695489000 89494.7415714264
16702290000 92419.2157382965
16709119000 90479.0748825073
16715940000 92494.7490139008
16722720000 94301.7163600922
16729523000 94219.1156368256
16736346000 96231.9495067596
16743158000 96185.6736888885
16749972000 97145.0938396454
16756792000 96130.1375160217
16763611000 100105.918001175
16770438000 100117.271352768
16777257000 100084.487354279
16784071000 102022.522027969
16790886000 101961.262935638
16797713000 103955.477905273
16804485000 105671.58899498
16811286000 104527.835813522
16818113000 106509.232343674
16824925000 107411.690710068
16831745000 106349.685586929
16838554000 108228.671125412
16845377000 108173.034963608
16852162000 108924.10011673
16858947000 109670.928108215
16865764000 108572.648609161
16872575000 110440.25884819
16879403000 110388.115673065
16886228000 111316.76871109
16893052000 111236.164194107
16899874000 113141.334344864
16906690000 113012.406797409
16913505000 111874.234874725
16920304000 112652.303758621
16927079000 113306.906234741
16933871000 115041.715087891
16940665000 114782.209848404
16947484000 113642.588209152
16954309000 116528.474744797
16961131000 116395.181943893
16967948000 115232.788669586
16974767000 116076.043706894
16981591000 115939.829715729
16988411000 117779.483667374
16995235000 115634.70016861
17002050000 116440.988349915
17008862000 116228.122930527
17015682000 118050.658582687
17022497000 118844.121372223
17029316000 117653.140443802
17036135000 118457.879779816
17042950000 117238.51341629
17049770000 119039.651666641
17056582000 120796.867027283
17063392000 120539.902219772
17077409000 122979.642923355
17084197000 122600.6646595
17090991000 124247.157917023
17097740000 122666.587623596
17104565000 125458.087711334
17111397000 123279.951883316
17118215000 125028.22608757
17125035000 122782.119691849
17131853000 126521.835689545
17138668000 125242.430160522
17145485000 125968.644031525
17152340000 124878.544872284
17159084000 126235.137042999
17165876000 127824.911777496
17172702000 125578.555362701
17179526000 127318.022583008
17186330000 126954.337892532
17193091000 127373.857400894
17199916000 128105.460765839
17206743000 128842.659698486
17213571000 128580.50963974
17220396000 129299.248065948
17227217000 127993.941095352
17234002000 128506.55124855
17240785000 129005.047672272
17247614000 127726.441675186
17254388000 129172.00677681
17261204000 126820.67751503
17268032000 126524.301603317
17274858000 126213.764358521
17281716000 126056.843170166
17288546000 127757.444328308
17295367000 128409.352600098
17302187000 128052.046001434
17309011000 129710.186424255
17315831000 129344.315338135
17322648000 129959.371017456
17329467000 130580.009716034
17336294000 131235.80463028
17343114000 128852.807712555
17349934000 130465.52980423
17356755000 129078.898525238
17363610000 129855.502338409
17370437000 130489.843330383
17377259000 128095.265930176
17384077000 129676.704650879
17390913000 127342.505298615
17397738000 129949.842639923
17404561000 128543.046295166
17411345000 127939.98443222
17418138000 130376.984298706
17424948000 129893.39969635
17431769000 130459.674415588
17438596000 129051.187362671
17445412000 128584.296585083
17452224000 126093.454547882
17458975000 128298.331432343
17465741000 129572.777206421
17472507000 130843.00951767
17479274000 131113.944702148
17486017000 133262.688098907
17492797000 132589.104976654
17499608000 133063.639293671
17506432000 134597.7837677
17513253000 135112.902606964
17520042000 137466.536663055
17526863000 139973.111106873
17533691000 137509.782588959
17540434000 139624.753513336
17547192000 140809.190811157
17553996000 144215.259670258
17560815000 142690.700050354
17567583000 143911.542339325
17574371000 147226.320304871
17581167000 146576.113006592
17587980000 147005.062393188
17594795000 149439.550971985
17601617000 150904.100353241
17608407000 148207.423950195
17615211000 147575.157649994
17622047000 143095.53263855
17628874000 143567.483455658
17635687000 139966.517379761
17642491000 141317.167308807
17649305000 142712.563152313
17656108000 145049.784912109
17662924000 144446.439601898
17669752000 147897.6039505
17676573000 148310.190052032
17683383000 149664.620895386
17690209000 153093.134010315
17697029000 154487.980857849
17703846000 152863.859725952
17710673000 157284.411735535
17717502000 157710.462772369
17724331000 160132.221523285
17731155000 159525.222229004
17737977000 160904.151878357
17744797000 162269.014240265
17751623000 163658.943214417
17758446000 164029.911750793
17765268000 165391.705528259
17772095000 167773.662712097
17778914000 168112.220085144
17785742000 169490.490867615
17792566000 172844.920619965
17799387000 171180.403751373
17806206000 173501.83216095
17813038000 172882.49382019
17819853000 175175.814655304
17826673000 174489.282581329
17833486000 174764.28339386
17840313000 175103.375457764
17847139000 176433.295272827
17853957000 179719.87178421
17860782000 180036.338356018
17867606000 179343.637073517
17874426000 180627.129924774
17881251000 182930.738464355
17888060000 183152.000415802
17894875000 183398.263664246
17901715000 184762.188533783
17908532000 187009.640327454
17915343000 185223.557712555
17922164000 187481.961109161
17928987000 189745.832145691
17935807000 188990.79548645
17942624000 191216.856781006
17949437000 191419.148616791
17956250000 193617.168247223
17963039000 193693.99230957
17969826000 195756.831855774
17976607000 195786.208389282
17983363000 196689.604358673
17990164000 194807.918403625
17996953000 196863.551055908
18003760000 197002.566638947
18010582000 198210.329032898
18017403000 196408.941120148
18024233000 199647.066551208
18031048000 199807.915222168
18037877000 202032.598060608
18044680000 202126.51700592
18051502000 201308.585945129
18058321000 205471.782268524
18065127000 204567.487518311
18071928000 206634.620414734
18078740000 205750.968894958
18085556000 206882.488548279
18092381000 207053.471370697
18099206000 207220.166923523
18106030000 208377.716564178
18112855000 208535.838214874
18119677000 209675.10042572
18126502000 209824.649429321
18133329000 209979.623428345
18140145000 213076.897083282
18146961000 210169.894771576
18153784000 214292.596252441
18160603000 214391.598487854
18167456000 216651.322814941
18174271000 216722.334785461
18181087000 219793.923774719
18187899000 218841.832355499
18194711000 221885.469993591
18201521000 222915.136955261
18208340000 222984.178562164
18215162000 224063.486236572
18221980000 225119.118515015
18228800000 226180.16701889
18235622000 225246.62796402
18242464000 228405.727230072
18249273000 230400.617618561
18256093000 231444.534004211
18262913000 230484.169406891
18269700000 232359.685646057
18276508000 233332.664318085
18283321000 235325.58870697
18290149000 236386.866413116
18296960000 236361.554840088
18303770000 237327.133125305
18310584000 236307.802246094
18317384000 239216.449207306
18324201000 239203.09589386
18331009000 240141.923904419
18337819000 241086.160606384
18344612000 240943.905185699
18351423000 240884.451717377
18358234000 242820.728557587
18365047000 240762.405311584
18371864000 242719.146587372
18378683000 244681.277740479
18385509000 243672.959636688
18392328000 245626.526935577
18399092000 246310.072593689
18405901000 248206.804481506
18412719000 247142.742961884
18419506000 248924.67937851
18426341000 248934.176181793
18433164000 248881.430709839
18439979000 246785.777202606
18446792000 244676.194412231
18453611000 246591.299354553
18460430000 246502.124568939
18467237000 246350.765239716
18474048000 250214.440326691
18480857000 250064.197418213
18487667000 250914.510848999
18494524000 250987.231769562
18501335000 252833.801116943
18508146000 252676.100769043
18514962000 253538.235771179
18521777000 255391.274421692
18528589000 256225.579105377
18535403000 257065.251087189
18542224000 256934.379116058
18549029000 258722.138935089
18555840000 260534.540061951
18562612000 261154.823253632
18569398000 261838.309497833
18576203000 261609.049423218
18583015000 260409.230396271
18589828000 262209.954532623
18596650000 261049.7278862
18603487000 262957.410667419
18610308000 262783.795372009
18617122000 263572.216594696
18623915000 261255.333778381
18630689000 263842.807025909
18637474000 263478.963912964
18644295000 263284.011489868
18651095000 263983.798774719
18657904000 263722.600822449
18664706000 264423.485095978
18671508000 263120.11095047
18678328000 265898.985912323
18685146000 264663.96919632
18691968000 265443.892875671
18698784000 268190.708518982
18705600000 268933.248191833
18712415000 268666.709064484
18719233000 267410.301845551
18726046000 269125.608249664
18732859000 270836.642456055
18739679000 269577.006736755
18746498000 269308.290332794
18753320000 266049.691410065
18760139000 269772.413658142
18766960000 267500.451812744
18773759000 269118.669574738
18780571000 267794.987991333
18787382000 267462.239524841
18794194000 268130.016670227
18800967000 267606.530216217
18807785000 268294.554264069
18814568000 269810.529724121
18821349000 267312.684902191
18828151000 267911.243785858
18834975000 264610.958480835
18841793000 267277.641601562
18848604000 266906.514144897
18855398000 267449.692523956
18862241000 267223.285835266
18869044000 268801.032535553
18875845000 270364.943977356
18882652000 271953.321258545
18889461000 271547.006931305
18896285000 272208.214111328
18903094000 273793.356010437
18909925000 275479.493190765
18916745000 274108.71124649
18923565000 274733.648323059
18930383000 275344.738861084
18937198000 272937.204479218
18944012000 273520.613872528
18950835000 271142.777832031
18957651000 269727.195186615
18964419000 268077.913917542
18971231000 266634.693397522
18978047000 265206.315479279
18984872000 266816.661422729
18991687000 268374.948791504
18998503000 266933.737953186
19005318000 268483.475273132
19012141000 270067.139865875
19018956000 269608.322742462
19025766000 270121.360935211
19032590000 270696.957824707
19039403000 272215.768573761
19046224000 267768.484020233
19053049000 269336.003158569
19059869000 267875.380748749
19066688000 269405.707126617
19073540000 270089.150543213
19080351000 269572.744979858
19087167000 270075.911441803
19093980000 271560.498790741
19100793000 271040.813934326
19107604000 270507.323947906
19114406000 270926.671741486
19121219000 272394.17842865
19128036000 269876.471237183
19134847000 271325.90309906
19141662000 270790.11856842
19148473000 272231.008529663
19155287000 272681.915019989
19162105000 271147.593830109
19168922000 272604.233345032
19175741000 272066.116027832
19182570000 271571.314601898
19189390000 272029.390480042
19196207000 271468.910446167
19203023000 269899.395503998
19209837000 268316.090499878
19216650000 267723.755607605
19223461000 267117.6369133
19230277000 263531.024383545
19237094000 264944.890434265
19243907000 264335.463588715
19250721000 264726.51783371
19257532000 266099.040630341
19264339000 265448.285591125
19271152000 266821.77432251
19277952000 267129.230674744
19284702000 269194.923110962
19291492000 267446.403556824
19298292000 267741.129711151
19305098000 270060.089664459
19311905000 269379.533851624
19318757000 269908.32970047
19325575000 270271.426738739
19332405000 272687.194564819
19339230000 272074.943122864
19353248000 270583.322715759
19360063000 273910.54605484
19366881000 274247.722473145
19373689000 274533.200702667
19380501000 274833.378376007
19387323000 275176.692279816
19394135000 275468.321784973
19400946000 276750.940879822
19407764000 275062.462127686
19414579000 278355.490280151
19421389000 278620.555809021
19428201000 276890.826805115
19435016000 278171.035835266
19441828000 274432.763053894
19448639000 277685.4842453
19455457000 277967.076869965
19462271000 276225.455741882
19469087000 274489.0275383
19475935000 270899.765377045
19482760000 268197.352565765
19489584000 264485.92118454
19496379000 259633.014125824
19503194000 258870.458473206
19509972000 254928.639308929
19516793000 250185.930244446
19523612000 245429.482589722
19530432000 243673.482753754
19537241000 238861.205825806
19544052000 238054.114292145
19550858000 234219.124740601
19557673000 229422.397106171
19564477000 227569.426235199
19578471000 219673.834403992
19585278000 218822.006523132
19592082000 214951.748352051
19598894000 209114.999206543
19605709000 208288.140968323
19612535000 204508.927898407
19619341000 198631.039073944
19626149000 196758.324295044
19632965000 194919.088451385
19639778000 190061.424198151
19646591000 187199.487739563
19653406000 186342.711528778
19660221000 179481.660614014
19667023000 179555.040332794
19673847000 181727.877258301
19680670000 180891.714450836
19687471000 181947.578899384
19694282000 181046.310832977
19701087000 182112.502044678
19707926000 181334.612232208
19714745000 182458.205940247
19721533000 182431.511310577
19728330000 181442.959754944
19735144000 179530.204013824
19741961000 180627.299045563
19748777000 182715.409404755
19755595000 180808.657444
19762402000 179845.858863831
19769214000 181902.323444366
19776022000 179935.697311401
19782827000 178950.692298889
19789634000 179970.832485199
19796441000 178986.707992554
19803254000 180026.533424377
19810062000 182038.577613831
19816863000 181013.447597504
19823674000 180031.065971375
19830483000 181035.014785767
19837292000 180034.696418762
19844098000 182016.014835358
19850911000 181025.956169128
19857725000 181036.322715759
19864525000 180976.660675049
19871339000 182978.489089966
19878146000 181943.175251007
19884957000 182922.376392365
19891766000 183887.919265747
19898578000 181863.275932312
19905395000 182857.826820374
19912207000 182824.638450623
19926182000 181392.037902832
19932989000 180322.364147186
19939795000 180243.735843658
19946607000 180188.979557037
19953413000 180101.820636749
19960236000 179090.09406662
19967054000 181050.645950317
19973865000 177974.112239838
19980674000 178883.936618805
19987484000 178794.179290771
19994306000 176756.371734619
20001116000 176658.06999588
20007925000 175550.816226959
20014731000 173425.246349335
20021541000 173314.142425537
20028353000 173208.133487701
20035160000 170074.448158264
20041969000 166945.85906601
20048784000 165841.081809998
20055599000 162732.029834747
20062414000 157618.703155518
20069224000 153477.711986542
20076036000 147341.807033539
20082855000 142234.368034363
20089684000 137169.410030365
20096498000 135030.028068542
20103309000 129872.348197937
20110117000 125696.376056671
20116934000 120558.200061798
20123744000 116383.0362854
20130558000 114222.293308258
20137369000 107043.261821747
20144179000 102855.289585114
2.0151e+10 97714.423625946
20157800000 91471.2095909119
20164589000 84172.3786849976
20171405000 77995.3565254211
20178221000 75814.0583953857
20185041000 67647.1534767151
20191847000 63410.6342163086
20198664000 60221.1779937744
20205475000 52999.4520606995
20212284000 49764.1268539429
20219103000 44571.1760673523
20225917000 40350.6278877258
20232732000 37130.4691543579
20239545000 31896.711151123
20246356000 26649.3576393127
20253168000 22402.3954582214
20259980000 18151.1623268127
20266783000 14853.7203025818
20273621000 8715.08865356445
20280433000 4451.03201293945
20287245000 -1817.29557037354
20294057000 -6089.8941078186
20300870000 -9362.10696029663
20307684000 -17633.9360084534
20314499000 -22905.3831329346
20321310000 -28199.7239837646
20328123000 -33489.0262794495
20334933000 -39796.5612716675
20341748000 -45085.1003456116
20348560000 -51391.8708686829
20355374000 -57693.6091041565
20362184000 -64018.2247619629
20368997000 -69333.1577682495
20375802000 -72689.5608787537
20382610000 -81036.2788276672
20389414000 -83405.8566513062
20396225000 -88747.1603927612
20403036000 -94092.7338294983
20409848000 -98437.9303588867
20416660000 -104787.397834778
20423471000 -106145.781612396
20430284000 -113499.145641327
20437099000 -116847.493675232
20443906000 -122237.264183044
20450724000 -128580.228099823
20457534000 -132964.608211517
20464340000 -137371.823120117
20471155000 -142741.532798767
20477968000 -146124.797863007
20484785000 -151493.776298523
20491600000 -156876.310115814
20498413000 -162272.395549774
20505223000 -166686.666664124
20512044000 -172054.197040558
20518854000 -178477.011932373
20532846000 -189611.115207672
20539655000 -193051.603248596
20546469000 -195473.188331604
20553286000 -198885.14666748
20560101000 -200310.647769928
20566911000 -202763.584323883
20573726000 -204197.631717682
20580535000 -203663.739185333
20587349000 -206110.962505341
20594161000 -204571.71856308
20600975000 -205027.487545013
20607790000 -208482.901596069
20614604000 -206947.21812439
20621421000 -208401.926712036
20628242000 -207842.406505585
20635055000 -209324.175552368
20641862000 -212837.968296051
20648667000 -214365.274971008
20655484000 -215841.355865479
20662299000 -217330.960712433
20669111000 -217838.708503723
20675926000 -219336.860897064
20682736000 -221862.395439148
20689574000 -222262.814357758
20696388000 -224778.422409058
20703196000 -223326.02154541
20710008000 -227859.410705566
20716819000 -225401.689163208
20723631000 -223943.619594574
20730440000 -227503.672267914
20737247000 -227077.225067139
20744057000 -225641.195022583
20750874000 -229177.126899719
20757682000 -227758.867298126
20764494000 -226326.417785645
20771313000 -233865.94587326
20778139000 -236377.464744568
20784922000 -240091.591598511
20791685000 -245902.182296753
20798468000 -251624.765995026
20805261000 -255305.48223877
20812069000 -257921.301876068
20818899000 -264439.990409851
20825709000 -269055.139041901
20832535000 -273600.832901001
20839321000 -278335.098239899
20846138000 -285930.802043915
20852955000 -289530.783069611
20859778000 -295107.410160065
20866591000 -298734.367656708
20873410000 -304337.97372818
20880237000 -309909.033046722
20887046000 -315567.230426788
20893861000 -317202.082660675
20900672000 -324859.615322113
20907488000 -327498.413665771
20914300000 -334159.888679504
20921111000 -341830.23418808
20927918000 -343523.245075226
20934733000 -349183.734291077
20941553000 -357825.509887695
20948368000 -359494.551662445
20955179000 -365186.253795624
20961994000 -372863.84249115
20968812000 -375531.9204216
20975624000 -376231.844005585
20982436000 -380936.038543701
20989257000 -380603.164546967
20996079000 -383269.980144501
21002895000 -385968.6313591
21009711000 -386671.558547974
21016528000 -390374.17093277
21023346000 -391076.470397949
21030122000 -393975.807865143
21036937000 -397700.404594421
21043728000 -399539.394294739
21050538000 -400295.463565826
21057287000 -402335.608970642
21064076000 -404196.491046906
21070904000 -404882.77053833
21077736000 -407555.000537872
21084560000 -408268.202629089
21091381000 -411999.44235611
21098170000 -413881.628326416
21104983000 -415658.073444366
21111798000 -417429.626766205
21118617000 -417187.129329681
21125428000 -418985.557556152
21132246000 -423756.194675446
21139065000 -423526.530780792
21153101000 -429257.913105011
21159924000 -431023.027931213
21166747000 -432792.427509308
21173569000 -435570.688152313
21180378000 -437412.716190338
21187184000 -440272.736587524
21193987000 -442150.743717194
21200776000 -446097.043807983
21207578000 -446988.134689331
21214387000 -452851.476108551
21221211000 -453650.505805969
21228029000 -454481.249305725
21234841000 -457343.695316315
21241653000 -460210.412269592
21248474000 -462040.275417328
21255291000 -461892.695964813
21262132000 -463639.757858276
21268893000 -465756.529891968
21275711000 -468617.19511795
21282532000 -468468.439971924
21289357000 -472305.704444885
21296136000 -472357.247497559
21302929000 -476349.118534088
21309704000 -478427.384788513
21316512000 -477359.291545868
21323336000 -482222.463794708
21330149000 -482140.10295105
21336950000 -484116.749591827
21343752000 -487093.092754364
21350556000 -488064.574287415
21357369000 -489999.28219223
21364186000 -491920.027229309
21371019000 -493772.119258881
21377837000 -496696.871269226
21384655000 -499625.901752472
21391478000 -499536.429439545
21398285000 -503524.131923676
21405108000 -505443.21906662
21411922000 -506407.58032608
21418742000 -511348.892566681
21425560000 -512303.592025757
21432368000 -515308.094875336
21439187000 -519266.793151855
21446005000 -518234.322395325
21452821000 -521215.231334686
21459634000 -525214.066184998
21466453000 -529189.877113342
21473261000 -530220.003768921
21480079000 -531208.915355682
21486894000 -535215.747837067
21493704000 -536249.589263916
21500530000 -539214.959625244
21507356000 -540184.6185112
21514167000 -540226.740356445
21520985000 -545241.321544647
21527805000 -546251.093795776
21534621000 -547283.319355011
21541429000 -550356.160507202
21548241000 -551415.100288391
21555062000 -553437.440223694
21561880000 -556477.684112549
21568689000 -558563.065979004
21575493000 -559675.411628723
21582336000 -561615.0092659
21589156000 -562663.292194366
21595969000 -564747.618148804
