38000 129253.121102183
6893000 128907.149102334
13712000 128223.221235817
20535000 126572.773023583
27357000 123909.378518734
34126000 121750.304260038
40962000 121209.575205997
47796000 118646.605204687
54633000 117107.806260407
61459000 115463.236481152
68289000 114852.123814538
75129000 114330.142672464
81971000 112823.040075839
88781000 110015.324493051
95585000 111148.289260477
102327000 109702.375947848
109082000 111373.493826658
115835000 110022.46807006
129717000 110797.378295109
136477000 110500.317115843
143224000 110079.088655323
149977000 108709.924467981
156728000 109318.625204742
163476000 107895.920859635
170225000 108478.906858206
176974000 109058.309476823
183728000 109680.486713827
190476000 109243.448849231
197225000 109812.099204153
203977000 109404.976198882
210727000 111975.727676511
217479000 109561.432600915
224229000 111125.014132619
230984000 109731.350632429
237735000 111297.027975857
244488000 110877.653454244
251240000 111445.425015599
257991000 112000.34425348
264740000 113533.147535086
271500000 112164.279079676
278255000 111745.494740069
285009000 114313.857014656
291763000 113878.630597889
298512000 114393.502644002
305266000 112951.101501048
312017000 113477.327146411
318769000 115009.228263438
325521000 113537.542814136
332273000 114062.270798385
339027000 113601.930980384
345773000 114063.931663513
352529000 113614.935353041
359286000 114171.606013775
366040000 114696.913024127
372801000 113283.42841959
379633000 114523.537189066
386497000 113056.15465802
393327000 113270.391888857
400188000 113767.85092932
406950000 113345.457253218
413738000 112160.057519972
420565000 111331.898657739
427378000 113370.539077997
434204000 113525.802467108
441032000 111695.902958095
447840000 110677.319272637
454656000 110729.091566563
461477000 109823.457724631
468305000 108978.908121049
475133000 107130.690756381
481954000 107214.068668246
488781000 106349.271941066
495606000 105462.314399779
502438000 106636.418005705
509271000 104816.095540762
516101000 104964.363587379
522941000 104201.410860896
529773000 104360.822466195
536606000 104525.805850089
543443000 104724.089301467
550280000 104918.695316672
557110000 103044.928321004
563937000 103139.766351461
570773000 103314.108051062
577601000 102410.848487616
584426000 101476.200934529
591249000 101519.409764171
598069000 102531.239194036
604891000 102557.886385083
611719000 100636.299834013
618541000 100655.621169209
625365000 101689.754897594
632238000 101172.804681063
639042000 101014.869599223
645862000 101001.056392789
652694000 100094.400486946
659519000 100119.433343172
666341000 99113.1007654667
673152000 99001.5428179502
679970000 98950.963269949
686788000 97896.7266964912
693608000 98857.2960710526
700426000 99795.74437356
707247000 100758.226892233
714083000 97855.4973150492
720915000 99912.1740237474
727753000 98020.5514776707
734620000 99392.8700016737
741444000 99364.6867096424
755485000 99923.3970160484
762317000 96957.821000576
769139000 96896.3174827099
775947000 96702.0025274754
782767000 96614.7349426746
789585000 96505.3603141308
796416000 96512.2328509092
803253000 95570.7715697289
810082000 96551.8542654514
816907000 93492.3809794188
823739000 94493.7919014692
830558000 95371.6615041494
837394000 93402.6159948111
844224000 93374.5763001442
851058000 94379.7430964708
857881000 94279.8314914703
864710000 93231.5656528473
871534000 94133.5435339212
878367000 93114.8105177879
885206000 94147.7028499842
892036000 93093.9727108479
898864000 93018.1419836283
905687000 92892.5694848299
912511000 91772.5488600731
919339000 92685.7196842432
926163000 91558.3699823618
932980000 92362.8682310581
939803000 93218.9832388163
946635000 93154.3400866985
953466000 91076.8138314486
960289000 91921.9325400591
967120000 92837.0686146021
973945000 92693.2771114111
980769000 91536.6121739149
987590000 92348.6586949825
1001261000 92228.7822563648
1008089000 91094.2797077894
1014913000 91919.2845612764
1021743000 92795.8599836826
1028565000 92595.1244155169
1035386000 91381.5229306221
1042205000 92145.8530765772
1049021000 93878.9145461321
1062658000 96380.085111618
1069476000 97120.5830929279
1076295000 97866.6254291534
1083115000 98618.2105109692
1089943000 101439.738878012
1096766000 102211.600634813
1103589000 101979.800000429
1110400000 104633.952611923
1117217000 104339.644670963
1124032000 106023.285527706
1130852000 107749.258019209
1137672000 108471.571339369
1144492000 110190.225487947
1151310000 111886.829507589
1158147000 111754.480396271
1164970000 113489.732196093
1171787000 113166.158397913
1178600000 114802.155319214
1185414000 117443.693372965
1192217000 118980.463827133
1199050000 119789.345061064
1205874000 120511.832486153
1212700000 121249.037745237
1219545000 121157.189512014
1226364000 123822.726323843
1233185000 124502.983112812
1240007000 125188.768158674
1246829000 126870.891886473
1253660000 127632.041142464
1260470000 129196.594715357
1267676000 129395.290445566
1274505000 130126.864933491
1288540000 134041.638465881
1295362000 134697.714885235
1302175000 135267.477496862
1308989000 135842.771519661
1315804000 137423.595344543
1322621000 138019.129364729
1329436000 138592.644501209
1336255000 140199.229547024
1343458000 139327.421495199
1350262000 141788.786945343
1357079000 142365.841161728
1363894000 144920.881915569
1370704000 144426.377767324
1377520000 146983.291268826
1384330000 147481.48700881
1391142000 148994.387523174
1397948000 149448.58099246
1404761000 150963.35907793
1411579000 152520.360517502
1425197000 152458.26155591
1432009000 153949.261198521
1438822000 155445.783109188
1445634000 155929.481031656
1452445000 158400.356574059
1459257000 157876.75384903
1466070000 159358.671248436
1472923000 160203.744142056
1479739000 159705.845698595
1486552000 163176.785059452
1493370000 162689.915601492
1500179000 165116.876823187
1506994000 165595.195650816
1513801000 165996.52498126
1520615000 168458.374056578
1534628000 170899.76918149
1541442000 171350.453665257
1548255000 172788.321162224
1555064000 173185.882134676
1561873000 174579.795730114
1568674000 175896.76079464
1575485000 177301.708138943
1582300000 179739.652253866
1589109000 180118.976340771
1595935000 182650.381560564
1602749000 183068.201606989
1609554000 184399.93406415
1616370000 184828.771248579
1623184000 185235.636839867
1629995000 186611.37623477
1636804000 188965.151540041
1643619000 189370.219961405
1650435000 190780.790786982
1657256000 191233.485111713
1664075000 193664.208913565
1670893000 195082.120014191
1677701000 197404.833420038
1684515000 197778.821708918
1691334000 198194.922236919
1698190000 198946.00557065
1705002000 200290.706618309
1711817000 201659.211224556
1718648000 202170.475568295
1725466000 201559.11490941
1732281000 202916.647904634
1739091000 203224.780904293
1745892000 202446.927134991
1752706000 202784.360726357
1759516000 203081.551059246
1766326000 203375.092943668
1773138000 204683.279497862
1779953000 203015.253529787
1786768000 203343.573753834
1793580000 201640.805316925
1800393000 202943.530703306
1807207000 202251.748305082
1814013000 203483.166425228
1820824000 203756.654421091
1827638000 203053.919711828
1834449000 203320.107059717
1841260000 204582.644887686
1848092000 205033.487125397
1854910000 204352.695545435
1861733000 202713.9448874
1868549000 204007.558468342
1875360000 203251.824583292
1882177000 204547.269065619
1888990000 202802.507815361
1895802000 204044.957992554
1902615000 204292.893950939
1909438000 203628.536612988
1916259000 203942.246284246
1923078000 203234.026184797
1929891000 205467.342624426
1936714000 203788.344309568
1943526000 206005.218907356
1950347000 206300.636478186
1957168000 207592.393805027
1963982000 207816.570071459
1970796000 208037.093602419
1977627000 209409.182430506
1984448000 208686.300925016
1991263000 209904.982782125
1998074000 209083.495378494
2012078000 210916.38267374
2018895000 211138.505376816
2025713000 211366.098815918
2032534000 210617.413686514
2039349000 211810.314617157
2046161000 210972.186499596
2052975000 210148.656878471
2059792000 211348.846545696
2073808000 212223.213557005
2087814000 209990.907781839
2094625000 210117.685710907
2101461000 209468.832387924
2108278000 210643.019043207
2115095000 209813.549745321
2128723000 208088.931782484
2135529000 210148.19930315
2142394000 208741.755857944
2149173000 207547.545131683
2155984000 208641.445230007
2170014000 205537.360752106
2176832000 206683.897275925
2183650000 206826.77677393
2190471000 204993.340428829
2204474000 204605.149978161
2211291000 202724.090824604
2218110000 202857.598824501
2224925000 202951.004659653
2231742000 202058.977647305
2238548000 203063.085292816
2245365000 201163.752274036
2252182000 202260.763302326
2258991000 201281.25168705
2265796000 200261.661489964
2272604000 200265.749997139
2279423000 200366.366224766
2286242000 199463.324355125
2293066000 199602.152667999
2299876000 198609.8458395
2306688000 196632.099731922
2313500000 198650.70303154
2320318000 196720.276813984
2327125000 196686.060833454
2333932000 194648.199617863
2347563000 195716.264760971
2354381000 193767.56789732
2361194000 194769.712528229
2368013000 193822.804055214
2374838000 192926.8328228
2381651000 191918.012814045
2388464000 190905.54114151
2395273000 190853.027344704
2402090000 188869.642805099
2416107000 188375.670545578
2422927000 188408.399064541
2429737000 188346.519375801
2436555000 187353.746181965
2443377000 186393.691287041
2450191000 188357.228717327
2457006000 187326.206171036
2463822000 186300.622039795
2477830000 186656.755988598
2484649000 184647.277348518
2491463000 184588.69037199
2498277000 184526.450659752
2505096000 184506.003089428
2511917000 183500.074298382
2518721000 182335.990914345
2525536000 183268.226553917
2532356000 181242.242540359
2539174000 181194.426766872
2545989000 183115.696692944
2552802000 181015.142366886
2559626000 182010.867922306
2566441000 180921.172671318
2573265000 180909.576128006
2580096000 179957.897648335
2586911000 179857.227570057
2593781000 181252.413719177
2607336000 178351.675859928
2614149000 179218.240480423
2620965000 178108.393016815
2627780000 176985.811349392
2634598000 175886.812236309
2641416000 174784.156097889
2648286000 175149.883987904
2655072000 174749.416293621
2661879000 173535.935302258
2668691000 173364.189604282
2675517000 173315.851276875
2682325000 172100.496762276
2689132000 171872.421444416
2695947000 169713.292582512
2702756000 168496.06936121
2709573000 168347.781878471
2716389000 169186.766089439
2723211000 168076.52631855
2730027000 166908.197551727
2736839000 168699.930929661
2743650000 168478.943506718
2750462000 169263.376235962
2757288000 168171.126275063
2764098000 167930.113120079
2770911000 168712.655706406
2791357000 169101.838671207
2798174000 168906.034525871
2804987000 168670.312897682
2811802000 167449.069299698
2818608000 168142.593096256
2825421000 165895.919156551
2832237000 165672.783270836
2839049000 166409.74169302
2845869000 165215.546857834
2852681000 163945.199809074
2859495000 164689.32435751
2866314000 164475.098961353
2873125000 164184.735291481
2879939000 164917.900560379
2886755000 163665.530993938
2893569000 162391.389719009
2900385000 161131.711463928
2907197000 161832.148961544
2914012000 162556.106285095
2920835000 161348.859954357
2927647000 162038.338173866
2934467000 159796.607375622
2941287000 160551.217406273
2948093000 161175.41053009
2954917000 159958.924080372
2961727000 160612.031447411
2968539000 160279.595397949
2975353000 158961.612716198
2982174000 157703.337403297
2988987000 158368.994590759
2995798000 159012.899371147
3002612000 156680.304138184
3016260000 158185.130714417
3023072000 156823.47010088
3029888000 156494.349655151
3036704000 155161.574328423
3043517000 154798.0042696
3050336000 152485.059034348
3057150000 152123.227976799
3063958000 152703.474129677
3070769000 152307.207397461
3077582000 151925.379020214
3084391000 149503.725372314
3091204000 150114.595811367
3098021000 148757.983905315
3112034000 148460.422944546
3118844000 147029.355084896
3125649000 146549.437997341
3132459000 145111.075919628
3139272000 144696.182645798
3146082000 146250.522063732
3152907000 145936.783214569
3159716000 144474.780222416
3166536000 145108.536191463
3173358000 143756.705794334
3180167000 143283.747814655
3186981000 142852.319114208
3193796000 142426.272472858
3200613000 142014.640539646
3207429000 141590.318932056
3214240000 141117.176512718
3221058000 138703.613125801
3227863000 140168.975227833
3234694000 137865.515274525
3241507000 138395.825604439
3248318000 136904.423260689
3255121000 135337.13163662
3261932000 136838.434538841
3268737000 135281.914527416
3275548000 135775.921604156
3282742000 132723.931306362
3289553000 133210.434121132
3296365000 131702.31414175
3303177000 132190.543570042
3310002000 132792.455898762
3316826000 131381.678573132
3323635000 130831.869088173
3330451000 130341.580535412
3337265000 128829.590086937
3344080000 128322.969874859
3350891000 126776.60611105
3357707000 127271.702326298
3364530000 125826.293204784
3371340000 125259.950944424
3378153000 124717.021109581
3384972000 124224.558140755
3391790000 124719.41785574
3398604000 122174.545815945
3405421000 123653.075479031
3412232000 122073.843529224
3419059000 121635.235239506
3425886000 120192.960263252
3432701000 119638.82660675
3439560000 119477.719472408
3446359000 117772.015812874
3453168000 118152.819383144
3459984000 117593.072553158
3466792000 116957.564301491
3473593000 116255.32026577
3480411000 114702.645620823
3494460000 114307.933313847
3501276000 110726.044857979
3508084000 112068.420968533
3514899000 110470.217508316
3521711000 108841.333248615
3528518000 110163.756088257
3535327000 109500.549545765
3542164000 108085.90253067
3548981000 107487.441054344
3555800000 106903.336256027
3562617000 107297.561801434
3569437000 104715.147121906
3576257000 105129.073271751
3583073000 103503.323569775
3589885000 103837.904452324
3596698000 103177.837841511
3603523000 102622.150306225
3610349000 101071.800256729
3617164000 101418.768230915
3623967000 101654.070968151
3630783000 101002.738176346
3637602000 99374.7501449585
3651612000 100455.350646019
3658431000 97816.1887574196
3665240000 97083.3917160034
3672053000 96382.935977459
3678866000 95678.8285751343
3685682000 94998.057803154
3692498000 95313.6321496964
3699309000 95580.5764889717
3706117000 94816.8878388405
3712943000 95211.4440498352
3719759000 93512.4004840851
3726571000 92773.7305145264
3733377000 92977.4558820724
3740216000 91474.2667741776
3747038000 90814.5464868546
3753849000 92052.2668018341
3760658000 91268.357199192
3767478000 91579.6865129471
3774284000 90761.5088820457
3781100000 91029.5730009079
3787919000 89320.9464044571
3794727000 89509.7990045547
3801549000 88820.8230595589
3808369000 88110.2129044533
3815184000 89351.0140314102
3821999000 88588.1613502502
3828815000 87830.6396985054
3835668000 87401.8822512627
3842486000 86654.9985218048
3849297000 85841.5751876831
3856107000 85015.5196428299
3862928000 83284.6193437576
3876944000 83170.7565612793
3883757000 82356.8307180405
3890568000 81521.2932529449
3897377000 81664.1473808289
3904191000 80848.2486691475
3.911e+09 79983.8053636551
3917815000 79169.5816965103
3924639000 79432.4999136925
3931467000 77727.6617116928
3938282000 77902.4648251534
3945098000 77082.589820385
3951911000 76232.1344752312
3958716000 76306.2305264473
3965528000 76439.5020599365
3972336000 76533.2288165092
3979157000 73739.9584012032
3985978000 72943.0277409554
3992790000 73061.6894044876
3999606000 73212.5860805511
4006426000 73395.7113351822
4013243000 72548.2664337158
4020059000 71688.1957879066
4026872000 70797.5624933243
4033687000 68921.2149758339
4040490000 70933.5954399109
4054506000 67623.9437332153
4061323000 66750.7135572433
4068140000 66873.8274292946
4074959000 66011.2162938118
4081773000 66100.122376442
4088585000 65167.4469218254
4095398000 65240.0847401619
4102213000 64326.9975523949
4109029000 64419.2193498611
4115836000 65427.1259555817
4122656000 63547.8897008896
4129475000 64656.0330905914
4136290000 63724.6757907867
4143108000 63816.5450177193
4149919000 63842.0401906967
4156739000 62944.51720047
4163536000 62837.2894558907
4170356000 63932.4604620934
4177209000 63319.5674910545
4184024000 64362.6179871559
4190838000 62393.0583181381
4197653000 62428.8017339706
4204466000 61442.9807734489
4211279000 61453.5081486702
4218085000 62397.7043709755
4224894000 61365.1174612045
4231707000 60364.6957411766
4238570000 60808.252530098
4245359000 59585.6510887146
4252173000 58583.2119731903
4258990000 57603.9731068611
4265804000 57594.226911068
4272621000 57607.6777486801
4279434000 57581.6750864983
4286247000 58552.020761013
4293066000 57572.4046578407
4299881000 56553.3393454552
4306712000 56673.7760858536
4313531000 55683.1813964844
4320363000 55805.2287831306
4327175000 55744.69150877
4333995000 54752.0643997192
4340811000 53719.9998874664
4347637000 53773.7207098007
4354460000 53796.9454669952
4361290000 52879.1084632874
4374913000 50701.5753955841
4381725000 51611.8044471741
4388542000 51563.0869235992
4395359000 50510.7134466171
4402172000 50418.9250946045
4408994000 49403.937828064
4415814000 50367.4119300842
4422634000 48327.2268600464
4429459000 49328.0705394745
4436280000 47289.501490593
4443091000 48157.9070863724
4449905000 49049.4710874557
4456720000 46946.3177938461
4463538000 47866.3154010773
4470348000 47711.1810455322
4477169000 45650.670384407
4484033000 45970.6310529709
4490826000 44652.6596832275
4497639000 45509.7024793625
4504452000 43363.0936117172
4511262000 43186.0396356583
4518084000 42112.5045595169
4524899000 41972.7976360321
4531720000 40883.0141410828
4538535000 40735.9963855743
4545350000 40585.3248224258
4552161000 39395.2877264023
4558983000 39299.8024530411
4565792000 38084.6067056656
4572605000 37901.4688739777
4579416000 36696.8278036118
4586227000 36488.5372133255
4593040000 38294.4465341568
4599862000 37177.0217981339
4606674000 37966.6993246078
4613492000 36806.2648963928
4620309000 36633.2508735657
4627120000 34403.0486955643
4633938000 34231.6474819183
4640757000 34065.5102033615
4647571000 34851.1127023697
4654391000 34686.5817985535
4661204000 33455.9562578201
4668019000 33239.5166854858
4674829000 33974.8319034576
4681644000 33751.0873966217
4688453000 32470.1858291626
4695273000 31283.7202854156
4702090000 31066.847161293
4708909000 30864.1492853165
4715741000 30773.6891222
4722549000 30465.608288765
4729368000 30251.935043335
4736193000 29088.0844202042
4743009000 28840.3530092239
4749828000 26615.7038602829
4763455000 26057.4068784714
4770267000 24759.4139299393
4777079000 25457.7703886032
4783895000 23188.1150579453
4790696000 23781.1673765182
4804369000 21588.8301382065
4811178000 20242.1884698868
4817989000 17909.7134590149
4824809000 17653.7472648621
4831627000 18376.3100099564
4838441000 18059.5940942764
4845261000 16792.6546792984
4852082000 17530.9604272842
4858902000 15256.7021331787
4865717000 13934.2683525085
4872543000 12706.1107568741
4879360000 12394.1678409576
4886224000 11496.9466094971
4893032000 11097.5565567017
4899848000 11765.7248249054
4906663000 10421.3381710052
4913480000 9091.09672164917
4934297000 8335.06162548065
4941116000 7007.79474163055
4947927000 5605.69539642334
4954741000 6226.63530921936
4961562000 3906.19255065918
4968379000 4546.50880050659
4975197000 4192.06374835968
4989212000 842.862844467163
4996022000 -593.900666236877
5002840000 -963.172817230225
5009648000 -2425.02139091492
5016461000 -1846.05924797058
5023286000 -3164.05835819244
5030104000 -5547.95431995392
5036920000 -5953.2868976593
5043735000 -7371.1636133194
5050547000 -8819.36030483246
5057365000 -10217.8784685135
5064174000 -11700.042509079
5070982000 -12194.7410430908
5084622000 -13981.8120002747
5091443000 -17371.9507312775
5098256000 -16836.829457283
5105068000 -18314.2442808151
5111887000 -20733.1224164963
5118705000 -21164.5420103073
5125524000 -20590.7358064651
5132345000 -24002.8231258392
5139151000 -23551.7969608307
5145963000 -24051.127661705
5152779000 -24518.5862340927
5159980000 -26570.8502120972
5166800000 -27010.3066835403
5173623000 -28426.7852039337
5180432000 -28971.2251701355
5187276000 -30208.5836572647
5194094000 -30680.4402561188
5200908000 -32191.4614543915
5207725000 -33679.5063171387
5214537000 -34215.5862379074
5221350000 -35746.4414644241
5228166000 -37254.3241081238
5234977000 -37810.2326974869
5241794000 -39316.5487442017
5248628000 -39675.677362442
5255440000 -41233.677447319
5262260000 -43724.3515863419
5269072000 -43289.6571426392
5275885000 -45849.7422962189
5282695000 -47440.0904893875
5289508000 -49007.4773626328
5296319000 -50596.2546739578
5303121000 -50268.5011720657
5309960000 -51616.2598695755
5316784000 -53100.7148084641
5323598000 -52677.5056219101
5330395000 -54408.6831741333
5337214000 -55948.439494133
5344017000 -56633.7040615082
5350833000 -59207.3632917404
5357646000 -59811.2710895538
5364454000 -60463.150686264
5371273000 -62021.1781864166
5378098000 -62529.6860599518
5384909000 -63165.9323167801
5391721000 -63796.966211319
5398533000 -65431.6506977081
5405352000 -68007.9601068497
5412172000 -67579.0673408508
5425792000 -71909.4433403015
5432607000 -72535.8106842041
5439426000 -74130.3993196487
5446238000 -76790.6492033005
5453054000 -77419.1214504242
5459868000 -80068.9616193771
5466685000 -79695.8865699768
5473495000 -82388.45561409
5480309000 -83049.2534542084
5487120000 -83740.2671613693
5493939000 -86364.0996618271
5500754000 -89027.0034780502
5507583000 -87569.6223535538
5514395000 -89266.3979845047
5521214000 -91904.8623418808
5528029000 -93582.3894329071
5534844000 -94263.5703306198
5541663000 -95913.0046920776
5548474000 -97636.8935508728
5555285000 -98364.4319295883
5562106000 -102007.135046959
5568922000 -103697.738116264
5575734000 -105427.385686874
5582548000 -107142.990110397
5589361000 -108871.093603134
5596180000 -110549.773976326
5602994000 -112276.338751793
5609803000 -114050.779889107
5616623000 -114731.582320213
5623434000 -116495.636797905
5630247000 -117245.654561043
5637063000 -117972.796246529
5643870000 -119783.171215057
5650679000 -120579.508399963
5657495000 -122317.606146812
5664304000 -124121.241834641
5671120000 -123866.645587921
5677940000 -126580.34676075
5684762000 -128280.029448509
5691596000 -129877.313961029
5698411000 -130646.190004349
5705225000 -131427.557073593
5712048000 -133133.046741486
5718861000 -134930.560253143
5725672000 -135749.396648407
5732486000 -136545.37734127
5739318000 -139185.989104271
5746121000 -139086.458926201
5752928000 -141955.235836029
5759738000 -142801.159192085
5766560000 -144544.742272377
5773378000 -146327.314097404
5780192000 -146148.868229866
5787006000 -147974.075098991
5793824000 -151767.613708496
5800641000 -154573.639056206
5807454000 -155418.637061119
5814282000 -157134.85713768
5821095000 -158987.166508675
5827915000 -159781.33457756
5834717000 -161738.0483675
5841542000 -164495.392649651
5848357000 -164344.661047935
5855169000 -166224.059520721
5861983000 -168089.45881176
5868799000 -169940.862139702
5875615000 -171795.920348167
5882447000 -172513.461006165
5889267000 -173340.546595573
5896076000 -176268.335594177
5902893000 -177129.198627472
5909707000 -181020.181008339
5916522000 -180905.995528221
5923339000 -179777.823738098
5930157000 -180644.488377571
5936972000 -178541.267003059
5943818000 -178168.327506065
5950639000 -178019.52289772
5957452000 -177944.917534828
5964258000 -175935.681715012
5971067000 -175903.641144753
5977871000 -173919.326797485
5984683000 -172868.132602692
5998341000 -173477.014547348
6005154000 -172427.976726532
6011969000 -169364.96439743
6018785000 -170296.793324471
6025601000 -169232.277132034
6032415000 -167189.038777351
6039235000 -165096.587506294
6046042000 -165122.33067894
6052851000 -164134.099346161
6059662000 -163131.896720886
6066483000 -161045.255631447
6073299000 -161006.316095352
6080114000 -160979.839164734
6086922000 -159018.666370392
6093735000 -158017.106610298
6100550000 -156001.586278915
6107369000 -155954.497428894
6114180000 -154981.50703907
6120994000 -152985.752640724
6127810000 -151976.043031693
6134610000 -150110.843307495
6141420000 -149161.252292633
6155042000 -147255.411949158
6161865000 -146202.350522041
6168682000 -145205.75603199
6175494000 -143256.818603516
6182308000 -141293.932394028
6189119000 -139361.096370697
6195944000 -140308.729276657
6202755000 -137383.199795723
6209572000 -136408.534586906
6216386000 -134463.916345596
6223198000 -133540.543779373
6230013000 -132594.43400383
6244030000 -131309.570702553
6250850000 -128330.658370972
6257673000 -127329.023937225
6264489000 -126392.604439735
6271301000 -125495.010560036
6278110000 -124627.443719864
6284930000 -123666.816513062
6291722000 -120955.998637199
6298530000 -120108.16125679
6305342000 -120228.810153961
6312156000 -118335.530701637
6318972000 -117428.326116562
6325805000 -116375.373653412
6332614000 -115537.002971649
6339424000 -115693.492341042
6346234000 -113853.630159378
6353049000 -112973.485157013
6359862000 -111114.565397263
6366680000 -110215.371395111
6373490000 -109390.111579895
6380357000 -108067.80608654
6387151000 -107390.410827637
6393970000 -106497.071011543
6400787000 -105624.95429039
6407601000 -105782.839406967
6414410000 -104988.284389496
6421227000 -104127.129626274
6428045000 -102260.850462914
6434867000 -101363.10905838
6441693000 -101433.911849976
6448518000 -99517.1589975357
6455327000 -99744.5219907761
6462131000 -98019.4207191467
6468945000 -96210.1901073456
6475758000 -95413.3888311386
6482568000 -96646.5674104691
6489381000 -94857.0678539276
6496187000 -93132.644908905
6503019000 -92183.7302627563
6509842000 -90317.4529390335
6516663000 -90472.3847723007
6523488000 -88595.885468483
6530311000 -88740.5953187943
6537127000 -85950.3699636459
6543928000 -86295.3680343628
6550741000 -86538.7564992905
6557555000 -84777.0264616013
6564372000 -84992.6402750015
6571193000 -84176.8336715698
6578010000 -83399.7615356445
6584842000 -82494.8250713348
6591654000 -81768.9102954865
6598476000 -78958.9766530991
6605293000 -79196.5363731384
6612130000 -79262.4346008301
6618946000 -77516.0822877884
6632569000 -75113.2206716537
6639383000 -74395.3556280136
6646194000 -73707.4328956604
6659811000 -72386.3465909958
6666651000 -73455.2838220596
6673469000 -70720.6447067261
6680285000 -71007.1836357117
6687103000 -71279.8574991226
6693923000 -70538.6695146561
6700747000 -69766.1051006317
6707564000 -69058.5126953125
6714389000 -69284.5136270523
6721205000 -67592.9947080612
6728026000 -67861.3468990326
6734837000 -67220.9215106964
6741643000 -67627.9240541458
6748449000 -66038.5707616806
6755264000 -64374.0701313019
6762085000 -65660.6988611221
6768900000 -64003.5090637207
6775718000 -63323.7140674591
6782527000 -62726.3482904434
6796150000 -62498.8018932343
6802968000 -59833.6231994629
6809783000 -61198.3524971008
6816605000 -59505.4871044159
6823415000 -59921.274017334
6830228000 -58314.4632377625
6837033000 -57781.2895441055
6843847000 -57173.0301628113
6850665000 -56533.435092926
6857483000 -56897.497048378
6864303000 -57247.7239656448
6871128000 -56557.8825721741
6877940000 -55985.3901910782
6884757000 -56372.8262825012
6891575000 -54755.1744394302
6898386000 -55202.3830795288
6905199000 -53635.7556085587
6918821000 -53548.4226341248
6925640000 -52940.3007650375
6932455000 -50370.7996788025
6939267000 -50831.1728076935
6946086000 -49234.0193328857
6952893000 -48745.3927106857
6959710000 -50173.026049614
6966514000 -47717.9092273712
6973327000 -48187.7973222733
6980141000 -49652.6001625061
6986947000 -49190.946808815
6993762000 -48654.3149824142
7000572000 -49165.0135259628
7007376000 -48731.7691783905
7014188000 -48232.29292202
7021028000 -46491.9235401154
7027839000 -47008.4966392517
7034649000 -46537.4518909454
7041466000 -46008.9309225082
7048284000 -46475.3343477249
7055096000 -44997.7809352875
7061911000 -44497.6866531372
7068728000 -43983.786277771
7075549000 -44438.6242008209
7082363000 -42958.2245092392
7089175000 -42498.9342384338
7095991000 -43008.3833360672
7102803000 -41556.3963918686
7109618000 -42081.8798389435
7116427000 -40663.3742790222
7123238000 -42231.0647726059
7130057000 -40732.6037788391
7136877000 -42229.076294899
7143688000 -40807.7244577408
7150502000 -42363.8515892029
7157310000 -40975.9693450928
7164119000 -41583.0109596252
7177776000 -40467.9027709961
7184592000 -41024.8615598679
7191397000 -39681.3985242844
7198208000 -40289.2599954605
7205021000 -38883.3325300217
7211836000 -39463.6193437576
7218646000 -40091.1507463455
7225454000 -39739.765838623
7232272000 -39304.8563899994
7239086000 -37908.4701595306
7245905000 -39472.1566038132
7252717000 -39100.5094766617
7259528000 -39741.2278804779
7266340000 -40376.881401062
7273153000 -40007.4716453552
7279964000 -41659.1402177811
7286787000 -41209.9047574997
7293597000 -40877.5910606384
7300417000 -42461.8085746765
7307236000 -42058.396446228
7314042000 -41771.8808784485
7320854000 -43436.7487802505
7327675000 -44026.881061554
7334485000 -44716.4730558395
7341298000 -43383.5879774094
7348111000 -43054.3545627594
7354928000 -43693.9430713654
7361738000 -44398.1358261108
7368608000 -43583.5953674316
7375419000 -44286.4113397598
7382244000 -44871.002822876
7389058000 -44555.0110874176
7395897000 -46025.0667686462
7402717000 -46664.1718540192
7409539000 -45289.5298337936
7416356000 -47962.0621414185
7423177000 -47603.4421377182
7429958000 -47596.5436048508
7436791000 -50140.8106851578
7443619000 -49732.2531862259
7450446000 -50336.063369751
7457273000 -48943.5402393341
7464047000 -50015.7227554321
7470876000 -51613.1079053879
7477664000 -51570.7707700729
7484463000 -51436.3888568878
7491285000 -52105.6193208694
7498106000 -52787.2072734833
7504925000 -53489.8467388153
7511739000 -54239.6197948456
7518558000 -56949.5727758408
7525376000 -56671.8778800964
7532199000 -56354.3725643158
7539007000 -57170.9239311218
7545816000 -58982.4291849136
7552638000 -61684.5873584747
7559505000 -62999.2964420319
7566328000 -62700.1105985641
7573154000 -64378.5163459778
7579987000 -64999.759598732
7586804000 -67763.7030639648
7593617000 -68566.0571088791
7600430000 -70372.0628175735
7607250000 -70120.9070968628
7614072000 -72856.0364522934
7620890000 -72629.5731706619
7627708000 -73406.766913414
7634521000 -75231.0448770523
7641305000 -77310.8367261887
7654888000 -81351.0247926712
7661710000 -82111.721116066
7668530000 -80893.4442844391
7675360000 -82592.0043582916
7682191000 -86285.5526542664
7695730000 -87751.3783159256
7702525000 -88768.3566217422
7709349000 -92537.2602729797
7716176000 -93283.7903432846
7723009000 -93981.9162330627
7729835000 -96744.4608402252
7736665000 -97475.9614458084
7743492000 -96237.1625595093
7750324000 -98958.6487159729
7757149000 -98744.5374727249
7763971000 -98560.1165313721
7770721000 -99003.9368391037
7777493000 -99260.5093603134
7784320000 -100043.638624191
7791146000 -101839.107694626
7797981000 -103560.189156532
7804799000 -102432.37062645
7811621000 -102273.523095131
7818452000 -104040.298157692
7825272000 -105906.11895752
7832102000 -105688.899972916
7838918000 -108596.721917152
7845687000 -109915.633495331
7852432000 -112446.188799858
7859234000 -112486.260751724
7866027000 -113607.977619171
7872810000 -115819.991663933
7879590000 -118061.623761177
7886360000 -118393.528496742
7893167000 -119408.430520058
7899963000 -121522.287895203
7906741000 -123795.731139183
7913525000 -125020.807684898
7920299000 -126336.134436607
7927098000 -129438.510597229
7933887000 -129631.142300606
7940658000 -131983.304364204
7947450000 -131157.195955276
7967778000 -137116.28839016
7974549000 -138486.503529549
7981334000 -139739.111269951
7988125000 -140943.394995689
7994924000 -142082.050151825
8001721000 -144241.655079842
8008531000 -144292.366334915
8015337000 -146381.347957611
8022137000 -146525.903411865
8028932000 -145717.368659019
8035732000 -146869.196921349
8042502000 -146284.263175964
8049293000 -147521.226146698
8056059000 -148978.124117851
8062835000 -148352.106108665
8069639000 -150487.46635437
8076416000 -148860.03681469
8083199000 -149184.319600105
8089978000 -150546.820391655
8096768000 -150817.796675682
8103558000 -151092.400010109
8110312000 -151681.958637238
8117085000 -154110.803911209
8123867000 -154465.435616493
8130688000 -154486.475969315
8137473000 -155822.427885056
8144285000 -156928.577425003
8151052000 -158427.393615723
8157879000 -158411.156225204
8164692000 -158519.597732544
8171513000 -159562.545354843
8178330000 -164643.723849297
8185146000 -164737.200418472
8191961000 -165842.973450661
8198778000 -167935.118195534
8205593000 -167048.199917793
8212376000 -169441.41472435
8219145000 -169959.201345444
8225964000 -172048.647032738
8232787000 -174107.19732666
8239546000 -173722.231685638
8246303000 -176358.134672165
8253057000 -177023.539873123
8259810000 -179701.17001152
8266629000 -180812.430711746
8273454000 -182875.538467407
8280275000 -182976.849308014
8287101000 -184038.649892807
8293924000 -183130.0167799
8300730000 -184371.807518959
8307487000 -184040.234642029
8314291000 -184306.551395416
8321109000 -184455.670218468
8327929000 -184591.18429184
8334713000 -186041.050240517
8341478000 -185658.503437996
8348241000 -186296.815606117
8355065000 -185412.371943474
8361902000 -186419.424940109
8368729000 -186516.432151794
8375555000 -186625.733190536
8382375000 -187790.459470749
8389207000 -185855.332107544
8396039000 -185923.876805305
8409732000 -186821.873223305
8416558000 -184953.193178177
8423378000 -184139.919018745
8430178000 -184502.760893822
8436931000 -183274.489123344
8443784000 -184187.62722683
8450597000 -183449.309440613
8457394000 -183852.574554443
8464193000 -183242.233864784
8470966000 -182859.640335083
8477735000 -184515.132125854
8484489000 -183303.507126808
8491277000 -184802.45750618
8498084000 -185141.300251007
8504861000 -184742.297253609
8511655000 -187200.428039551
8518459000 -186576.031158447
8525269000 -187903.584118843
8532084000 -189191.711391449
8538897000 -190500.721055031
8545692000 -189968.429984093
8552481000 -190491.450640678
8559274000 -190983.646526337
8566079000 -191376.126831055
8572886000 -190755.026994705
8579647000 -191533.682227135
8586453000 -190928.458777428
8593248000 -191421.589652061
8600054000 -190823.648639679
8606861000 -193220.742846489
8613670000 -192604.265471458
8620483000 -193957.003982544
8627304000 -195244.535466194
8634114000 -196630.401992798
8640923000 -198028.523233414
8647723000 -198507.743412018
8654498000 -201205.731222153
8661304000 -201640.585543633
8668100000 -203165.12528801
8674914000 -205538.433855057
8681720000 -205984.219596863
8688523000 -207459.45705986
8695340000 -208817.907697678
8702145000 -210283.23166275
8708945000 -212795.203285217
8715769000 -212104.403593063
8722583000 -214503.265766144
8729385000 -214008.972332001
8736192000 -214475.324926376
8743023000 -216738.965164185
8749842000 -217109.448726654
8756675000 -216363.230167389
8763492000 -217758.230680466
8770305000 -219191.271492004
8777125000 -219567.795118332
8783940000 -219990.952983856
8790760000 -220374.79227066
8797568000 -221865.418014526
8804383000 -222299.536230087
8811199000 -222728.715385437
8817980000 -224462.281106949
8824799000 -223872.975858688
8831612000 -225338.876283646
8838434000 -225731.111831665
8852002000 -228179.380722046
8858792000 -226857.411382675
8865581000 -230547.657686234
8872355000 -230370.350824356
8879155000 -230973.378322601
8885979000 -230373.955884933
8892792000 -232872.647853851
8899599000 -233426.506971359
8906406000 -233984.011320114
8913232000 -236382.048900604
8920038000 -236955.438201904
8926856000 -239429.466423035
8933671000 -241932.901371002
8940540000 -241976.524568558
8947355000 -242487.296085358
8954139000 -243267.751699448
8960931000 -243983.17924118
8967751000 -245461.980464935
8974539000 -248219.001415253
8981314000 -248091.180589676
8988131000 -249606.654859543
8994974000 -250902.746372223
9001795000 -251391.234996796
9008615000 -253891.961202621
9015414000 -254576.459424973
9022217000 -257230.289247513
9029019000 -256896.335754395
9035836000 -257437.394187927
9042650000 -259007.832555771
9056280000 -259142.5203228
9070314000 -262828.53338623
9077129000 -265408.882198334
9083950000 -269941.456352234
9090771000 -273477.690750122
9097585000 -274077.577758789
9104395000 -276715.396713257
9111212000 -276296.879249573
9118019000 -276967.7050457
9124792000 -279933.494764328
9131589000 -279697.269451141
9145526000 -281297.385332108
9152332000 -282995.152740479
9159165000 -285465.295948029
9166001000 -286913.417419434
9172839000 -286348.086416245
9179679000 -288769.306165695
9186519000 -290194.206577301
9193362000 -290597.099245071
9200203000 -293020.80033493
9207036000 -292516.676984787
9213879000 -294930.614871979
9220714000 -295416.7218647
9227933000 -298619.426116943
9234828000 -298599.517532349
9241696000 -298814.442043304
9248532000 -299306.948202133
9255369000 -300794.572797775
9262208000 -299268.760053635
9269015000 -298020.446121216
9275801000 -298955.460084915
9282632000 -297509.086618423
9289452000 -298160.491815567
9296273000 -299807.001476288
9303091000 -300482.83389473
9309915000 -302111.001531601
9316735000 -302777.045022964
9323560000 -304403.984882355
9330392000 -304974.725112915
9337224000 -307549.137405396
9344040000 -308264.036941528
9350859000 -309956.940114975
9357671000 -309713.350530624
9364489000 -311422.115488052
9371309000 -312117.439863205
9378126000 -313842.068214417
9384945000 -314553.257053375
9391769000 -316225.368017197
9398578000 -317029.342323303
9405401000 -316717.318286896
9412220000 -319443.13898468
9419032000 -320232.43312645
9425853000 -319948.477239609
9432669000 -321710.901481628
9439488000 -321451.350278854
9446303000 -322229.628795624
9453125000 -321951.764541626
9459948000 -323669.019775391
9466773000 -322372.854810715
9473604000 -324029.1098423
9480434000 -325697.576078415
9487249000 -326497.807466507
9494068000 -328267.536073685
9500889000 -329023.845558167
9507712000 -328766.739139557
9514557000 -331325.469327927
9521382000 -331058.625505447
9528211000 -332761.300376892
9535036000 -335501.787780762
9541874000 -336134.979698181
9548698000 -337891.338008881
9555521000 -339659.894094467
9562347000 -342406.511247635
9569172000 -344165.327249527
9575990000 -345987.53670311
9589612000 -348762.369504929
9596436000 -349544.355962753
9603268000 -353261.761436462
9610076000 -355187.559436798
9616866000 -356270.534481049
9623696000 -358015.978555679
9630528000 -359748.035718918
9637358000 -359500.820690155
9644181000 -360316.966930389
9651006000 -361119.721960068
9657852000 -361747.090015411
9664670000 -363616.865474701
9671459000 -361737.528474808
9678256000 -363793.620201111
9692280000 -363251.57204628
9699086000 -364242.090139389
9705902000 -365151.027574539
9712724000 -365012.488220215
9719561000 -366749.789066315
9726394000 -367524.850826263
9733207000 -368473.992376328
9740076000 -369949.677049637
9746878000 -371999.863777161
9753705000 -372840.722337723
9760530000 -373702.283952713
9767353000 -374584.54540062
9774178000 -374453.435020447
9780999000 -375360.05547142
9787806000 -375389.560693741
9794595000 -377575.990215302
9801340000 -379140.704473495
9808087000 -381691.968980789
9814861000 -383016.939151764
9821678000 -382979.444166183
9828480000 -386073.297700882
9835286000 -386136.741903305
9842105000 -386093.177301407
9848918000 -389104.338178635
9855737000 -388068.086551666
9862556000 -390035.493026733
9869363000 -392108.673057556
9876188000 -392032.334775925
9.883e+09 -394070.272169113
9889814000 -393094.844127655
9896648000 -393952.919294357
9903467000 -395942.272748947
9910225000 -396454.175006866
9917037000 -399510.353033066
9923851000 -404553.170978546
9930649000 -406735.71846199
9937436000 -408015.448474884
9944234000 -411205.26128006
9951052000 -416228.645759583
9957882000 -423153.655361176
9964699000 -426192.862449646
9971516000 -429235.725492477
9978301000 -435554.278104782
9985112000 -443655.438985825
9991942000 -452598.74977684
9998762000 -460630.724897385
10005582000 -468666.35918808
10012390000 -473807.633085251
10019216000 -478799.592281342
10026027000 -479922.676538467
10032853000 -483921.958904266
10039671000 -483992.876670837
10046505000 -485931.52047348
10053313000 -485094.712373734
10060135000 -484142.625980377
10066956000 -482202.694980621
10073739000 -480589.178825378
10080557000 -478682.026945114
10094180000 -475989.089418411
10101001000 -475067.427444458
10107825000 -472123.953128815
10114626000 -469379.419776917
10121374000 -465088.484323502
10135246000 -459325.601800919
10141992000 -457062.589256287
10148788000 -454378.774835587
10155611000 -453469.442077637
10162421000 -449674.097074509
10169239000 -446814.512273788
10176060000 -443933.128013611
10182886000 -440012.979215622
10189698000 -438215.277914047
10196521000 -436327.904476166
10203345000 -432435.7100811
10210169000 -431547.179149628
10216989000 -430696.240777969
10223816000 -430789.589418411
10230635000 -431954.45434761
10237463000 -433046.65140152
10244284000 -433201.877101898
10251111000 -433309.885505676
10257943000 -433379.165336609
10264778000 -434426.681684494
10271602000 -433571.131063461
10278427000 -434710.766468048
10285255000 -433828.635700226
10292074000 -433026.459993362
10305698000 -432551.737001419
10312521000 -431726.629043579
10319325000 -430066.193704605
10326141000 -426307.71613884
10332983000 -424332.591562271
10339784000 -420708.526895523
10346609000 -418884.771175385
10353429000 -415107.037694931
10360251000 -410316.021379471
10367082000 -409452.432182312
10373903000 -404677.213260651
10380723000 -401914.123977661
10387546000 -398129.287296295
10394327000 -396703.782487869
10401151000 -391917.780260086
10407975000 -388135.441495895
10414805000 -386305.965925217
10421623000 -382581.754362106
10428417000 -378064.375181198
10435159000 -374990.812959671
10441953000 -372480.668634415
10448796000 -368559.417701721
10455618000 -363819.584161758
10462444000 -360049.560081482
10469269000 -355291.664043427
10476087000 -349596.665775299
10482915000 -347820.71099472
10489738000 -343090.728057861
10503764000 -335427.052669525
10510587000 -333708.260879517
10524221000 -325383.161714554
10537847000 -318140.342611313
10544717000 -317042.390420914
10551534000 -318396.316757202
10558357000 -318703.166538239
10565194000 -318895.310377121
10572018000 -319201.038108826
10578844000 -319493.521696091
10585672000 -318772.764354706
10592494000 -318106.391170502
10599323000 -317384.513933182
10606155000 -317640.950555801
10612983000 -317934.863721848
10619807000 -315266.246984482
10626637000 -318550.593431473
10633464000 -317863.958314896
10640294000 -319155.642969131
10647130000 -319400.30692482
10653953000 -319758.469905853
10660783000 -319061.163751602
10667632000 -320207.037883759
10674466000 -321483.29662323
10681303000 -322737.892333984
10688141000 -320987.720272064
10694979000 -322241.226724625
10701809000 -321565.964748383
10708645000 -321843.711111069
10715474000 -321184.235235214
10722284000 -321688.836099625
10735943000 -325379.766664505
10742829000 -325253.824705124
10749618000 -325950.328763962
10756440000 -329371.944206238
10763273000 -329704.388690948
10770105000 -328048.945070267
10776952000 -327270.60018158
10783785000 -326614.071058273
10790618000 -325961.215068817
10797462000 -327219.22952652
10804276000 -324734.011068344
10811110000 -326083.734647751
10817948000 -325403.392454147
10824790000 -325692.990940094
10831628000 -328020.007921219
10838472000 -328300.103126526
10845291000 -328794.704401016
10852123000 -330183.343770981
10858922000 -328853.903650284
10865760000 -329199.281991959
10872584000 -330666.368606567
10879417000 -332061.247241974
10886242000 -333527.235994339
10893066000 -337005.318372726
10899894000 -335453.350019455
10906719000 -337930.333461761
10913541000 -338436.263870239
10920369000 -339895.293966293
10927195000 -342374.844623566
10934019000 -343874.912622452
10940846000 -346353.368104935
10947667000 -348886.039018631
10954497000 -351346.55188942
10961316000 -356903.395553589
10968138000 -359438.6277771
10974963000 -360952.253385544
10981800000 -365368.47826004
10988642000 -368746.272733688
10995472000 -373228.802377701
11002298000 -375748.68390274
11009118000 -379322.750780106
11015935000 -382925.735090256
11022749000 -387557.632001877
11029573000 -394108.998176575
11036393000 -397697.699054718
11043217000 -405256.390008926
11050048000 -412759.827272415
11056878000 -421275.351718903
11063707000 -427802.961736679
11070531000 -438376.316213608
11077352000 -445978.577922821
11084177000 -453550.843667984
11090992000 -462210.909103394
11097827000 -471706.368776321
11104664000 -481188.678853989
11111488000 -490784.021100998
11118314000 -498366.204080582
11125144000 -507918.409357071
11131977000 -516449.053670883
11138804000 -524033.829641342
11145631000 -533622.272298813
11152453000 -542256.425041199
11159288000 -550784.933244705
11166113000 -559401.192785263
11172891000 -567416.249177933
11179666000 -576460.139431
11186478000 -583196.618541718
11193251000 -592264.561542511
11199982000 -599689.12090683
11206791000 -608461.700702667
11213523000 -614885.026079178
11220273000 -623160.656585693
11227036000 -631330.634965897
11241010000 -646917.411014557
11247773000 -653098.422538757
11254586000 -660862.999956131
11261414000 -667505.227409363
11268232000 -675235.118335724
11275050000 -679968.666286469
11281867000 -685714.269762039
11288683000 -692471.927154541
11295492000 -698292.021417618
11302317000 -702981.412799835
11309136000 -710724.846843719
11315962000 -714413.168266296
11322777000 -721197.503383636
11329600000 -724918.334356308
11336408000 -731768.74083519
11350047000 -741287.450580597
11356869000 -747031.311906815
11370877000 -753475.508527756
11377701000 -756213.767246246
11384538000 -755846.613935471
11391374000 -757491.52794838
11398189000 -758316.29460907
11404996000 -758211.825576782
11411799000 -758144.554885864
11418629000 -758854.456142426
11425461000 -758551.252902985
11432276000 -758394.295036316
11439098000 -758182.288070679
11445926000 -757923.628868103
11452713000 -758012.424757004
11459510000 -757020.999252319
11466332000 -758823.608577728
11473154000 -758629.879219055
11479968000 -758506.874492645
11486836000 -756934.874187469
11493628000 -757003.60433197
11500459000 -756749.092817307
11514115000 -755301.364103317
11520942000 -755091.38107872
11527775000 -754834.789821625
11534609000 -751573.493082047
11541445000 -751299.114395142
11548273000 -751095.432394028
11555142000 -751551.961072922
11561979000 -751280.248449326
11568814000 -751028.965114594
11575650000 -748772.981676102
11582471000 -747646.297346115
11589289000 -745548.396202087
11596101000 -746504.394750595
11602925000 -744363.56498909
11609766000 -744084.062730789
11616594000 -743917.080364227
11623433000 -741661.677845001
11630257000 -741535.521270752
11637082000 -742404.657608032
11643910000 -740252.348432541
11657946000 -737778.540874481
11664772000 -738654.175853729
11671598000 -734533.476449966
11678425000 -734408.075353622
11685252000 -731286.340946198
11692085000 -731118.075862885
11698908000 -728037.140808105
11705727000 -728993.328763962
11712938000 -724674.250904083
11719762000 -724596.145095825
11726589000 -721496.612216949
11733410000 -718450.923875809
11740247000 -718275.096763611
11747066000 -715253.461301804
11753881000 -713268.92939949
11767514000 -708285.746137619
11774339000 -705228.579704285
11781170000 -706124.922496796
11787994000 -702083.447044373
11794812000 -701095.783927917
11801643000 -700003.128925323
11808477000 -697889.073698044
11815299000 -693878.971078873
11822137000 -693738.833835602
11828933000 -690953.304395676
11835750000 -687995.954984665
11842565000 -688058.970302582
11849395000 -686000.331651688
11856219000 -683995.482795715
11863037000 -682044.414070129
11869854000 -681105.354614258
11876674000 -678144.895992279
11883498000 -675154.691869736
11890318000 -673201.55373764
11897132000 -671302.175352097
11903936000 -668489.945299149
11910756000 -667547.772878647
11917575000 -663617.608118057
11924397000 -662666.057600021
11931219000 -659718.168401718
11938041000 -656773.940523148
11944864000 -657825.027618408
11951678000 -653954.889343262
11958492000 -652088.403804779
11965310000 -649192.192073822
11972116000 -647399.767721176
11978917000 -646652.705839157
11985733000 -646784.135879517
11992551000 -643902.535621643
11999373000 -640991.224180222
12006193000 -640100.257087708
12013012000 -637221.290145874
12019814000 -635487.768842697
12026639000 -634566.069534302
12040652000 -629706.673189163
12047469000 -626862.86854744
12054291000 -626981.031196594
12061113000 -623102.855165482
12067935000 -621228.340452194
12074757000 -620357.487054825
12081574000 -618531.972902298
12088394000 -616685.109558105
12095218000 -614808.567333221
12102034000 -612002.360380173
12108851000 -610191.47486496
12115682000 -607267.584667206
12122500000 -605455.686201096
12129318000 -602647.444761276
12136145000 -600767.878713608
12142967000 -598933.63312912
12149789000 -595103.048862457
12156608000 -593301.114961624
12163428000 -590494.510011673
12170252000 -587658.249795914
12177067000 -585900.605701447
12183896000 -583030.029903412
12190720000 -582204.757936478
12197547000 -578358.17004776
12211570000 -574603.931663513
12218385000 -571868.439882278
12225190000 -570219.844778061
12232005000 -569491.655254364
12238823000 -565742.149892807
12252464000 -561212.499540329
12259293000 -558382.430286407
12266112000 -557639.240543365
12272930000 -553908.029428482
12279755000 -553122.235376358
12286571000 -550414.980981827
12293387000 -547711.381471634
12300259000 -546545.60736084
12314285000 -542879.729198456
12321112000 -541099.506353378
12334791000 -538342.169082642
12341608000 -535656.111003876
12348440000 -533848.990007401
12355263000 -531120.367553711
12362085000 -530403.721008301
12368919000 -527590.980018616
12375740000 -525889.974992752
12382562000 -524184.318304062
12389386000 -522465.70019722
12396218000 -521684.258892059
12403042000 -518972.972007751
12409911000 -516891.409536362
12416739000 -514154.236869812
12423561000 -511470.584047318
12430406000 -510599.505243301
12437233000 -508881.649372101
12444058000 -505184.074325562
12457705000 -501824.835830688
12464534000 -500105.030958176
12471357000 -496438.724445343
12478180000 -494776.080322266
12485002000 -492125.402439117
12491852000 -489245.893201828
12498664000 -486685.580705643
12505489000 -485020.989728928
12512310000 -483393.270086288
12519132000 -482760.909524918
12525955000 -478123.909658432
12539639000 -475545.5141716
12546469000 -472861.428791046
12553297000 -472197.610267639
12560129000 -470504.267757416
12566962000 -467806.299907684
12573782000 -464219.864404678
12580622000 -462471.161560059
12587443000 -461883.759340286
12594273000 -458225.360105515
12601106000 -456545.746641159
12607942000 -455844.923780441
12614768000 -452230.713665009
12621599000 -450578.703655243
12628409000 -449104.508487701
12635239000 -447468.121189117
12642068000 -444843.695291519
12648896000 -443231.229185104
12655719000 -438663.882921219
12662541000 -438108.488929749
12669360000 -435581.624288559
12676186000 -433000.396093369
12683024000 -431323.37428093
12689851000 -428741.196025848
12696676000 -426179.258844376
12703497000 -423654.132835388
12710373000 -421676.930500031
12717199000 -418117.726593018
12724030000 -416520.763080597
12730862000 -412919.186048508
12737742000 -410923.650707245
12744552000 -408511.678998947
12751391000 -404863.151885986
12765022000 -399966.381784439
12771850000 -397419.96223259
12778672000 -394926.89490509
12785495000 -391429.208688736
12792328000 -389852.388160706
12799159000 -388295.799034119
12805993000 -383718.04510498
12812837000 -380061.184818268
12819669000 -378507.339725494
12826493000 -377023.382541656
12833325000 -374476.877267838
12840154000 -371958.871772766
12846979000 -368477.636594772
12853806000 -366983.516288757
12860636000 -364468.239782333
12867467000 -361948.359426498
12874299000 -358423.876832962
12881135000 -355869.975568771
12887958000 -353427.288560867
12894797000 -351855.918197632
12901626000 -349370.938131332
12908449000 -345939.250106812
12915284000 -344411.984506607
12922108000 -340979.35824585
12928933000 -338542.126527786
12935748000 -336191.243211746
12942580000 -334703.460252762
12949404000 -330285.487852097
12956234000 -329821.578262329
12963072000 -328295.208683014
12969909000 -324780.783315659
12976747000 -321261.770223618
12983589000 -319713.377149582
12990409000 -316350.47677803
12997264000 -315702.011377335
13004089000 -312305.133073807
13010918000 -311878.869419098
13017740000 -309514.108150482
13024567000 -307111.701202393
13031397000 -309688.178356171
13038219000 -318334.408018112
13045007000 -325265.131860733
13051822000 -332976.480695724
13058643000 -340641.931026459
13065456000 -347377.107061386
13072271000 -352099.419464111
13079057000 -352064.841911316
13085882000 -352711.880622864
13092708000 -354354.327835083
13099524000 -358082.995679855
13106338000 -353831.828336716
13113158000 -351534.787149429
13119984000 -350191.88177681
13126789000 -347025.962505341
13133586000 -347929.708906174
13140412000 -344597.773521423
13147241000 -344244.748500824
13154078000 -341829.382629395
13160904000 -339508.451601028
13167724000 -337240.687004089
13174545000 -333968.331975937
13181378000 -332600.648435593
13188187000 -330434.602661133
13195021000 -328066.004497528
13201853000 -326717.575447083
13215510000 -323089.458169937
13222346000 -319719.058176041
13229174000 -318418.296962738
13236004000 -316104.713979721
13242827000 -313852.510503769
13249647000 -312628.700496674
13256468000 -309400.306507111
13263331000 -307829.382835388
13270157000 -306567.121477127
13276988000 -304267.318025589
13283820000 -302962.944553375
13290645000 -301719.92640686
13297464000 -297530.012378693
13304267000 -295475.586763382
13311027000 -294779.073150635
13317829000 -292740.144750595
13324653000 -289523.62480545
13338319000 -285953.314405441
13345140000 -284772.50305748
13351944000 -282735.357896805
13358741000 -278759.500522614
13365569000 -276532.005895615
13372370000 -275530.49801445
13379131000 -273861.969100952
13385892000 -270197.036323547
13392661000 -268469.840147018
13399488000 -266268.798053741
13406277000 -263384.214647293
13413103000 -261198.71635437
13419924000 -259058.035150528
13426743000 -256937.473712921
13433490000 -253413.074661255
13440282000 -250521.965524673
13447105000 -249379.412639618
13453924000 -247273.432632446
13460749000 -245121.748214722
13467565000 -244047.767267227
13474380000 -239985.667211533
13481188000 -238984.799297333
13487979000 -235127.401700974
13494802000 -232010.451202393
13501614000 -230987.625656128
13508435000 -228894.440702438
13515258000 -225788.470399857
13522079000 -223702.60700798
13528906000 -220571.073524475
13535720000 -216550.082143784
13542544000 -215450.537000656
13549361000 -211412.196111679
13556194000 -209245.997955322
13563022000 -207124.568122864
13569835000 -203130.083583832
13576647000 -199147.468675613
13583458000 -196176.721790314
13590272000 -194184.973741531
13597080000 -191246.176580429
13603907000 -187154.925088882
13610713000 -184239.861289978
13617517000 -181344.8711586
13624336000 -178330.309814453
13631159000 -175286.551855087
13637986000 -173213.603721619
13644813000 -170144.322275162
13651614000 -165292.221282959
13658423000 -163378.066833496
13665252000 -161303.339822769
13672053000 -157462.174530029
13678862000 -154558.968637466
13685677000 -150610.15378952
13692505000 -147558.277662277
13699332000 -143518.277612686
13706153000 -140531.190917969
13712966000 -138613.422405243
13719791000 -135600.825084686
13726614000 -131608.304641724
13733421000 -129750.736709595
13740233000 -127855.788524628
13747053000 -123898.854442596
13753878000 -121904.559412003
13760677000 -118127.219610214
13767465000 -115443.748973846
13774257000 -113731.093572617
13781073000 -108825.222106934
13787897000 -106857.394741058
13794724000 -102868.628408432
13801528000 -101072.135068893
13808347000 -97156.2876644135
13815169000 -93219.5007514954
13821987000 -91319.1698169708
13828810000 -90381.5052642822
13835606000 -85668.8381156921
13849231000 -80983.9189319611
13856050000 -78093.6621208191
13862869000 -74207.0634098053
13869687000 -72332.3177108765
13876474000 -67715.2547492981
13883302000 -65765.8680496216
13890098000 -62082.3349018097
13896909000 -59279.5436382294
13903709000 -56570.5164909363
13910538000 -52627.567773819
13917399000 -50426.170747757
13931013000 -45919.0156898499
13937832000 -43072.6313858032
13944650000 -41238.0941925049
13951470000 -37390.8370666504
13958280000 -34629.1185417175
13965097000 -31813.7366161346
13971916000 -28985.6368999481
13978728000 -25218.4996242523
13985547000 -21397.7123508453
13992360000 -18629.6947479248
13999179000 -14816.2204532623
14006004000 -12957.2991199493
14012798000 -7355.73557472229
14019634000 -4414.11238861084
14026449000 -3647.99973487854
14033270000 -836.448623657227
14040082000 1897.80867195129
14046831000 5113.01398277283
14053651000 6905.44738578796
14060434000 9391.56511688232
14067250000 12143.9825458527
14074074000 15958.1757678986
14080900000 18785.0621166229
14087668000 22133.9726581573
14094478000 23822.7232837677
14101295000 28565.0623054504
14108110000 31287.3930644989
14114930000 31046.9481143951
14121755000 36843.7194061279
14128586000 38685.8734302521
14135396000 41352.7022914886
14142133000 44419.2189083099
14148874000 47514.8566761017
14155710000 49383.2989883423
14162525000 54076.4555778503
14176523000 59458.6574878693
14183351000 63246.8684387207
14190164000 66908.8661231995
14196987000 69648.9037914276
14203814000 71417.9535751343
14210638000 74158.8323993683
14217466000 76928.7179737091
14224283000 79605.0986099243
14231102000 84294.15625
14237913000 86914.2282428741
14244743000 90685.7934627533
14251566000 93396.5346832275
14258396000 97160.7638435364
14265225000 97913.1592979431
14272051000 101637.39614296
14278863000 106243.68926239
14285688000 109952.440214157
14292503000 112575.910131454
14299313000 116154.92067337
14306132000 119803.727966309
14312947000 122416.236997604
14319769000 126082.208757401
14326612000 126915.857507706
14333435000 129582.653787613
14340248000 132164.208745956
14347068000 134799.213541031
14353899000 138520.28418541
14360720000 141156.121019363
14367518000 144600.715419769
14374328000 147139.536773682
14381141000 149699.173707962
14387971000 151393.77935791
14394786000 154962.411060333
14401606000 154568.154287338
14408434000 157235.458581924
14415264000 157915.39909935
14428887000 158962.686405182
14435709000 159566.434007645
14442528000 159142.070749283
14449345000 159697.750772476
14456162000 159249.774843216
14462975000 159765.550004959
14469795000 160334.707420349
14476615000 163900.205663681
14483441000 163510.924510956
14490264000 165093.539466858
14497085000 166656.20092392
14510676000 170355.174425125
14517489000 170841.730918884
14524292000 170243.201604843
14531118000 171828.317546844
14537936000 173344.629148483
14544755000 173865.42552948
14551589000 174504.682828903
14558410000 175034.436426163
14565232000 175568.669975281
14572065000 178188.778430939
14578886000 178707.544319153
14585708000 179230.788547516
14592512000 181603.886610031
14599320000 183005.892698288
14606128000 185404.252481461
14612941000 186839.648162842
14619764000 189352.75122261
14633792000 192475.469602585
14640620000 195018.051757812
14647379000 195995.73887825
14654163000 198173.16195488
14660952000 197387.627710342
14667730000 197509.014051437
14674506000 201610.522960663
14681328000 203082.448629379
14688134000 201420.624588013
14694912000 205527.516639709
14701687000 207606.406074524
14708510000 207071.872819901
14715328000 207493.035245895
14722148000 210926.79634285
14728921000 210974.914489746
14735704000 213100.691555023
14742491000 213255.354042053
14749297000 213560.78125
14756109000 213911.315359116
14762930000 218331.320648193
14769744000 221690.796962738
14776550000 224981.631986618
14783368000 230366.299251556
14790160000 233536.124549866
14796966000 237816.028154373
14803774000 242108.530450821
14810525000 244934.49546814
14817275000 249748.754617691
14830754000 257196.014198303
14837499000 260958.937301636
14844240000 265685.808294296
14850985000 268441.57525444
14857794000 272713.262619019
14864587000 277851.436321259
14871358000 281807.425354004
14878161000 285019.506059647
14884970000 288276.636058807
14891777000 294513.889669418
14898602000 295893.549470901
14905420000 301212.750720978
14912242000 304560.746520996
14919060000 308872.631572723
14925870000 311115.965023041
14932690000 314436.762886047
14939499000 317664.683332443
14946303000 321848.405328751
14959926000 329326.560409546
14966728000 332483.131093979
14973505000 334433.360052109
14980297000 338501.588953018
14987090000 343574.295669556
14993910000 346862.246837616
15000711000 348992.526092529
15007501000 354030.007139206
15014288000 358039.546537399
15021117000 360385.843976974
15027918000 364501.566381454
15034735000 368743.302108765
15041483000 371422.293916702
15048289000 375567.630641937
15055076000 379555.391723633
15061897000 382814.96711731
15068709000 385997.97700119
15075468000 390748.033586502
15082278000 392907.571655273
15089098000 397144.451089859
15095906000 400280.490016937
15102723000 403485.763818741
15109546000 405735.965906143
15116364000 407942.021421432
15123181000 412136.323612213
15129989000 416254.107976913
15136865000 419918.721385956
15143655000 421883.472332001
15150470000 425046.950071335
15157288000 429231.054851532
15164105000 432403.409524918
15170922000 436572.108247757
15177740000 438745.243024826
15184534000 442720.525449753
15191345000 447829.722490311
15198167000 450024.264417648
15204942000 453834.921352386
15211734000 457779.48591423
15218556000 460963.085214615
15225382000 465175.376235962
15232200000 468319.299863815
15239021000 472483.828023911
15245836000 477596.176042557
15252646000 479664.439678192
15259454000 483712.883710861
15266270000 487822.361780167
15273085000 492920.100463867
15279905000 496054.60518837
15286715000 499104.616405487
15293524000 504142.896272659
15300339000 507226.022939682
15307154000 509305.495798111
15313972000 513405.558719635
15320789000 518493.883863449
15327613000 520635.114570618
15334434000 525748.442773819
15341226000 529623.815538406
15347981000 531196.650436401
15354757000 535935.535306931
15361531000 539654.652973175
15368349000 541725.549263
15375172000 545833.170906067
15381988000 547880.598587036
15388808000 548956.672998428
15395632000 553061.387699127
15402431000 557960.580694199
15409216000 559743.103866577
15416004000 565546.225118637
15422812000 568507.176019669
15436385000 574071.05761528
15443140000 577593.322948456
15449964000 580668.869510651
15456810000 584918.29378891
15463637000 588010.710159302
15470465000 591107.528823853
15477292000 595192.611282349
15484111000 598209.483818054
15490927000 603198.49615097
15497754000 602272.588756561
15504571000 604262.351724625
15511370000 605103.275064468
15518108000 607448.582832336
15524869000 606975.806974411
15531669000 607813.937417984
15538479000 609729.066400528
15545307000 608785.682577133
15552132000 610814.443332672
15558955000 611823.4155159
15565728000 613425.65120697
15572465000 614734.083690643
15579281000 616675.71877861
15586034000 619105.926290512
15592818000 623782.38615036
15599643000 629785.636884689
15606457000 630696.582004547
15613236000 634321.853311539
15620059000 640298.026613235
15626887000 641310.820890427
15633716000 647328.003538132
15640542000 650317.350559235
15647359000 654230.536411285
15654180000 657172.284414291
15660990000 662021.778287888
15667806000 665915.944437027
15674629000 670862.826126099
15681443000 674733.573999405
15688274000 678737.550483704
15695093000 683641.240306854
15701879000 686275.596569061
15708689000 691099.535768509
15715499000 693919.826517105
15722270000 699422.551298141
15729060000 701074.593370438
15735876000 707932.258975983
15742695000 711810.412387848
15749477000 715387.167703629
15756269000 718040.769458771
15763096000 722972.350564957
15769921000 726884.174144745
15783565000 735648.561611176
15790393000 738573.526224136
15797215000 743446.56344223
15804041000 745348.110284805
15810854000 750141.442926407
15817681000 753043.707187653
15824500000 757877.975755692
15831322000 760732.707994461
15838081000 763077.255432129
15851693000 770511.233402252
15858503000 773254.909946442
15872131000 781795.616725922
15878953000 785624.785751343
15885763000 788353.857788086
15892586000 791183.746389389
15899408000 797001.937366486
15906223000 797760.224149704
15913041000 796538.959604263
15919856000 796289.937160492
15926683000 795133.657964706
15933505000 794933.549329758
15940278000 797336.210597992
15947091000 795056.522289276
15953912000 795837.429883957
15960737000 795646.798868179
15967483000 796818.143226624
15974317000 794692.489612579
15981132000 795410.614530563
15987941000 796076.916032791
15994719000 796490.710412979
16001496000 793892.863351822
16008277000 794323.509786606
16015086000 794975.270526886
16021919000 795815.998193741
16028740000 795556.752029419
16035570000 796366.066314697
16042348000 794754.46342659
16049131000 795179.363567352
16055947000 795865.400472641
16062770000 794603.93916893
16069589000 796306.728094101
16076431000 795190.348993301
16083271000 795054.245536804
16090098000 795810.198417664
16096919000 794514.366443634
16104094000 794053.651275635
16110897000 793605.974153519
16117720000 792315.017259598
16124506000 793723.749624252
16131295000 790152.910182953
16138110000 789786.872592926
16144926000 789425.197116852
16151743000 789067.882139206
16158561000 787714.926055908
16165383000 788390.370182037
16172195000 789982.015264511
16179012000 793610.075941086
16185883000 795667.16635704
16192702000 798303.910484314
16199513000 800872.903528214
16206333000 802510.346839905
16213154000 806152.141529083
16219975000 808790.275974274
16226779000 811288.5890522
16233556000 813567.018608093
16240362000 816074.078912735
16247181000 818681.597414017
16253998000 822269.443145752
16260771000 824501.33360672
16267560000 827857.715490341
16274387000 830514.689311981
16281198000 833039.913297653
16288016000 835617.520391464
16294823000 840103.425085068
16301625000 842545.666595459
16308417000 845904.237665176
16315239000 847499.255163193
16322058000 851066.605396271
16328872000 854590.290296555
16335689000 856134.325195312
16342508000 859690.70488739
16349330000 863267.425992966
16356141000 865752.493471146
16362957000 869273.905254364
16369777000 871823.655073166
16376544000 875945.867921829
16383324000 879168.44137764
16390153000 882779.233213425
16396979000 887362.367952347
16403797000 888877.872659683
16410613000 893373.730308533
16417437000 894929.888916016
16431081000 900999.242109299
16437868000 905248.676258087
16444602000 909070.892534256
16451335000 911881.549528122
16458077000 913760.561653137
16464817000 916620.016326904
16471555000 919459.916727066
16478294000 923304.235111237
16485034000 927152.969884872
16491772000 926982.153570175
16498509000 930799.777442932
16505249000 934637.793380737
16511987000 937456.26140976
16518758000 940534.712547302
16525492000 942314.075752258
16532232000 946137.78417778
16538977000 945997.843364716
16545716000 948806.417093277
16552457000 952627.38576889
16559201000 958468.729534149
16565968000 959490.099515915
16572754000 962659.529939651
16579588000 966208.46036911
16586399000 969570.149309158
16593226000 970055.879137039
16600056000 972561.882616043
16606859000 976848.767625809
16613689000 979347.445793152
16620519000 980842.454050064
16627325000 983142.321205139
16634137000 987486.408788681
16640956000 987882.684041977
16647781000 991323.159347534
16654603000 994736.04265213
16661423000 997129.314069748
16668232000 1000431.20408058
16675050000 1003801.21463203
16681860000 1008103.77874374
16688672000 1010418.64068985
16695495000 1012817.55069542
16702296000 1016037.41280556
16709125000 1019476.83903122
16715946000 1021848.82846069
16722726000 1026890.3687706
16729529000 1030111.60104179
16736352000 1032488.58017731
16743164000 1036774.23953438
16749978000 1038072.18493271
16756800000 1040430.21984863
16763617000 1043744.75722122
16770444000 1048135.30572701
16777265000 1051474.39051819
16784077000 1054738.12434959
16790894000 1054038.03308678
16797719000 1060398.00236893
16804491000 1063332.2136631
16818119000 1068858.70140648
16824931000 1073100.54133415
16831751000 1075402.42575073
16838560000 1078613.07615852
16845383000 1080931.53057098
16852168000 1083943.83205986
16858953000 1087952.51183891
16865771000 1089220.22383118
16872583000 1093436.52676201
16879409000 1096760.59300995
16886234000 1100073.03604317
16893058000 1101373.85747719
16899880000 1107655.10239601
16906696000 1107884.95006561
16913511000 1112103.18740273
16920310000 1113190.49225616
16927085000 1119083.25522041
16933877000 1121107.62261581
16940671000 1123144.26745605
16947490000 1126376.10048485
16954315000 1129651.98887444
16961137000 1131900.35760689
16967954000 1137105.30917358
16974775000 1136338.40732002
16981599000 1140591.69551277
16988417000 1144793.62288094
16995241000 1145039.58736229
17002058000 1148226.24897575
17008868000 1152353.61898041
17015688000 1154556.81468391
17022503000 1159716.61682892
17029322000 1158904.55052948
17036141000 1162088.82613564
17042956000 1165237.66256523
17049778000 1167438.4583149
17056588000 1171540.26239395
17063398000 1173638.41802406
17070214000 1175780.58395386
17077415000 1179976.98576736
17084203000 1181889.25884628
17090997000 1185845.55594826
17097746000 1184440.8786602
17104571000 1187636.09028244
17111403000 1191883.21655846
17118221000 1194015.51991081
17125043000 1194175.92148018
17131859000 1198285.03208733
17138674000 1203382.55007172
17145541000 1202889.14868927
17152348000 1203915.83787727
17159092000 1205438.9056282
17165882000 1211323.43292046
17172708000 1213489.99542427
17179532000 1213637.02326965
17186336000 1215621.70787811
17193099000 1218277.47877884
17199922000 1221405.62679291
17206749000 1222561.84194946
17213577000 1226722.32226753
17220402000 1229855.3408947
17227223000 1232952.97189331
17234008000 1233761.45409584
17240791000 1236550.45517731
17247620000 1239700.57849884
17254394000 1241410.95816994
17261210000 1243450.70808983
17268040000 1241597.78899956
17274916000 1246105.84303284
17281724000 1248071.176754
17288552000 1252191.38314056
17295373000 1255252.44389153
17302193000 1257301.91952133
17309017000 1259379.43333435
17315837000 1261421.58847618
17322656000 1262452.1611805
17329473000 1267463.23033142
17336300000 1268549.865448
17343122000 1268593.2256012
17349940000 1272601.23997116
17356811000 1272025.38805008
17363616000 1276923.09938812
17370445000 1278007.23578262
17377265000 1282016.43262863
17384083000 1282006.13344193
17390921000 1284150.53512573
17397744000 1289172.49794769
17404567000 1290190.79837799
17411351000 1293896.70127487
17418144000 1294670.22530365
17424954000 1298574.67778015
17431775000 1299562.54329681
17438602000 1300594.23343277
17445418000 1300535.20720673
17452232000 1300456.6999588
17458981000 1300860.22503281
17465747000 1298394.67087173
17472513000 1297925.51525116
17479280000 1296460.6691246
17486023000 1294802.37059402
17492805000 1290448.98040009
17499614000 1291305.52400208
17506438000 1291277.05233002
17513259000 1290221.19239044
17520048000 1288908.62469101
17526869000 1287845.46143341
17533697000 1285833.98456573
17540440000 1284146.81902695
17547198000 1285574.66048813
17554002000 1287362.54206467
17560821000 1282265.34955597
17567589000 1281761.39525986
17574377000 1279411.90663147
17581173000 1279122.01651382
17587986000 1277962.83358765
17594803000 1274831.60642242
17601623000 1276720.42725754
17608413000 1274368.56543732
17615217000 1274123.6800499
17622055000 1270143.74286652
17628880000 1271057.43791199
17635693000 1269872.68476486
17642497000 1267613.19703674
17649313000 1267444.83808899
17656114000 1266154.3687973
17662932000 1263994.50111771
17669758000 1263894.14408875
17676579000 1264750.6443367
17683391000 1258532.43037033
17690215000 1258405.29800797
17697035000 1258242.92692947
17703854000 1255069.0033989
17710679000 1255938.7782135
17717508000 1252836.45729065
17724337000 1251730.46753311
17731161000 1249581.35330582
17737985000 1245428.57561111
17744803000 1247224.79412842
17751631000 1243096.25079346
17758452000 1243908.81683731
17765274000 1243725.61108398
17772101000 1242578.18354416
17778922000 1239379.76509476
17785748000 1239217.12057114
17792572000 1241035.0378418
17799393000 1239825.6343689
17806262000 1236991.06126785
17813044000 1234466.80886841
17819859000 1235199.11493301
17826679000 1232967.18526077
17833492000 1229676.41487885
17840319000 1228492.34840012
17847145000 1226296.73323059
17853963000 1224034.4007225
17860788000 1222823.57769394
17867612000 1222601.20973587
17874432000 1218343.65888596
17881257000 1215121.8454628
17888066000 1213770.3069725
17901721000 1210347.76316452
17908538000 1209048.28011322
17915351000 1207713.63455963
17922170000 1206422.59394836
17928993000 1205159.39749146
17935813000 1202868.91356277
17942630000 1203551.14699554
17949443000 1202198.22864914
17956256000 1198841.65864182
17963047000 1195308.23352051
17969832000 1195723.94618225
17976613000 1192104.54985809
17983369000 1191284.75396729
17990172000 1189831.29264069
17996959000 1188248.26689529
18003766000 1186819.010952
18010588000 1184504.14695358
18017409000 1185177.75302505
18024241000 1180934.2476387
18031054000 1179537.58704758
18037883000 1178263.14675903
18044686000 1174780.50964737
18051510000 1172459.41603088
18065133000 1170609.61708832
18071934000 1169096.66719437
18078746000 1164666.58010101
18085562000 1164264.29540634
18092389000 1158944.84563446
18099212000 1159590.28049088
18106036000 1155239.91458511
18112861000 1157893.746315
18119683000 1151520.33182526
18126508000 1148166.83609009
18133335000 1146825.39479065
18140151000 1144393.83833694
18146967000 1141958.62700653
18153790000 1140574.76595306
18160659000 1135548.68015671
18167462000 1138000.3335762
18174277000 1134542.62125778
18181093000 1130089.1108551
18187907000 1125616.23518372
18201527000 1120596.69265747
18208346000 1117152.13100433
18215170000 1112743.17650223
18221988000 1110283.44345856
18228806000 1107820.05338669
18242470000 1101102.12746811
18249279000 1095557.0980072
18256099000 1093094.76930237
18262919000 1088628.78142548
18269708000 1084915.82287216
18283327000 1080800.78310013
18290155000 1078382.96364594
18296966000 1076828.08398819
18303776000 1074261.7087326
18310592000 1069738.75828552
18317390000 1069070.94282532
18324207000 1065548.53674316
18331015000 1062951.87928391
18337825000 1060367.26232147
18344618000 1060645.66819
18351429000 1057061.60577011
18358240000 1053473.89382553
18365055000 1047913.89739609
18371872000 1046365.92860413
18378689000 1044814.30385971
18385515000 1042329.58000565
18392334000 1040786.31675339
18399098000 1037808.27360535
18405907000 1036179.34321976
18412725000 1033617.30303192
18419512000 1029808.65965271
18426347000 1026372.5414772
18433170000 1024838.71722412
18439985000 1021238.54767227
18446798000 1017619.05465698
18453619000 1012058.58430862
18460436000 1012463.11870193
18467245000 1006801.33138657
18474054000 1007135.89669418
18480863000 1003466.81462479
18487723000 997193.49729538
18494530000 991501.4310112
18501341000 987837.041633606
18508152000 986169.002742767
18514970000 979552.120582581
18521783000 973892.436752319
18528595000 965221.27286911
18535409000 954562.114105225
18542230000 944954.093849182
18549035000 937217.184806824
18555846000 927523.59016037
18562618000 920521.143127441
18569404000 909624.64081192
18576211000 897888.833316803
18589834000 881476.694793701
18603493000 865331.566112518
18610314000 855687.011024475
18617128000 848984.045696259
18623923000 835128.830684662
18630695000 828090.115001678
18637530000 818540.44046402
18644301000 810486.656242371
18651101000 801656.009170532
18657910000 791892.088329315
18664714000 783085.431697845
18671516000 772259.49874115
18678334000 765554.991714478
18685154000 752862.459819794
18691974000 748166.268749237
18698790000 739435.158493042
18705606000 730700.393360138
18712421000 720954.159416199
18719239000 710227.711849213
18726052000 700458.542961121
18732865000 690685.722408295
18739685000 681963.932697296
18746504000 674230.672569275
18753328000 663532.80790329
18760145000 655776.608539581
18766968000 646063.611064911
18773765000 638143.914497375
18780579000 627353.32907486
18787390000 619535.666820526
18794200000 612706.547550201
18800975000 602600.536128998
18807791000 597810.977283478
18814574000 587760.169082642
18821355000 579690.130580902
18828157000 574780.375999451
18834983000 566054.284492493
18841801000 555262.097358704
18848610000 549396.024250031
18855404000 538409.263534546
18862249000 528816.78093338
18875851000 512934.263404846
18882658000 501034.349655151
18889469000 489161.990680695
18896291000 482371.776309967
18903152000 472882.058795929
18909931000 462749.170051575
18916751000 451932.378166199
18923571000 443111.927108765
18930389000 434272.223312378
18937204000 426405.473751068
18944018000 421527.274669647
18950841000 413715.579425812
18957657000 402845.659324646
18964425000 399597.96736908
18971237000 390689.58896637
18978055000 383824.318172455
18984878000 375994.352840424
18991693000 368098.389434814
18998509000 355206.563644409
19005324000 347303.292087555
19012147000 335458.689529419
19018962000 323548.106067657
19025772000 314594.922401428
19032596000 303747.13269043
19039409000 291810.009243011
19046230000 285931.535495758
19053055000 280080.550037384
19059875000 269186.967060089
19066744000 259671.24174881
19073546000 248630.17477417
19080357000 238655.532787323
19087173000 227716.163524628
19093986000 215749.787639618
19100799000 205779.760097504
19107610000 197790.515205383
19114412000 186727.580043793
19121225000 176746.604473114
19128044000 164808.664646149
19134853000 154789.259742737
19141668000 144812.888435364
19148485000 134848.422569275
19155293000 123810.288944244
19162111000 112846.294555664
19168928000 102870.865119934
19175747000 90907.3346939087
19182578000 79033.469493866
19189396000 72054.8400306702
19196213000 64064.7776679993
19203031000 57078.8346824646
19209845000 50058.1354866028
19216656000 46010.4607658386
19223467000 41959.1365242004
19230285000 30958.5750961304
19237100000 24931.0386772156
19243913000 12884.3042182922
19250727000 3841.68967437744
19257538000 -6227.89073944092
19264345000 -16332.2027130127
19271158000 -28393.5400772095
19277960000 -39543.9929351807
19284708000 -47117.6066169739
19291500000 -60352.9940795898
19298300000 -69529.8680152893
19305106000 -78663.7758636475
19311961000 -88420.756313324
19318763000 -95593.0436439514
19325583000 -106629.188369751
19332411000 -113606.871021271
19339236000 -125611.515285492
19346057000 -133650.880420685
19353254000 -138774.818214417
19360069000 -142868.283481598
19366887000 -147942.115222931
19373695000 -149097.223068237
19380507000 -150224.931732178
19387329000 -149278.682624817
19394143000 -152398.17723465
19400952000 -150560.123390198
19407772000 -155640.36542511
19414585000 -153778.577468872
19421395000 -158943.715637207
19428207000 -162096.987018585
19435022000 -166230.637737274
19441836000 -171375.698814392
19448645000 -177563.192684174
19455463000 -186684.534648895
19462277000 -195840.553394318
19469093000 -204984.716072083
19475941000 -213884.409938812
19482766000 -223966.119586945
19489590000 -233059.246570587
19496385000 -241380.852397919
19503200000 -249551.056209564
19509978000 -261011.707672119
19516799000 -271142.695365906
19523620000 -281277.34330368
19530438000 -288438.900211334
19537247000 -298673.855518341
19544058000 -306896.96118927
19550864000 -316162.456226349
19557679000 -326361.868522644
19564483000 -335650.150505066
19578477000 -353247.756832123
19585284000 -361523.935707092
19592088000 -372826.994003296
19598900000 -382071.740791321
19605715000 -392296.907207489
19612541000 -399440.553131104
19619349000 -412727.231128693
19626155000 -420033.039531708
19632971000 -429265.07698822
19639784000 -437523.992248535
19646597000 -445786.559169769
19653412000 -458037.297954559
19660227000 -466291.690544128
19667031000 -479634.864074707
19673853000 -486842.390323639
19680678000 -499030.364616394
19687479000 -507407.69675827
19694288000 -513726.774215698
19701143000 -525693.636192322
19707934000 -536159.274066925
19714751000 -544427.428043365
19721539000 -551923.539672852
19728336000 -560353.670143127
19735150000 -571655.966110229
19741967000 -577938.716007233
19748783000 -587232.854255676
19755601000 -600515.1836586
19762408000 -606886.214687347
19769220000 -616222.236988068
19776030000 -627577.37039566
19782833000 -635990.260292053
19789642000 -646360.416027069
19796447000 -652765.133743286
19803260000 -663111.669635773
19810068000 -672500.495082855
19816869000 -682947.056137085
19823682000 -693304.537906647
19830489000 -701712.027172089
19837300000 -712092.259929657
19844104000 -719530.216510773
19850919000 -731886.84709549
19857731000 -739270.302978516
19864531000 -750750.08896637
19871347000 -760109.948570251
19878152000 -768558.407489777
19884963000 -778964.179386139
19891772000 -785389.043106079
19898584000 -796794.392353058
19905401000 -805164.791801453
19912213000 -814577.444915771
19919021000 -824024.624649048
19926188000 -825704.524650574
19932997000 -830151.471366882
19939801000 -829640.652313232
19946613000 -831071.740596771
19953419000 -834552.777271271
19960244000 -836890.858585358
19967060000 -838302.041484833
19973873000 -842740.023334503
19980680000 -843227.941783905
19987490000 -846696.36460495
19994312000 -854075.878871918
20001122000 -857551.60502243
20007931000 -864038.691635132
20014737000 -871552.560050964
20021547000 -877039.228866577
20028359000 -882514.125320435
20035166000 -889031.22171402
20041975000 -895536.54467392
20048792000 -903983.844631195
20055605000 -908465.633579254
20062420000 -912935.658748627
20069230000 -918447.873672485
20076042000 -921948.323730469
20082913000 -931997.763572693
20089692000 -938759.830528259
20096504000 -942271.246303558
20103315000 -946794.017173767
20110125000 -954328.141536713
20116940000 -958827.397167206
20123752000 -964353.415306091
20130564000 -967883.084037781
20137375000 -974424.105190277
20144185000 -977976.477153778
20151008000 -978432.387733459
20157806000 -978084.466205597
20164595000 -976809.477462769
20171413000 -978314.839298248
20178227000 -971854.652618408
20185047000 -975351.930202484
20191853000 -976960.632545471
20198670000 -975488.311981201
20205481000 -976065.826190948
20212290000 -976662.381790161
20219111000 -979170.239982605
20225923000 -976751.012176514
20232738000 -977312.351982117
20239553000 -979877.345596313
20246362000 -978492.152545929
20253174000 -976087.528713226
20259986000 -977686.555473328
20266839000 -973973.875377655
20273629000 -975749.429683685
20280439000 -973374.799549103
20287251000 -974988.437786102
20294063000 -972605.726615906
20300876000 -975218.977073669
20307690000 -974828.190765381
20314507000 -977417.9935112
20321318000 -978057.57635498
20328129000 -978700.80871582
20334939000 -978355.37688446
20341754000 -980975.16475296
20348568000 -984606.29164505
20355380000 -982256.440624237
20362192000 -983910.240196228
20369003000 -980575.373966217
20375808000 -983290.255683899
20382616000 -980985.732883453
20389420000 -982715.584392548
20396231000 -983395.307670593
20403042000 -980078.680465698
20409854000 -981758.022392273
20416668000 -987425.655197144
20423477000 -984135.337341309
20430290000 -984817.951721191
20437105000 -985488.861270905
20443912000 -986224.846324921
20450730000 -985880.027667999
20457540000 -987600.279163361
20464348000 -987339.531318665
20471161000 -988044.051929474
20477976000 -992736.874137878
20484793000 -995418.001163483
20491606000 -994133.479980469
20498419000 -992852.610462189
20505229000 -992598.411277771
20512050000 -993263.46465683
20518862000 -997001.224624634
20532852000 -995680.209014893
20539661000 -996452.127445221
20546475000 -992189.345027924
20553292000 -992907.208023071
20560109000 -997628.726970673
20566917000 -997422.9141922
20573734000 -998151.740219116
20580541000 -992960.891838074
20587355000 -994720.02368927
20594167000 -992498.14006424
20600981000 -990264.576316833
20607796000 -991027.000484467
20614612000 -994785.414180756
20621429000 -993539.819004059
20628248000 -990282.553359985
20635061000 -991074.921867371
20641868000 -989916.914871216
20648675000 -990762.55311203
20655490000 -987550.548038483
20662305000 -988342.196773529
20669121000 -986129.839321136
20675932000 -984959.434047699
20682742000 -984800.337215424
20689580000 -984430.453994751
20696394000 -986248.037658691
20703202000 -988115.217948914
20710016000 -991940.103870392
20716825000 -988806.923744202
20723637000 -988654.423873901
20730448000 -993513.229763031
20737255000 -990406.303718567
20744063000 -990295.368801117
20750882000 -993103.890991211
20757688000 -991015.560638428
20764500000 -990884.95949173
20771319000 -993704.445251465
20778147000 -995458.726337433
20784928000 -994576.266689301
20791691000 -993835.130825043
20798476000 -996929.297180176
20805267000 -995981.189537048
20812075000 -995906.681259155
20818905000 -995667.558609009
20825715000 -995585.059375763
20832541000 -997383.854354858
20839327000 -999492.179096222
20846146000 -1002351.80630493
20852961000 -999245.673736572
20859784000 -1002082.03500366
20866597000 -1002998.50326538
20873416000 -1003872.75964355
20880243000 -1004689.52702713
20887054000 -1007632.24669647
20893867000 -1004563.33125305
20900678000 -1005513.35103607
20907494000 -1005428.81412506
20914306000 -1007378.49491882
20921119000 -1010324.18613434
20927924000 -1007334.64609528
20934739000 -1010272.35815048
20941559000 -1010175.53120422
20948374000 -1011120.55355453
20955185000 -1012099.77967834
20962002000 -1015036.83359528
20968820000 -1014969.90704346
20975630000 -1014967.72457504
20982442000 -1014953.91986465
20989263000 -1017875.0524559
20996085000 -1017792.21101761
21002901000 -1019758.83331299
21009719000 -1023713.84408951
21016534000 -1022695.40988159
21023352000 -1024657.73310471
21030128000 -1022944.24026108
21036943000 -1023936.74818039
21043734000 -1027116.04247284
21050544000 -1027153.99507904
21057295000 -1030645.73400116
21064082000 -1027866.41712189
21070912000 -1031762.70340347
21077742000 -1027662.65959167
21084568000 -1031596.79494095
21091387000 -1030587.98332977
21098178000 -1035796.3645401
21104989000 -1038855.85974503
21111806000 -1043873.25345612
21118623000 -1042894.30311966
21125434000 -1043964.75331497
21132254000 -1045970.24098206
21139071000 -1043002.25688934
21153109000 -1047997.99454117
21159930000 -1047010.70944214
21166753000 -1044011.84289551
21173577000 -1048009.0184288
21180384000 -1047139.39357758
21187190000 -1047281.03319931
21193993000 -1048449.1730957
21200782000 -1049727.60830688
21207584000 -1051910.64024734
21214393000 -1051043.99237442
21221219000 -1057051.51032639
21228037000 -1057123.62208557
21234851000 -1055229.85282898
21241661000 -1059370.19612122
21248480000 -1058445.65810394
21255347000 -1059159.31201553
21262138000 -1058455.28950119
21268899000 -1059983.27939224
21275717000 -1060080.9656601
21282538000 -1063159.47373581
21289363000 -1064211.197258
21296142000 -1063616.67593002
21302935000 -1064919.2280426
21309712000 -1066347.16399765
21316518000 -1066558.05022812
21323344000 -1068620.41005707
21330155000 -1067800.55536652
21336956000 -1069060.4247551
21343760000 -1071301.11219406
21350562000 -1069560.65442657
21357375000 -1068740.17218018
21364192000 -1069892.92034531
21371025000 -1070927.64803314
21377845000 -1075064.90396881
21384661000 -1075236.2338829
21391484000 -1072357.99651337
21398291000 -1073605.06362534
21405114000 -1074734.14244461
21411928000 -1074935.2976799
21418748000 -1079094.49952316
21425566000 -1079272.56150436
21432374000 -1081530.28000641
21439195000 -1084692.85243607
21446011000 -1082897.07949066
21452827000 -1083104.9614296
21459640000 -1084339.29166412
21466459000 -1085531.68994904
21473267000 -1085811.31039047
21480085000 -1086018.61516571
21486900000 -1089252.36394501
21493710000 -1089527.7421608
21500538000 -1091670.0662384
21507362000 -1093846.43427658
21514173000 -1095125.18146515
21520993000 -1097339.24136353
21527811000 -1097572.14532089
21534627000 -1095823.89011383
21541435000 -1098140.02074432
21548249000 -1100414.25267792
21555068000 -1099654.18585587
21561888000 -1103890.1873703
21568695000 -1101228.50798035
21575551000 -1105198.62812042
21582342000 -1102665.67585754
21589162000 -1104916.31084442
21595975000 -1106223.7145462
