38000 -235082.625206386
6894000 -239286.250974177
13717000 -237820.131137704
20536000 -236397.480504233
27357000 -233958.972536907
34126000 -231038.456574872
40963000 -230449.587698601
47797000 -238894.310061723
54626000 -242392.387106203
61459000 -236854.856582768
68290000 -245341.024356425
75129000 -247752.061128691
81972000 -250127.508753493
88781000 -245842.868598893
95586000 -241601.656293824
102328000 -240986.802143484
109083000 -235247.339507416
115836000 -235531.477904126
122587000 -232839.213921413
129718000 -241397.146944314
136469000 -241712.775346518
143225000 -239982.857670844
149978000 -232286.412695915
156729000 -235613.559591025
163476000 -240984.045233071
170225000 -248338.615347564
176981000 -247627.903309464
190476000 -252385.849592477
197225000 -254755.765569478
203977000 -258099.902243227
210728000 -252457.749390006
217480000 -253809.564111561
224230000 -253184.9581967
230992000 -257445.755810231
237735000 -267897.913015932
244488000 -268255.21607995
251241000 -261616.359589487
257992000 -255001.077913374
264741000 -256409.367640465
271500000 -269722.832791269
278255000 -268079.607126594
285010000 -266440.224182665
291763000 -271824.412640214
298513000 -275242.032858968
305266000 -273633.90050143
312018000 -268039.471224129
318770000 -265448.881255031
325522000 -261862.130594075
332274000 -267279.21924144
339028000 -261680.426476657
345774000 -261164.353627801
352529000 -264563.38025564
359287000 -264936.673641801
366041000 -266353.24550271
372801000 -266714.513849735
379633000 -260369.930671155
386497000 -270713.87467581
393327000 -273396.88313514
400188000 -275778.308584273
406951000 -273129.452612638
413738000 -275247.95080328
420565000 -273976.188402712
427379000 -267836.439024746
434205000 -263582.37164396
441033000 -256312.524648309
447841000 -257243.627788782
454657000 -255099.829204798
461478000 -258910.692816079
468306000 -251656.528293014
481954000 -248238.764506578
488781000 -261006.221805692
495606000 -259797.298526943
502439000 -256513.52523303
509271000 -250243.529939055
516101000 -241997.156366765
522941000 -245656.262596309
529773000 -250398.063232601
536607000 -256124.107252717
543453000 -257735.966660857
550281000 -255528.939258218
557110000 -254315.996085525
563938000 -252116.82170701
570774000 -252842.846801162
577601000 -256661.369740486
584426000 -254503.497142196
591249000 -249369.225557566
598070000 -249258.551539183
604891000 -248151.795699239
611719000 -242980.096267343
618541000 -242871.343984246
625365000 -241746.838535786
632189000 -233626.254713058
639043000 -235214.539646387
645863000 -234141.154395223
652695000 -238953.67883122
659519000 -232848.801050663
666341000 -236767.510486722
673152000 -229798.293686152
679970000 -236764.162047625
686788000 -236733.945141673
693608000 -241687.981969833
700427000 -237655.765752316
707248000 -239607.806714892
714083000 -234426.162998676
720916000 -241268.109960079
727753000 -243074.67840302
734620000 -244590.372027636
741445000 -240522.748548865
748273000 -237429.570157886
755486000 -231557.575802088
762317000 -233442.997103214
769139000 -230420.765321851
775947000 -232539.982770562
782767000 -237545.227582097
789585000 -243574.03425622
796417000 -235469.249878049
803253000 -228329.111263394
810083000 -220251.832219243
816907000 -219237.402392268
823739000 -212148.337866187
830559000 -207181.031751156
837394000 -219070.366801739
844224000 -218012.725205779
851059000 -211909.925935984
857882000 -212928.860918283
864710000 -212902.635926366
871534000 -210919.599219441
878368000 -212842.334736824
885207000 -212719.931562304
892036000 -203699.605155349
898864000 -207693.019336581
905688000 -200729.610297441
912511000 -191779.934948564
919339000 -198785.122628093
926163000 -194833.480190516
939804000 -194010.628551364
946636000 -198992.273441195
953466000 -196997.46638751
960289000 -188075.244142056
967121000 -185068.675181031
973946000 -184134.685278535
980769000 -191224.230783105
987591000 -189327.502505541
994420000 -186366.057388425
1001262000 -194281.079966187
1008089000 -181347.105105042
1014914000 -174436.662199616
1021744000 -164481.127741575
1035386000 -174758.275283217
1042205000 -177922.32860589
1049022000 -173109.898945689
1055846000 -178232.782913804
1062658000 -186477.181538701
1069476000 -174666.694934249
1076296000 -164840.526519656
1083115000 -167028.072831631
1089944000 -155121.563801289
1096767000 -153277.761428356
1103589000 -148447.675504446
1110401000 -145719.462894917
1117217000 -139955.978829622
1124032000 -141206.20145154
1130852000 -144411.366976738
1137672000 -150620.449531794
1144492000 -149833.44911623
1151311000 -149060.157684565
1158147000 -141124.328692198
1164971000 -146309.924766302
1171787000 -141577.764299393
1178600000 -141878.88523531
1185415000 -139164.337000608
1192218000 -144571.162155151
1199051000 -134688.246793985
1205875000 -126897.349635124
1212700000 -121100.587318182
1219545000 -124112.023608208
1226364000 -114381.832135201
1233185000 -111635.986425638
1240008000 -113874.489925623
1246829000 -104136.481721401
1253660000 -111304.558345556
1260471000 -108672.219848394
1267676000 -106189.612746477
1274505000 -105389.245201111
1281337000 -104563.462018728
1288541000 -95103.2961182594
1295363000 -96383.3868412971
1302175000 -89765.1893768311
1308989000 -89131.342407465
1315805000 -96481.8493766785
1322622000 -97826.4912550449
1329436000 -94204.3775765896
1336256000 -90527.5157642365
1343458000 -87120.2198312283
1350262000 -95607.8146555424
1357079000 -91972.2380175591
1363895000 -90350.3490154743
1370704000 -86800.7867913246
1377521000 -88176.9457397461
1384331000 -78625.4245815277
1391143000 -82058.2654614449
1397948000 -76563.4124684334
1404762000 -82984.5238041878
1411580000 -78370.4651384354
1418393000 -79809.1685123444
1425197000 -86339.7008736134
1432009000 -77795.9853844643
1438822000 -77246.4099998474
1445634000 -74710.5107755661
1452446000 -74178.5193967819
1459257000 -78660.2018837929
1466121000 -74628.2225122452
1472924000 -82195.8677480221
1479739000 -85650.2389588356
1486553000 -79118.285179615
1500180000 -76075.8706166744
1506994000 -72555.6466853619
1513801000 -69107.6628806591
1520616000 -62585.4943604469
1527429000 -63086.7576868534
1534628000 -66824.6899790764
1541442000 -65324.2336616516
1548256000 -72827.6874847412
1555064000 -67393.5991585255
1561873000 -77953.65671134
1575486000 -59134.2661888599
1582301000 -57647.5001368523
1589110000 -54223.1758799553
1595936000 -53636.9293470383
1602749000 -48181.4079017639
1609555000 -49798.0689880848
1616370000 -45330.8559339046
1623184000 -45877.3063833714
1629995000 -51456.9218978882
1636805000 -46050.1951787472
1643619000 -36608.3720331192
1650435000 -41150.9591870308
1657256000 -43648.7120471001
1664076000 -48160.1318569183
1670894000 -36694.9650907516
1677702000 -34331.1892933846
1684516000 -33912.8344507217
1691385000 -24962.3336787224
1698191000 -21629.7978637218
1705003000 -24242.6910629272
1711818000 -20830.2578542233
1718649000 -19265.8291127682
1725466000 -12841.7404606342
1732281000 -8441.05144762993
1745893000 -5826.76113629341
1752706000 -7457.27827262878
1759516000 -8120.9266037941
1766326000 -2788.48048591614
1773139000 -6430.72115850449
1779953000 -2067.13181114197
1786768000 -1697.71416521072
1793580000 -361.421403408051
1800393000 -7019.29919528961
1807207000 -4671.34926247597
1814013000 -1405.19862437248
1820825000 4915.46447658539
1827638000 7241.9547290802
1834450000 13554.8015649319
1841261000 9854.00670552254
1848093000 2353.70393252373
1854911000 10713.2125358582
1861733000 16107.734910965
1868550000 7449.68020105362
1875360000 3719.59506058693
1882178000 8063.4476044178
1888990000 14345.006434679
1895803000 23632.3866760731
1902615000 28906.1292417049
1909438000 27282.9731593132
1916259000 26636.4415326118
1923078000 22966.5378081799
1929892000 28244.0862743855
1936714000 29595.5310935974
1943527000 31855.5294504166
1950347000 39179.6914594173
1957168000 39509.6605274677
1963982000 39767.6468141079
1970796000 45021.7229602337
1977628000 51446.8915638924
1984448000 44751.4678499699
1991264000 47013.2422373295
1998074000 51212.7803263664
2004884000 53408.4128639698
2012078000 52332.4204695225
2018895000 35588.0539155006
2025713000 40849.4920938015
2032534000 41136.1687655449
2039350000 35370.3414201736
2046161000 33552.0186681747
2052975000 44758.9372797012
2059792000 46991.0920903683
2066611000 54238.7630610466
2073809000 47164.2309935093
2080622000 35345.5704057217
2087814000 37204.2666647434
2094625000 41358.1456122398
2101461000 42750.9163188934
2108279000 42964.9470734596
2115095000 42155.6415176392
2121909000 42323.0030953884
2128723000 36486.4545326233
2135530000 41578.0323541164
2142344000 38733.6675271988
2149173000 43031.0113568306
2155985000 38159.4029500484
2162810000 42410.0747249126
2170014000 41335.4659547806
2176833000 37519.8408055305
2183651000 40690.5947599411
2190471000 30876.8428640366
2197283000 18981.5430006981
2204474000 25759.8776488304
2211291000 31905.0581140518
2218110000 28065.7292218208
2224925000 27183.6782903671
2238549000 23349.640209198
2245365000 15465.5586752892
2252183000 7596.96319293976
2258991000 8627.46627378464
2265796000 6624.97180366516
2272604000 4647.67008972168
2279423000 13773.1315751076
2286242000 13894.6771798134
2293067000 9070.48171186447
2299877000 14096.9350628853
2306688000 21129.1775169373
2313501000 18176.9014334679
2320319000 12269.183889389
2327126000 18250.9293551445
2333932000 25219.080350399
2340750000 18299.631814003
2347564000 23337.5036993027
2354381000 27400.5373568535
2361195000 23430.5872392654
2368013000 25495.484940052
2374839000 28633.9792294502
2381652000 30642.601167202
2388465000 19647.3141126633
2395274000 29609.3692903519
2402090000 21635.3264045715
2408901000 27608.9408521652
2416107000 22404.4037394524
2422927000 21457.1420125961
2429738000 24418.8046369553
2436555000 31434.6628684998
2443377000 27495.0232310295
2450192000 36483.6862859726
2457007000 35468.4380517006
2463823000 37458.9599509239
2470637000 24426.2077198029
2477831000 29068.0431375504
2484650000 29075.6509027481
2491463000 33021.268228054
2498278000 39982.3336000443
2505097000 37978.1994643211
2511917000 27979.8268184662
2518721000 32822.7083892822
2525536000 29768.1297550201
2532356000 31758.0180821419
2539174000 37724.639228344
2545990000 40667.9966392517
2552802000 37568.7459044456
2559626000 41581.6675658226
2566441000 28503.612593174
2573265000 30508.6961755753
2580096000 30577.5595378876
2586912000 29497.4274072647
2593731000 25442.3942832947
2600567000 31547.8336787224
2607336000 30001.4923801422
2614150000 33886.3867583275
2620965000 27777.0391836166
2627781000 31673.4479336739
2634598000 41575.611287117
2641416000 38483.5275211334
2648236000 46406.860804081
2655073000 46490.5874242783
2661879000 48270.7705073357
2668692000 54114.7018041611
2675518000 45080.3508267403
2682325000 42858.4785609245
2689133000 48642.3666305542
2695947000 55480.3226809502
2702756000 57266.0620951653
2709573000 47125.1829099655
2716390000 48980.3901400566
2723211000 55870.3220934868
2730027000 59708.0408563614
2736839000 62503.2134666443
2743651000 66294.4782323837
2750463000 72081.8351516724
2757288000 77990.8214230537
2764099000 73760.6990609169
2770912000 72545.9811196327
2777736000 77433.5590248108
2784543000 72153.0903172493
2791358000 69945.9502043724
2798175000 68754.205329895
2804988000 70519.9361124039
2811802000 69291.4100184441
2818609000 63991.4129862785
2825421000 72735.7686891556
2832237000 65514.818128109
2839049000 73251.3558459282
2852681000 70789.8971352577
2859496000 73543.6510252953
2866315000 73332.0837292671
2873125000 72029.7779898643
2879940000 76771.7985897064
2886756000 74519.5537047386
2893577000 75311.6225318909
2900385000 68974.3926587105
2907198000 77681.4799404144
2914013000 80403.9452466965
2920835000 78189.9998030663
2927648000 73885.3537945747
2934467000 64634.6495103836
2941287000 53389.6705560684
2948094000 45015.4462823868
2954918000 43801.2009902
2961728000 40448.0812191963
2968540000 35110.3337306976
2975354000 34787.9550814629
2982174000 37519.4929027557
2988988000 28189.2905302048
2995799000 32826.2681541443
3002612000 37478.6111745834
3016261000 45993.1729030609
3023073000 49624.1414246559
3029888000 42280.1033506393
3036704000 48941.7871646881
3043518000 53580.293337822
3050336000 60253.4174828529
3057150000 53884.1010799408
3063959000 62462.7201333046
3070770000 68056.6953978539
3077583000 67666.0234298706
3084391000 73223.2966709137
3091204000 68824.8095860481
3098021000 62460.9255580902
3104842000 58131.6376976967
3112035000 56379.6189956665
3118844000 57926.7659935951
3125649000 63431.5058460236
3132459000 66980.4714412689
3139272000 69554.4050998688
3146083000 61105.1818370819
3152901000 68719.4156112671
3159716000 77300.8662033081
3166537000 65936.1389622688
3173358000 67567.4935417175
3180167000 80079.4768176079
3186981000 77635.6582927704
3193796000 85197.5495738983
3200613000 82774.7683119774
3207430000 90348.0734653473
3214241000 87859.7556877136
3221058000 91425.2371168137
3227864000 87881.0171141624
3234695000 94573.3087296486
3241508000 100088.58397007
3255121000 110982.415312767
3261933000 121476.356825352
3268737000 130889.481411934
3275548000 130365.9987607
3282742000 131520.186224937
3289553000 132988.670493126
3296365000 132462.859372616
3303178000 140942.751141071
3310003000 148534.055844784
3316827000 149111.828188896
3323636000 152541.543734074
3330452000 160034.61394453
3337266000 146504.555989742
3344081000 154980.195184708
3350891000 148403.889509201
3357707000 152881.315140247
3364530000 153422.067315102
3371340000 152834.034088612
3378154000 145280.51299572
3384973000 147771.100996017
3391791000 151248.16984272
3398604000 158673.310464859
3405422000 160142.552717209
3412232000 168531.067831993
3419059000 169078.894001007
3425886000 161622.795094967
3432701000 164047.573194027
3439561000 166900.406317711
3446359000 170154.158516407
3453169000 173519.196164608
3459985000 176937.913439751
3466792000 179266.345675945
3473594000 180542.893885136
3480411000 176959.482862949
3487263000 176707.991437912
3494461000 180772.291814804
3501276000 180157.713112831
3508085000 181481.662251949
3514900000 187859.264417171
3521711000 188194.585970402
3528518000 188487.633792877
3535378000 192285.112179756
3542164000 196368.922631741
3548982000 199755.736164093
3555800000 203138.634963989
3562618000 207517.619031429
3569437000 218902.276678085
3576258000 217302.193918705
3583073000 211640.67000103
3589886000 202956.06161499
3596699000 210267.544236183
3603524000 213690.143167019
3610349000 222108.819322586
3617164000 216427.729780197
3623967000 223627.724318027
3630784000 222957.985378265
3637602000 222293.915424824
3644418000 227606.766744137
3651613000 229547.059090614
3658431000 233871.029623508
3665240000 241104.863231659
3672053000 239373.111116409
3678866000 232637.450008869
3685682000 233926.615475655
3692498000 226211.868506908
3699310000 213454.89960289
3706117000 217646.138846874
3712944000 214025.000528812
3719759000 214285.02930975
3733378000 215688.033449173
3740216000 222156.535089016
3747044000 223525.365450382
3753850000 215679.668410301
3760658000 205849.214821815
3767479000 213139.289225101
3774284000 217272.308485985
3781101000 212516.273777008
3787919000 211765.895395279
3794727000 215915.908893108
3801550000 215205.550612926
3808369000 216452.99909544
3815185000 220667.828847885
3821999000 223859.612079144
3828866000 209554.507894993
3835669000 214633.215631485
3849297000 227989.36290741
3856108000 226132.878824711
3862928000 227358.560408592
3869746000 233561.198920727
3876945000 230403.209048271
3883758000 218549.990127087
3890576000 221740.668550491
3897378000 222774.461139202
3.911e+09 227002.429041862
3917815000 231148.788839817
3924640000 221386.821341038
3931467000 229640.04671526
3938283000 233784.217271805
3945098000 230914.918716431
3951911000 225022.596669197
3958716000 220049.921399593
3965529000 208149.785955906
3972337000 210197.969611168
3979157000 207356.8957057
3985975000 212492.798303604
3992790000 217596.128191471
3999607000 206714.650961399
4006422000 208810.157124519
4013243000 214959.057623386
4020060000 216065.838491917
4026872000 226120.956831932
4033687000 212200.814971924
4040491000 214171.726763248
4047302000 223205.576365471
4054506000 214987.678365707
4061323000 207070.77048111
4068140000 202149.94901228
4074959000 205244.305438995
4081775000 200306.110487938
4088585000 207306.73554945
4095398000 205332.087115288
4102213000 206372.616576672
4109029000 209418.777621269
4115837000 212384.68785429
4122656000 208451.653787136
4129476000 212524.244987011
4136291000 214545.216285229
4143109000 210590.896297455
4149919000 207556.34616375
4156739000 204613.279009342
4163536000 195446.914404392
4170357000 200505.564105511
4177209000 194855.946657658
4184025000 190859.05942297
4190839000 197839.187790394
4197654000 208824.941423893
4204466000 204778.179270267
4218086000 199634.796681881
4224895000 206547.71394825
4231707000 207485.324428082
4238520000 214428.559027672
4245360000 214625.232177258
4252174000 220570.164115429
4258990000 208530.246396065
4265804000 205467.356904984
4272622000 199438.673648357
4279434000 202348.904541016
4286248000 203274.283481121
4293067000 202243.389140129
4299882000 204170.471727371
4306713000 198246.062597752
4313532000 195203.416018963
4320364000 193280.679514408
4327175000 196153.997716427
4333995000 203109.124549389
4340811000 196022.240948677
4347637000 190026.67267704
4354461000 186008.136077881
4361287000 188004.721105576
4368109000 184959.298002243
4374913000 183738.586961746
4381726000 185599.656399727
4388543000 193494.894169807
4395359000 193376.699599266
4402172000 197226.038043022
4408994000 193157.125976562
4415815000 198074.77754879
4422634000 204969.478021622
4429460000 206926.873813629
4436280000 203823.253816605
4443091000 208630.084155083
4449905000 209461.5502882
4456720000 202298.619868279
4463538000 203160.31720829
4470349000 203951.512723923
4477169000 207824.408352852
4483983000 207636.319191933
4490826000 204720.130731583
4497640000 208524.204648972
4504452000 202305.349284172
4511262000 197063.568080902
4518084000 195931.982397079
4524899000 199729.922451019
4531720000 198580.994860649
4538536000 200380.615594864
4545350000 188157.311640739
4552162000 181911.086441994
4558983000 179746.498200417
4565792000 186463.93893528
4572606000 186224.994419098
4579416000 186944.126735687
4586227000 186668.856184006
4593040000 195408.683154106
4599862000 194230.114949226
4606675000 187962.118768692
4613492000 194728.215145111
4620310000 193499.897749901
4627120000 190191.671710014
4633938000 190955.529442787
4640757000 187724.970534325
4647572000 188452.505677223
4654391000 180214.117303848
4661205000 172924.331206322
4668019000 167630.63496685
4674830000 171304.54292202
4681645000 176012.522770882
4688454000 181659.626888275
4695274000 191407.255105019
4702091000 191122.487514496
4715742000 200702.571789742
4722550000 200320.632863998
4729369000 203039.187601089
4736194000 201810.766782761
4743009000 199483.528393745
4749828000 203190.334339142
4756647000 204893.224403381
4763455000 210487.833251953
4770267000 207116.48758316
4777079000 216741.234067917
4790697000 216922.090718269
4797564000 221056.785945892
4804369000 228599.4827528
4811179000 227185.698437691
4817989000 226768.008571625
4824809000 232441.239069939
4831628000 239101.070522308
4838442000 225709.578879356
4845262000 233371.062309265
4852082000 237028.628710747
4858902000 235682.278081894
4865717000 225284.614692688
4872543000 231987.30430603
4879360000 237600.768021584
4886224000 240655.756947517
4893033000 242185.551749229
4899849000 240777.776051521
4906663000 240347.136521339
4913480000 241941.012224197
4920290000 236464.652490616
4927489000 238669.757806778
4934298000 247175.890507698
4941117000 246772.846773148
4947927000 246280.637154579
4954742000 248831.880231857
4961562000 247426.567394257
4968379000 234988.926025391
4975198000 240566.31092453
4982019000 239158.718647003
4989212000 242269.587546349
4996022000 242749.795331001
5002841000 234311.305953026
5009648000 233755.29640007
5016462000 241261.649895668
5023287000 245868.217897415
5030105000 245404.606009483
5036921000 247918.149932861
5043736000 241418.317266464
5050547000 239876.718988419
5057365000 240397.455060005
5064174000 241829.114504814
5070983000 239256.869545937
5084623000 247308.80207634
5091443000 243828.892796516
5098257000 251288.309112549
5105069000 257724.897310257
5111887000 256214.328152657
5118706000 256709.302103996
5125525000 260200.360174179
5132345000 256696.959054947
5145964000 263479.839298248
5152780000 269926.879266739
5159980000 262000.489115715
5166801000 266486.752747536
5173624000 271988.004631042
5180432000 277343.546411514
5187277000 272044.911435127
5194095000 268487.14040947
5200909000 267887.650979996
5207725000 276303.152098656
5214538000 279686.391469955
5221351000 281065.721848488
5228167000 271469.48910141
5234978000 274822.103674889
5241794000 283218.048927307
5248629000 283789.572843552
5255441000 289139.897013664
5262260000 284552.433600426
5269073000 283904.383241653
5275886000 279252.423890114
5282695000 281558.779424667
5289508000 276899.004382133
5296319000 283216.434580803
5303121000 277444.977292061
5309960000 278018.967850685
5316784000 273447.402139664
5323599000 268786.949533463
5330396000 258952.665412903
5337214000 257312.718878746
5344018000 260536.713494301
5350833000 252860.630657196
5357646000 259161.761095047
5364454000 259411.796815872
5371273000 258761.731563568
5378098000 263164.366408348
5384910000 270440.417992592
5391722000 272712.561731339
5398534000 279980.797626495
5405352000 283301.727881432
5412173000 284647.042783737
5418986000 285912.979088783
5425792000 291108.982544899
5432607000 280385.967692375
5439426000 286696.764877319
5446238000 290937.634378433
5453055000 292221.74445343
5459868000 285464.224505424
5466686000 293749.93824482
5473496000 301956.313555717
5480310000 300196.492870331
5487121000 300404.481599808
5493939000 299674.547317505
5500754000 297912.421302795
5507584000 300287.760381699
5514396000 301489.529628754
5521214000 303743.934692383
5528029000 300966.15491581
5534845000 303193.886647224
5541664000 298445.972606659
5548474000 301609.347856522
5555286000 310787.659703255
5562106000 312037.427707672
5568923000 314255.01890564
5575735000 313421.599758148
5582548000 320593.691544533
5589361000 317761.874337196
5596180000 317982.653921127
5602994000 313152.432343483
5609803000 315271.218209267
5616623000 323489.67467308
5623434000 327619.476093292
5630247000 324764.200339317
5643870000 326013.681008339
5650680000 334118.4408741
5657495000 333266.357524872
5664305000 336363.303421021
5671121000 332512.811682701
5677940000 323686.639743805
5684762000 326884.782435417
5691596000 330191.920946121
5698411000 334316.354943275
5705226000 328436.877654076
5712048000 329619.344184875
5718861000 332713.225703239
5725672000 329784.384777069
5732487000 322889.261760712
5739318000 323140.71668148
5752928000 330142.807258606
5759739000 330194.42595768
5766560000 333336.170783997
5773378000 341445.789307594
5780193000 343523.286697388
5787006000 350578.06967926
5793824000 345675.948598862
5800641000 347760.512374878
5807455000 352812.963051796
5814283000 342993.093276978
5821095000 340018.918261528
5827916000 348125.418437004
5834718000 357049.447151184
5841542000 363176.312786102
5848358000 362224.085651398
5855170000 370230.362802505
5861984000 366251.522600174
5868800000 374287.561601639
5875616000 376319.688166618
5882448000 359498.198663712
5889268000 352560.062964439
5896077000 352514.694119453
5902894000 353540.555277824
5909707000 347524.937945366
5916522000 345524.192925453
5923339000 348538.316774368
5930157000 354557.916544914
5936973000 358554.823720932
5943819000 350829.469120979
5950640000 349865.473103523
5957452000 350813.074056625
5964259000 349709.834003448
5971067000 348612.077898026
5977872000 353482.262075424
5984684000 347414.24082756
5991505000 347426.77077961
5998341000 336576.139000893
6005154000 336505.758471489
6011970000 336459.61679554
6018785000 341400.180641174
6025601000 335346.214666367
6032416000 326278.95536232
6039236000 325254.68636322
6046042000 328095.183907509
6052852000 323969.297175407
6059662000 320839.504893303
6066484000 320818.343351364
6073300000 323736.997784615
6080114000 324632.986029625
6086923000 334478.18262291
6093735000 335347.601998329
6100551000 338250.61414814
6107369000 333168.463024139
6114180000 327016.779118538
6120994000 327889.30881691
6127810000 326776.674091339
6134610000 333510.170354843
6141420000 324333.489665031
6148233000 329181.016841888
6155042000 319987.152762413
6161865000 326920.564167023
6175495000 331625.724060059
6182309000 332463.068804741
6189120000 333268.400320053
6195944000 332191.597723007
6202755000 339989.10838604
6209573000 326848.274168968
6216387000 330666.063619614
6223199000 318461.213277817
6230014000 316280.547846794
6236830000 306105.334807396
6244030000 309521.635138512
6250851000 310385.189294815
6257674000 307263.549118996
6264490000 299072.45902729
6271302000 299840.01339817
6278111000 290575.579319
6284930000 291400.837115288
6291723000 291978.843618393
6298531000 285693.341284752
6305342000 277432.009419441
6312157000 267204.200195312
6318972000 265972.479682922
6325805000 268905.25922966
6332614000 266609.572140694
6339424000 268319.335684776
6346234000 273025.19367981
6353049000 277773.915577888
6359862000 283500.019553185
6366680000 279268.978251457
6373490000 276959.204864502
6387152000 287720.684305191
6393971000 291483.32418251
6400788000 296223.348438263
6407602000 294931.411219597
6414411000 288588.820244789
6421227000 287307.7619133
6428046000 288050.833870888
6434868000 284818.030948639
6441694000 281618.694402695
6448519000 283406.08808136
6455327000 288030.689278603
6462132000 287623.353105545
6468946000 290296.214292526
6475759000 292955.821782112
6482568000 294574.148345947
6489381000 299225.940145493
6496187000 301808.43009758
6503020000 298639.233165741
6509843000 291372.697396278
6516663000 300074.220814705
6523489000 291827.86442852
6530311000 296540.228266716
6543929000 294710.414774895
6550741000 296317.663149834
6557556000 289949.013685226
6564373000 289595.125121117
6571193000 294265.32953167
6578010000 296903.612075806
6584842000 301677.996603012
6591654000 297261.774383545
6598477000 286944.309768677
6612130000 287362.943618774
6618946000 285968.393065453
6625760000 269551.268227577
6632569000 279083.581493378
6639383000 276658.639242172
6646195000 277211.128444672
6653008000 277769.038431168
6659862000 286705.489654541
6666651000 284031.698613167
6673470000 273633.83330822
6680285000 273194.74679184
6687103000 282779.726263046
6693923000 282379.441371918
6700747000 282012.537888527
6707564000 275576.444533348
6714389000 279211.025281906
6721206000 277767.100165367
6728026000 282347.228401184
6734837000 274839.543963432
6741643000 277281.347001076
6748449000 279719.249073029
6755264000 277237.130350113
6762085000 276807.01700592
6768901000 269326.391133308
6775718000 274851.17111969
6782527000 266297.495744705
6789340000 255777.184560776
6796150000 256225.014659882
6802969000 255752.783219337
6809783000 254230.058763504
6816605000 255777.942989349
6823415000 259210.136546135
6830229000 260675.679372787
6837034000 262053.493872643
6843848000 247511.221582413
6850665000 253992.975105286
6857483000 257480.126454353
6864303000 257981.984742165
6871128000 263526.477306366
6877941000 268955.330853462
6884757000 270408.202748299
6891576000 273885.087824821
6898386000 277274.285334587
6905199000 273687.499468803
6912012000 268096.804609299
6918822000 266474.28202343
6925640000 269922.29925251
6932456000 262347.791556358
6939267000 260722.84881115
6946087000 254177.734906197
6952894000 252507.760103226
6959711000 251926.911202431
6966515000 254221.219760895
6973328000 239595.344538689
6980141000 242965.560323715
6986949000 232285.364581108
6993763000 225657.065181732
7000572000 226978.358843803
7007376000 219249.25416851
7014188000 217590.636529922
7021029000 224197.742556572
7027840000 225521.995526314
7034649000 223823.748817444
7041467000 226205.260951996
7048285000 230582.858352661
7055097000 227900.772414207
7061912000 226242.661213875
7068728000 224589.932344437
7075550000 217989.049314499
7082364000 220309.907185555
7089176000 214608.271120071
7095991000 208930.601181984
7102803000 217221.147703171
7109619000 216544.947088242
7116428000 215799.806815147
7123238000 210060.051167488
7130058000 209409.274526596
7136877000 207745.292974472
7143689000 201012.384392738
7150502000 201284.854698181
7157316000 200562.702170372
7164119000 204734.498053551
7170940000 189069.52664566
7177777000 195549.188055992
7184592000 197820.667926788
7191398000 199004.686905861
7198208000 206221.935785294
7205021000 203463.125541687
7211836000 203718.969441414
7218646000 206924.497078896
7225455000 207116.838744164
7232273000 205388.794634819
7239087000 203619.718699455
7245905000 197883.847420692
7252718000 200097.670783043
7259529000 197289.03004837
7266341000 191485.759595871
7273153000 196678.581295967
7279964000 191858.219319344
7286787000 195145.253726959
7293598000 201317.071472168
7300417000 195559.17538929
7307233000 179769.542821884
7314043000 180920.360053062
7320855000 189085.816509247
7327676000 188330.811439514
7334485000 188460.633322716
7341299000 190632.904130936
7348112000 184791.994706154
7354929000 182984.254362106
7361739000 189107.717824936
7368559000 187319.959439278
7375419000 194898.995782852
7389058000 197294.581273079
7395897000 189667.187671661
7402722000 187906.138292313
7409540000 182076.31170845
7416356000 188224.041702271
7429958000 190229.868442535
7436791000 186523.34296608
7443619000 180766.575268745
7450446000 181996.619873047
7457274000 181232.000302315
7464047000 171954.136569023
7470876000 173190.955927849
7477665000 173053.480714798
7484464000 171004.710095406
7491285000 172155.723313332
7498107000 171312.075813293
7504926000 169436.73832798
7511740000 159511.203403473
7518558000 161618.781291008
7525376000 159722.444444656
7532200000 157877.720401764
7539008000 165881.010493279
7545816000 173880.397326469
7552638000 171005.421061516
7566329000 151678.541235924
7573155000 147828.784545898
7579988000 148039.857885361
7586804000 140089.749420166
7593617000 138107.980270386
7600430000 131122.302126884
7607251000 129206.701142311
7614073000 122296.429672241
7620891000 119345.250396729
7627709000 106390.156388283
7634522000 111384.917789459
7641306000 100107.653613091
7648078000 84715.5756940842
7654889000 90680.1617650986
7661710000 93733.277964592
7668531000 94782.4759874344
7675361000 84910.9386291504
7682192000 90044.7147026062
7688973000 98712.4918861389
7695731000 86163.8579378128
7702526000 76953.2669782639
7709349000 69997.4984579086
7716177000 71084.0049381256
7723010000 75212.7777957916
7729835000 73263.7151174545
7736666000 77366.1538848877
7743493000 77427.7157974243
7750324000 80522.2975149155
7757149000 76557.5356893539
7770722000 59905.1873140335
7777494000 52439.3031635284
7784321000 47477.3916692734
7791147000 45502.3223190308
7797981000 39597.1866970062
7804800000 34549.6434764862
7811622000 29525.8775472641
7818453000 23581.2666349411
7825272000 18521.9671564102
7832103000 12569.5037965775
7838918000 5465.45063209534
7852432000 -1824.79300117493
7859235000 -6051.23802471161
7866028000 -20373.8453264236
7872811000 -12792.5977468491
7879590000 -7252.12614345551
7886360000 -8798.54748249054
7899963000 -16321.8814840317
7906741000 -17806.1337804794
7913526000 -16229.6976776123
7920300000 -14758.5794563293
7927098000 -11070.01359272
7933887000 -6468.32637405396
7940658000 -17036.4840774536
7947450000 -14414.8907136917
7954251000 -16714.2108631134
7961001000 -21487.5684976578
7967778000 -21015.8796491623
7974549000 -27603.362610817
7981334000 -34065.671795845
7988126000 -41467.3445558548
7994924000 -44817.6085205078
8001722000 -54171.7642850876
8008532000 -58419.2381448746
8015337000 -60716.6870641708
8022138000 -56054.8891172409
8028933000 -55452.2629432678
8035733000 -56807.4642133713
8042503000 -49442.9079532623
8049294000 -51888.7795963287
8056059000 -50578.0072813034
8062836000 -51160.5702476501
8069639000 -59507.5584306717
8076417000 -59088.6630601883
8083199000 -70636.8038768768
8089978000 -81216.4410409927
8096768000 -89698.6707906723
8103559000 -89175.5767126083
8110312000 -96006.1906929016
8117085000 -90656.5384407043
8123867000 -86227.9065551758
8130688000 -98444.1847963333
8137473000 -99995.7113399506
8144285000 -94302.6326360703
8151052000 -91027.5729560852
8157879000 -98204.255654335
8164693000 -106504.480629921
8171514000 -99744.2104988098
8178330000 -103033.85942173
8185146000 -93327.4207801819
8191962000 -92624.8945760727
8198778000 -89926.2808065414
8212376000 -102853.499005318
8219146000 -96589.652888298
8225965000 -97879.0544509888
8232787000 -99144.7851285934
8239547000 -99984.5262069702
8246310000 -95800.5323448181
8253057000 -97767.4924154282
8259810000 -95683.1262273788
8266630000 -102986.6867733
8273454000 -103257.395690918
8280276000 -107550.409413338
8287101000 -111819.769417763
8293925000 -109102.242637634
8300731000 -119554.055081367
8307487000 -112469.23330307
8314292000 -113938.007743835
8321110000 -118291.236030579
8327930000 -122630.00389576
8334713000 -118312.607937813
8341479000 -113155.256019592
8348241000 -110038.502812386
8355066000 -109346.926760674
8361903000 -108549.05688858
8368729000 -102856.149143219
8375556000 -116157.98175621
8382381000 -114482.105426788
8389208000 -116791.787039757
8396040000 -122059.484521866
8402869000 -120358.656626701
8409732000 -121349.612670898
8416559000 -115675.019304276
8423378000 -119077.787319183
8430178000 -124658.871553421
8436932000 -132666.056058884
8443784000 -125777.655367851
8450597000 -121251.121096611
8457395000 -122866.145915985
8464193000 -123485.06253624
8470967000 -129328.083674431
8477735000 -133230.01894474
8484490000 -135255.078830719
8491277000 -131990.419137001
8498084000 -131546.173694611
8504862000 -138371.837946892
8518460000 -133649.568860054
8525270000 -140193.393190384
8532085000 -141695.271152496
8538897000 -135228.569833755
8545692000 -130921.653393745
8552482000 -135664.468648911
8559275000 -130383.662265778
8566079000 -140005.899222374
8572886000 -133604.534007072
8579647000 -132628.724224091
8586454000 -127235.136860847
8593248000 -128964.59963131
8600055000 -125578.809038162
8606861000 -129206.084641457
8613671000 -137800.607156754
8620484000 -139371.546404839
8627305000 -151873.095723152
8634114000 -148488.504712105
8640923000 -155107.818105698
8647723000 -153813.48170948
8654498000 -154752.041250229
8661304000 -150410.52170372
8668101000 -152155.333483696
8674914000 -144757.502218246
8681721000 -146418.526636124
8688524000 -146120.08200264
8695341000 -143697.341993332
8702145000 -137397.544370651
8708945000 -143138.267381668
8715770000 -133654.011577606
8722584000 -135274.376298904
8729386000 -143008.496372223
8736193000 -145700.746850967
8743023000 -141186.389163971
8749842000 -136776.632493973
8756676000 -131233.519647598
8763493000 -132849.905147552
8770305000 -140515.955841064
8777125000 -153112.716396332
8783940000 -151759.139850616
8790760000 -150363.731590271
8797569000 -149072.868646622
8804383000 -142740.172842026
8811199000 -143393.093421936
8817980000 -143370.047142029
8824800000 -141994.189573288
8831613000 -139686.265144348
8838435000 -148299.948442459
8845252000 -147963.271120071
8852002000 -148243.11782074
8858793000 -139151.94380188
8865581000 -139092.080467224
8872356000 -138154.939947128
8879156000 -148993.13602829
8885980000 -148615.852233887
8892792000 -144352.170145035
8899599000 -139138.093067169
8906407000 -139918.779243469
8913232000 -150548.017807007
8920039000 -156345.65795517
8926857000 -152046.691688538
8940540000 -153031.111919403
8947355000 -154771.323072433
8954139000 -155798.625537872
8960932000 -158747.595363617
8967751000 -156462.975187302
8974539000 -154465.397657394
8981315000 -163581.291101456
8988131000 -167335.772005081
8994975000 -181838.486064911
9001796000 -187555.153774261
9008615000 -189294.000169754
9015415000 -189210.226358414
9022213000 -197148.604852676
9029020000 -193008.718330383
9035837000 -185781.454309464
9042650000 -179594.613420486
9049471000 -181338.667020798
9056281000 -188187.027421951
9063104000 -198920.659732819
9070315000 -193117.684059143
9077130000 -190932.37612915
9083950000 -192705.359939575
9090771000 -189473.137447357
9097586000 -194299.569696426
9104395000 -192184.646352768
9118020000 -183902.665597916
9124792000 -185136.916784286
9131590000 -188137.912714005
9138381000 -192206.635715485
9145526000 -188051.209234238
9152333000 -191982.011857986
9159165000 -203688.777200699
9166001000 -212363.005373001
9172840000 -213013.81970787
9179679000 -208668.572927475
9186525000 -204263.45813942
9193363000 -212935.207855225
9200203000 -216592.667066574
9207037000 -217308.747573853
9213880000 -216946.744503021
9220715000 -223661.58405304
9227933000 -228890.53871727
9234828000 -222066.794973373
9241696000 -226493.041711807
9248533000 -228205.672269821
9255369000 -227931.348882675
9262208000 -229633.634233475
9269015000 -233631.324781418
9275801000 -237824.180215836
9282633000 -241601.983501434
9289453000 -234492.996837616
9296273000 -235387.927202225
9303091000 -240304.985506058
9309915000 -246171.329263687
9316736000 -243068.907560349
9323560000 -236943.092847824
9330393000 -243739.271364212
9337224000 -239557.587017059
9344040000 -245516.362413406
9350860000 -243442.644523621
9357672000 -243445.650518417
9364489000 -247407.062942505
9371310000 -256335.990114212
9378126000 -258314.331136703
9384946000 -262260.190355301
9398578000 -275236.439174652
9405402000 -284157.657535553
9412220000 -282137.375099182
9419033000 -285166.485845566
9425854000 -280126.744659424
9432669000 -282145.488897324
9439491000 -285104.486654282
9446303000 -282158.337667465
9459948000 -295086.82608223
9466774000 -295025.129299164
9473605000 -289921.900970459
9480434000 -293840.783355713
9487250000 -301881.762390137
9494068000 -308908.475118637
9500889000 -314911.836193085
9507713000 -316891.850780487
9514557000 -313694.034069061
9521383000 -306663.729261398
9528212000 -312610.088890076
9535036000 -308605.805496216
9541875000 -318469.163547516
9548699000 -317472.732025146
9555521000 -320498.390520096
9562347000 -326491.633859634
9569173000 -333488.801120758
9575991000 -341562.552080154
9582808000 -351649.299669266
9589612000 -354858.018054962
9596436000 -358889.020095825
9603268000 -354851.302368164
9610076000 -356035.425867081
9616867000 -351377.796110153
9623697000 -347369.990367889
9630529000 -342347.957393646
9637359000 -336348.009851456
9644182000 -334415.527935028
9651006000 -333477.890342712
9657853000 -343335.436065674
9664670000 -353469.179964066
9671460000 -357851.847072601
9678256000 -356183.953668594
9685074000 -355320.337478638
9692281000 -357931.357786179
9699086000 -365193.731775284
9705902000 -364360.218734741
9712727000 -369448.979520798
9719561000 -378460.029647827
9726394000 -373484.082708359
9733208000 -371684.383132935
9740027000 -365843.25041008
9746878000 -371715.854951859
9753706000 -365800.964813232
9760530000 -365926.268623352
9767353000 -364064.560415268
9774179000 -380179.575338364
9.781e+09 -381343.840221405
9787807000 -382638.928144455
9794596000 -389101.071279526
9801341000 -401965.889560699
9808087000 -409825.476270676
9814862000 -405426.087133408
9821678000 -407659.030403137
9828481000 -411013.681812286
9835287000 -422345.048839569
9842106000 -423562.536035538
9848918000 -423847.355518341
9855738000 -418063.611543655
9862556000 -417301.901273727
9869364000 -424634.683387756
9876189000 -418817.396507263
9.883e+09 -415130.825027466
9889815000 -415411.936077118
9896649000 -418524.90451622
9903468000 -420777.629472733
9910226000 -422586.583925247
9917038000 -419910.481864929
9923851000 -421229.234472275
9930649000 -428687.685127258
9937437000 -429240.547903061
9944234000 -432715.827892303
9951053000 -438995.879024506
9957882000 -433189.342926025
9964699000 -432495.331037521
9971517000 -431796.183568954
9978302000 -430399.554296494
9985113000 -429771.553468704
9991943000 -429975.557918549
9998763000 -424273.959566116
10005582000 -434585.324541092
10012391000 -430991.06259346
10019217000 -422246.937566757
10026028000 -428642.405033112
10032854000 -424906.119232178
10039672000 -423246.104736328
10053313000 -435892.608570099
10060136000 -432199.132644653
10066965000 -430455.330448151
10073740000 -440203.645412445
10080558000 -439567.106679916
10087375000 -435943.52208519
10094180000 -427432.317060471
10101001000 -436780.399713516
10107820000 -442150.475912094
10114626000 -444641.950422287
10121375000 -441652.408672333
10128114000 -437757.062561035
10135247000 -438305.597076416
10141993000 -440354.880002975
10148789000 -433956.283630371
10155611000 -431326.701604843
10162421000 -438809.435926437
10169239000 -442223.815704346
10176060000 -435615.01440239
10182887000 -435955.943107605
10189698000 -430445.289491653
10196521000 -435830.180000305
10203346000 -433200.93170929
10210169000 -427593.664319992
10216989000 -432017.402879715
10223817000 -437372.835142136
10230636000 -438813.439695358
10237463000 -444185.745998383
10244284000 -438616.134525299
10251112000 -438987.261911392
10257943000 -439335.240398407
10264778000 -439651.050699234
10271602000 -454070.058073044
10278427000 -454483.963756561
10285255000 -453874.723989487
10292074000 -457350.609949112
10298896000 -460803.347011566
10305698000 -459440.423772812
10312522000 -454882.94711113
10319325000 -462518.809362411
10326142000 -461032.298965454
10332984000 -457324.234085083
10339785000 -453989.855581284
10346609000 -453451.968080521
10353430000 -458945.05320549
10360252000 -459433.040082932
10367082000 -456852.819486618
10373903000 -466357.664890289
10380724000 -466866.428474426
10387546000 -464370.096107483
10394327000 -463247.238782883
10401152000 -462731.682575226
10407976000 -463229.061546326
10414805000 -460685.302988052
10421623000 -461244.595626831
10428417000 -456024.059408188
10435159000 -462275.936384201
10441953000 -463063.144853592
10448796000 -456412.800983429
10455618000 -455955.576864243
10462445000 -452457.232976913
10469270000 -456980.828651428
10476088000 -456571.393789291
10482916000 -457075.812705994
10489739000 -451629.185447693
10496610000 -449754.241353989
10503765000 -456326.037307739
10510587000 -448900.393590927
10517405000 -451514.681962967
10524221000 -451150.890300751
10531039000 -458773.00699234
10537898000 -454029.978282928
10544718000 -460641.946195602
10551535000 -471284.832090378
10558357000 -476886.632858276
10565194000 -482357.365449905
10572019000 -488940.017715454
10578844000 -487526.592754364
10585673000 -484081.100803375
10592494000 -487711.511159897
10599324000 -484264.873064041
10606155000 -488813.167778015
10612983000 -488392.377592087
10619807000 -488011.491895676
10626637000 -488580.563875198
10633464000 -486180.544628143
10640295000 -478748.479089737
10647130000 -495284.374162674
10653954000 -488923.112112045
10660783000 -486520.816104889
10667633000 -484933.646131516
10674466000 -475503.257095337
10681303000 -473040.842483521
10688141000 -469573.375638962
10694979000 -469109.846530914
10701810000 -472713.168781281
10708645000 -473284.472364426
10722285000 -478708.460432053
10729120000 -473291.549583435
10735944000 -469977.405658722
10742780000 -468559.37282753
10749618000 -466127.30815506
10756441000 -472833.927108765
10763273000 -476463.624174118
10770105000 -478097.252061844
10776953000 -473591.109441757
10783785000 -468232.608190536
10790619000 -466860.0773983
10797462000 -466410.663280487
10811111000 -462855.868354797
10817949000 -466463.152797699
10824790000 -467047.443059921
10831629000 -472653.627967834
10838472000 -476227.84715271
10845291000 -475021.423677444
10852123000 -475702.241043091
10858922000 -468683.145376205
10865761000 -458308.988426208
10872585000 -465073.369541168
10879418000 -465760.917943954
10886243000 -466524.175354004
10893066000 -468309.298648834
10899895000 -468044.516540527
10906719000 -468828.513832092
10913541000 -475634.372406006
10920369000 -482390.334777832
10927195000 -486168.160732269
10934020000 -483958.87871933
10940847000 -485735.58441925
10947667000 -484578.983884811
10954498000 -487327.670183182
10961316000 -484196.84164238
10968138000 -482034.066900253
10974964000 -488839.35285759
10981800000 -489558.921916962
10988643000 -485219.681863785
10995472000 -487009.866325378
11002298000 -487830.865226746
11009119000 -486700.59695816
11015936000 -496610.091693878
11022749000 -497559.34254837
11029573000 -501413.941743851
11036394000 -499299.341018677
11043218000 -495161.781742096
11050048000 -490974.39408493
11056878000 -493790.934951782
11063708000 -492611.404344559
11070531000 -491498.49852562
11077352000 -486407.425252914
11084177000 -481284.448316574
11090993000 -478245.988126755
11097828000 -480041.308458328
11104665000 -472822.655599594
11111488000 -472733.283555984
11118314000 -467620.974233627
11125144000 -462476.780794144
11138804000 -453200.179489136
11145631000 -450094.622480392
11152454000 -451028.789384842
11159289000 -451859.48714447
11166113000 -454792.553337097
11172893000 -458123.252588272
11179666000 -454520.454982758
11186479000 -459563.646745682
11193251000 -463977.544685364
11199982000 -462762.07865715
11206791000 -457852.707365036
11213524000 -452627.027341843
11220274000 -450253.1170578
11227037000 -452766.779220581
11233832000 -448998.121746063
11241011000 -447799.521497726
11247774000 -439324.994300842
11254587000 -438407.263370514
11261410000 -437404.036083221
11268232000 -431413.669233322
11275050000 -431462.979253769
11281868000 -431516.204006195
11288684000 -427591.219966888
11295493000 -427732.71200943
11302318000 -435735.115016937
11309136000 -429803.996404648
11315963000 -430796.369056702
11322777000 -427908.826539993
11329601000 -428935.846244812
11336408000 -425118.669275284
11343238000 -418099.920598984
11350047000 -409272.694896698
11363680000 -408495.977869034
11370878000 -405206.185800552
11377701000 -404269.778993607
11384539000 -397203.340175629
11391375000 -396158.69826889
11398190000 -393305.501102448
11404997000 -389527.642759323
11411800000 -387789.398006439
11418630000 -378814.013801575
11425462000 -370824.704685211
11432276000 -360999.996992111
11439098000 -354107.794874191
11445927000 -354157.037111282
11452713000 -355593.956876755
11459511000 -347927.668489456
11466332000 -340060.036506653
11473154000 -341187.400001526
11479968000 -333390.059848785
11486787000 -329552.022064209
11493629000 -331512.717638016
11500459000 -326584.400384903
11507290000 -319651.091827393
11514116000 -318766.309209824
11520942000 -317885.450517654
11527775000 -318946.089029312
11534610000 -321992.824462891
11541446000 -324034.577226639
11548324000 -327705.777711868
11555142000 -335915.909864426
11561979000 -328960.567510605
11568814000 -335026.991031647
11575650000 -329088.434761047
11596101000 -323804.382265091
11602926000 -321979.564407349
11609766000 -331025.001350403
11616594000 -333181.30579567
11623434000 -333234.61590004
11630258000 -332434.417581558
11637082000 -330638.140892029
11643910000 -326810.152536392
11650740000 -324968.27491188
11657947000 -317772.327945709
11664772000 -318983.057043076
11671599000 -313179.896932602
11678425000 -314389.567314148
11685253000 -308585.35193634
11692085000 -310749.445724487
11698909000 -308988.699857712
11705727000 -309285.294317245
11712939000 -301078.208375931
11719763000 -296329.446914673
11726590000 -292557.903001785
11733411000 -287843.688873291
11740247000 -284999.889772415
11747067000 -281302.420251846
11753881000 -277662.262126923
11760706000 -278928.130786896
11767514000 -274349.186731339
11774340000 -274613.993829727
11781170000 -282847.137804031
11787995000 -284128.691240311
11794812000 -282485.332365036
11801643000 -287721.356519699
11808477000 -284934.626958847
11815300000 -282249.663297653
11822137000 -280444.113721848
11828934000 -282998.210287094
11835751000 -278378.354158401
11842565000 -272789.086391449
11849395000 -275061.472475052
11856219000 -275391.129737854
11863037000 -282778.047838211
11869854000 -277177.769964218
11876674000 -284554.739513397
11883499000 -292891.185365677
11890318000 -291284.879417419
11897132000 -294726.92433548
11903937000 -295252.857210159
11910756000 -286658.287994385
11917576000 -283058.749385834
11924397000 -289454.243103027
11931220000 -283835.886745453
11938042000 -292230.334417343
11944864000 -295628.701416016
11951678000 -303102.046970367
11958493000 -305570.420835495
11978918000 -302176.612337112
11985733000 -295660.619876862
11992551000 -293121.901817322
11999374000 -291542.70655632
12006193000 -291002.943021774
12019815000 -277077.190235138
12026639000 -272504.784702301
12033453000 -277025.055957794
12040653000 -278123.515522003
12047471000 -277616.331214905
12054291000 -271095.314117432
12061114000 -269551.594484329
12067936000 -272020.667942047
12074757000 -274502.532764435
12081574000 -280023.801624298
12088394000 -283522.371398926
12095218000 -281989.376935959
12102034000 -296531.262031555
12108851000 -297068.190395355
12115682000 -289484.87204361
12122500000 -288020.767595291
12129319000 -285551.710435867
12136145000 -279024.50107193
12142967000 -290536.680812836
12149789000 -286052.779876709
12156609000 -289590.528562546
12163429000 -289132.194274902
12170253000 -286642.32103157
12177068000 -287236.14021492
12183897000 -285709.790811539
12197548000 -283730.906015396
12204369000 -286287.223695755
12211570000 -290480.456996918
12218385000 -289097.988975525
12225190000 -290808.025938034
12232005000 -287433.374753952
12238823000 -282036.060190201
12245650000 -279562.941534042
12252464000 -275208.8898983
12259293000 -273725.900918961
12266112000 -274335.398550034
12272930000 -266957.667411804
12279755000 -267521.867580414
12286571000 -271169.678325653
12293388000 -281812.547883987
12307075000 -285640.846504211
12314285000 -288816.697034836
12321112000 -294386.964050293
12327986000 -297545.172531128
12334791000 -302318.019777298
12341608000 -305988.57204628
12348441000 -304521.45403862
12355264000 -299146.752162933
12362086000 -290784.818605423
12368919000 -288329.484443665
12375741000 -286975.395862579
12382562000 -283634.072723389
12389386000 -284270.131135941
12396218000 -290839.351436615
12403043000 -292474.413305283
12409911000 -290733.113876343
12416740000 -285340.673055649
12423561000 -291022.900920868
12430406000 -302496.836832047
12437233000 -309133.865760803
12444059000 -306783.660703659
12450884000 -306446.219934464
12457705000 -313148.061094284
12464534000 -317783.106719971
12471358000 -314466.272912979
12478187000 -315109.170413971
12485053000 -309429.00825882
12491851000 -312353.726055145
12498665000 -314140.954212189
12505490000 -309834.899093628
12512311000 -303568.107507706
12519133000 -310296.399486542
12526006000 -304578.074800491
12532823000 -306358.402046204
12539639000 -303151.475767136
12546470000 -298815.977210999
12553297000 -294519.735282898
12560129000 -298183.262611389
12566962000 -295841.89017868
12573783000 -295610.409877777
12580623000 -305215.088432312
12587443000 -301000.284263611
12594274000 -300692.285957336
12601106000 -305379.389614105
12607942000 -300035.11554718
12614768000 -291783.042526245
12621599000 -298490.763496399
12628409000 -290387.747797012
12635239000 -285112.140872955
12642068000 -282849.286739349
12648897000 -286590.359977722
12655720000 -283388.29927063
12662539000 -287225.449192047
12669360000 -301048.871067047
12676187000 -296823.282783508
12683024000 -300513.411432266
12689852000 -311286.85880661
12696673000 -316125.970054626
12703497000 -310942.542209625
12710373000 -318304.473333359
12717200000 -314102.464817047
12724031000 -308869.111934662
12730863000 -306630.871940613
12737693000 -305414.195194244
12744553000 -297936.977973938
12751392000 -300648.840024948
12758206000 -295585.002988815
12765023000 -300498.634370804
12771850000 -302328.045999527
12778673000 -304196.633735657
12785496000 -300069.141950607
12792328000 -292866.266159058
12799159000 -290676.132226944
12805994000 -287454.686138153
12812838000 -291157.885393143
12819673000 -288944.313043594
12826493000 -279866.805936813
12833325000 -279687.517976761
12840154000 -273538.583587646
12846980000 -272419.997592926
12853806000 -274305.335519791
12860636000 -272159.373949051
12867467000 -268008.535619736
12874300000 -259844.017557144
12881136000 -256657.019079208
12887959000 -252588.402242661
12894797000 -248391.661184311
12901627000 -240269.277088165
12908450000 -242212.434322357
12915284000 -236062.698236465
12922109000 -229996.101385117
12928933000 -223942.227413177
12935748000 -219971.470838547
12942580000 -224855.043300629
12949405000 -217804.135251999
12956234000 -219721.958755493
12963072000 -217564.534566879
12969909000 -219419.844762802
12976748000 -217261.499385834
12983590000 -222080.706388474
12990410000 -217097.344110489
12997265000 -215810.096563339
13004090000 -224790.619571686
13010918000 -222748.685754776
13017740000 -219763.433912277
13024568000 -225729.349094391
13031398000 -221681.60754776
13038219000 -219716.912631989
13045007000 -215046.216718674
13051823000 -212133.287981033
13058644000 -206180.325773239
13065456000 -210310.379205704
13072272000 -213409.18834877
13079058000 -209775.533744812
13085883000 -204803.068555832
13092709000 -204825.73982811
13099524000 -210948.978141785
13106339000 -207076.127742767
13113159000 -207163.265680313
13119984000 -215210.40057373
13126790000 -211428.343624115
13133586000 -209738.016330719
13140412000 -207788.109664917
13147241000 -205815.781763077
13154078000 -216777.132081985
13160905000 -219830.224668503
13167724000 -216957.482286453
13174544000 -221079.876365662
13181378000 -222083.283634186
13188188000 -231301.302522659
13195021000 -225321.339931488
13201854000 -223345.309318542
13208683000 -224408.316862106
13215510000 -216492.803722382
13222347000 -217493.461704254
13229175000 -230577.029642105
13236004000 -221655.749559402
13242828000 -223782.265201569
13249647000 -222956.567947388
13256519000 -211669.843055725
13263332000 -211904.63965416
13270157000 -205038.088821411
13276989000 -199114.065208435
13283821000 -197193.972421646
13290645000 -206347.967603683
13297465000 -207540.960683823
13304270000 -214869.398220062
13311027000 -221622.595949173
13317829000 -217985.107675552
13324654000 -219149.879842758
13331516000 -226994.225284576
13338319000 -223359.708068848
13345140000 -218571.317396164
13351944000 -216935.841062546
13358742000 -219356.846851349
13365570000 -216518.844402313
13372370000 -210930.125442505
13379131000 -205687.02596283
13385884000 -199517.869010925
13392661000 -194142.287239075
13399489000 -194323.788835526
13413104000 -186057.703165054
13419924000 -180321.029901505
13426743000 -177597.031848907
13433490000 -179507.497625351
13440283000 -176018.973031998
13447106000 -175271.640478134
13453925000 -180563.251970291
13460749000 -183815.002754211
13467565000 -186140.71310997
13474380000 -181479.090072632
13481188000 -187882.653495789
13487980000 -191430.168560028
13494802000 -185718.995016098
13501615000 -185090.507684708
13508435000 -178404.670228958
13515259000 -180687.746894836
13522079000 -177009.745796204
13528903000 -170300.663415909
13535721000 -168647.996681213
13542544000 -169955.502532959
13549361000 -168319.415990829
13556194000 -171547.286542892
13563022000 -166822.822595596
13569835000 -159233.476831436
13576648000 -156648.040060043
13583459000 -153084.002248764
13590273000 -160497.637905121
13597080000 -158976.390556335
13603908000 -154275.436807632
13610714000 -148770.748407364
13617517000 -149296.187318802
13624337000 -147676.917541504
13631160000 -153035.341896057
13637987000 -151362.725158691
13644813000 -146702.773313522
13651615000 -144256.487224579
13658424000 -138752.926818848
13672054000 -126652.668945312
13678862000 -125169.565582275
13685678000 -126620.474472046
13692505000 -122979.20198822
13699333000 -122333.119354248
13706154000 -121752.105499268
13712966000 -120253.616514206
13719792000 -117636.766332626
13726614000 -121058.771787643
13733421000 -120615.681880951
13740233000 -115132.835178375
13747054000 -115575.315458298
13753878000 -121995.522022247
13760677000 -119637.901668549
13767465000 -113380.198619843
13774257000 -114091.460264206
13781074000 -109588.398275375
13787897000 -109036.883264542
13794724000 -104454.379962921
13801528000 -95076.5139522552
13808348000 -92562.9298877716
13815170000 -92035.8119106293
13821987000 -95556.2377414703
13828810000 -88028.2312240601
13835607000 -85730.9626369476
13842416000 -83332.9065856934
13849231000 -75886.4193267822
13856050000 -79408.9552459717
13862869000 -81935.4070453644
13869687000 -87474.4956073761
13876475000 -86279.1080875397
13883303000 -85738.8115577698
13890098000 -87490.173494339
13896909000 -87105.9264011383
13903710000 -90812.7661399841
13917349000 -96915.6072483063
13924197000 -101224.488225937
13931017000 -104781.358428955
13937832000 -99385.7213611603
13944651000 -98959.1373195648
13951471000 -91527.7551631927
13958280000 -92196.1376361847
13965097000 -97798.7217559814
13971916000 -92387.7949199677
13978728000 -91041.7658367157
13985548000 -86629.9556217194
13992361000 -81283.0362701416
13999180000 -84887.7660675049
14006004000 -89452.8647480011
14012799000 -88274.4410037994
14019634000 -89751.5754985809
14026449000 -90406.7978076935
14033270000 -83013.6887836456
14040083000 -79694.1501693726
14046832000 -74935.7018756866
14053651000 -74571.7122058868
14060434000 -82525.01171875
14067250000 -81194.9458618164
14074075000 -77790.459438324
14080900000 -82389.8957881927
14087668000 -75489.2985286713
14094479000 -72218.3749370575
14101296000 -78899.1497974396
14108110000 -87609.9406414032
14114930000 -78272.4402694702
14121756000 -81886.6590175629
14128587000 -88461.3063087463
14135397000 -85222.5518112183
14142133000 -85631.3498344421
14148875000 -89991.7847881317
14155710000 -92547.24568367
14162526000 -89271.8689823151
14169316000 -82226.491481781
14176523000 -81559.1580257416
14183352000 -79182.7001075745
14190165000 -79949.2717933655
14196988000 -74632.8193130493
14203814000 -71294.2090873718
14210638000 -67976.9071178436
14217466000 -61628.7604103088
14224283000 -60380.1411094666
14231103000 -60109.3640613556
14244744000 -57570.8717670441
14251566000 -63294.4689445496
14258397000 -62943.7921504974
14265225000 -56623.1077365875
14272051000 -50323.7235393524
14278864000 -51141.1867237091
14285689000 -55858.3287467957
14292503000 -49674.9315280914
14299314000 -45521.4985466003
14306133000 -46302.4992694855
14312947000 -42130.8336200714
14319770000 -40884.9313297272
14326612000 -37477.983915329
14333435000 -35239.9334945679
14340248000 -32092.6160583496
14347068000 -33888.4428730011
14353900000 -31584.0254993439
14367519000 -17377.5360870361
14374329000 -13275.8096580505
14381142000 -10151.9553585052
14387971000 -7893.17432785034
14394787000 -12751.1172218323
14401606000 -18586.9442958832
14408434000 -10348.6076717377
14415264000 -7096.84740447998
14422074000 -16022.5028476715
14428888000 -14917.3686943054
14435709000 -11755.4321975708
14442528000 -14614.7591533661
14449346000 -14486.6740550995
14456162000 -13379.8466682434
14462976000 -18294.2735462189
14469795000 -21169.2588596344
14476616000 -22030.8205184937
14483441000 -19861.623588562
14490264000 -18713.686668396
14497085000 -8587.00630950928
14503898000 -5533.58388137817
14510677000 221.255058288574
14517490000 6266.87900924683
14524292000 4213.27070236206
14531118000 9363.73028564453
14537937000 4449.61372756958
14544756000 10531.581287384
14551586000 15704.9309558868
14558410000 21822.3748321533
14565232000 18918.572473526
14572066000 23114.7915344238
14578886000 26185.8213195801
14585708000 32270.2552337646
14592512000 37194.8897151947
14599320000 32150.2632579803
14606128000 36101.7335414886
14612941000 39092.5920009613
14619764000 36166.1185894012
14626583000 36201.0961513519
14633792000 39608.2110347748
14640621000 41721.6924285889
14647379000 48216.7142524719
14654164000 42941.5699672699
14660952000 44688.5114822388
14667730000 54345.0359230042
14674507000 59989.0383281708
14681326000 58992.579158783
14688134000 58897.0326194763
14694913000 63546.6927528381
14701688000 69157.8795642853
14708510000 74171.7621364594
14715328000 76147.1267299652
14722149000 82144.523859024
14728922000 78722.873998642
14735704000 81375.1924438477
14742492000 80075.5216464996
14749297000 82918.9661560059
14756109000 84819.0344543457
14762930000 89793.0058040619
14769745000 90711.1884918213
14776551000 98547.6593208313
14783369000 105483.956399918
14790160000 108182.968006134
14796966000 106007.737665176
14803775000 105854.533002853
14810525000 106187.566928864
14817276000 116525.40489769
14824025000 122842.123674393
14830755000 124990.847654343
14837499000 127256.708560944
14844241000 116501.461639404
14850985000 123759.663251877
14857795000 122584.120779037
14864588000 116257.842176437
14871359000 125737.673994064
14878161000 122481.359384537
14884970000 110281.596035004
14891777000 113060.65867424
14898602000 113991.235343933
14905421000 110866.087308884
14912243000 112762.922636032
14919061000 120621.308610916
14925870000 124398.092460632
14932690000 124265.916852951
14939500000 122043.516372681
14946304000 119765.429065704
14953127000 119647.406219482
14959927000 110326.994422913
14966728000 117011.317029953
14973505000 111484.674314499
14980297000 117083.574056625
14987091000 111695.842418671
14993911000 111528.504867554
15000711000 110184.737699509
15007502000 115759.450918198
15014288000 109287.157915115
15021118000 117190.439035416
15027919000 124839.714836121
15034736000 120623.059652328
15041483000 126798.937324524
15048289000 123479.657304764
15055077000 124001.297401428
15061893000 119760.430551529
15068709000 121515.651266098
15075469000 130784.276943207
15082279000 129479.992362976
15089099000 135257.984106064
15095907000 135928.647464752
15102724000 138672.960922241
15109546000 138456.443117142
15116364000 142201.542427063
15123181000 142934.111686707
15129990000 150593.84941864
15136815000 156387.50945282
15143655000 156306.450603485
15150470000 163006.126285553
15157288000 167727.728010178
15164106000 165445.41500473
15170923000 169150.575969696
15177740000 170851.823348999
15184534000 169351.123725891
15191346000 167001.509262085
15198168000 168734.076972961
15204942000 179049.520765305
15211735000 179524.649524689
15218556000 180236.896205902
15225382000 179988.25825882
15232200000 185666.847303391
15239021000 188367.338300705
15245837000 187020.8861866
15252646000 194610.290740967
15259455000 199195.790891647
15266270000 204829.00623703
15273086000 202466.912988663
15279906000 202135.31577301
15286715000 211705.184547424
15293525000 216279.749883652
15300340000 214893.411657333
15307154000 215494.562320709
15313972000 220126.199840546
15320790000 224753.922624588
15327613000 229420.72118187
15334435000 234075.001735687
15341227000 238467.454385757
15347981000 240529.359535217
15354758000 235785.126852036
15361532000 235011.240644455
15368350000 234611.655614853
15375173000 236251.126329422
15381988000 245817.928403854
15388808000 257423.783920288
15395632000 254060.091899872
15402432000 261486.275089264
15409216000 263771.104549408
15416005000 276095.011507034
15422812000 280569.658475876
15429645000 282263.73056221
15443140000 278171.468551636
15449964000 280776.552942276
15456811000 281575.221786499
15463638000 282198.20964241
15470466000 270825.858491898
15477292000 279432.41012764
15484111000 277974.943395615
15490928000 284496.392087936
15497754000 281091.181146622
15504572000 277613.380701065
15511370000 278960.013036728
15518109000 277796.412311554
15524869000 282809.198324203
15531670000 284169.953542709
15538480000 278604.036603928
15545307000 276180.070173264
15552132000 278735.020280838
15558955000 277268.890378952
15565729000 276378.515777588
15572466000 280166.910104752
15579281000 287620.481098175
15586034000 284538.408042908
15592819000 287726.919099808
15599644000 294254.560943604
15606457000 294675.38461113
15613236000 288800.781745911
15620060000 295308.115131378
15626887000 294837.245582581
15633717000 296388.167922974
15647359000 301323.945932388
15654180000 309785.957668304
15660990000 312149.780954361
15667806000 319561.115400314
15674630000 325037.088420868
15681444000 331423.456796646
15688275000 324951.56640625
15695094000 322372.940509796
15701879000 329499.135007858
15708689000 337835.602806091
15715499000 334168.165052414
15722271000 333171.356966019
15729060000 324316.279779434
15735877000 327697.105239868
15742696000 321091.143404007
15749478000 317164.450544357
15756270000 322319.504196167
15763096000 317761.761455536
15769922000 323200.09479332
15776748000 315634.504201889
15783565000 316987.95236969
15790393000 311431.637359619
15797216000 314828.60336113
15804041000 320238.764842987
15810855000 322550.872108459
15817681000 324961.751192093
15824501000 330317.368822098
15831322000 337677.625102997
15838081000 346503.546461105
15844886000 356719.129396439
15851693000 362947.920448303
15858503000 359198.469558716
15865321000 362513.535663605
15872132000 362764.821329117
15878954000 361106.268663406
15885763000 368332.632432938
15892586000 366674.799102783
15899408000 372004.495347977
15906224000 379278.976034164
15913038000 379532.446683884
15919856000 385816.200094223
15926683000 388172.967622757
15933505000 389483.074701309
15940279000 391379.030319214
15947091000 379595.867012024
15953907000 380842.977291107
15960737000 376205.802085876
15967484000 376855.528907776
15974317000 383236.175310135
15981132000 382459.114589691
15987942000 378635.430128098
15994720000 376534.498716354
16001496000 376412.615673065
16008277000 383329.56987381
16015086000 387481.777484894
16021920000 384843.571453094
16028740000 385081.885532379
16035621000 382837.129747391
16042348000 379273.549552917
16049132000 376192.786817551
16055948000 385381.32477951
16062770000 389617.167440414
16069590000 390832.019544601
16076438000 399281.935722351
16083271000 393599.885707855
16090099000 393871.23428154
16096920000 399078.923437119
16104094000 404294.745992661
16110898000 404349.349716187
16117721000 400562.15445137
16124507000 399455.392137527
16131295000 399361.812587738
16138110000 402494.658512115
16144929000 400657.710229874
16151744000 389782.731281281
16158562000 392929.425413132
16165384000 399106.315002441
16172196000 405194.015529633
16185883000 402894.819955826
16192702000 401030.43753624
16199514000 402102.466524124
16206333000 399230.256361008
16213154000 397371.177368164
16219976000 387516.703147888
16226779000 383496.38444519
16233557000 383259.123081207
16240363000 381256.587348938
16247181000 391352.398569107
16253999000 395444.295057297
16260771000 397140.379226685
16267560000 403977.423351288
16274387000 402134.28401947
16281198000 406150.934911728
16288016000 412223.2996521
16294824000 420206.583192825
16301626000 420134.867033005
16308418000 413974.099477768
16315239000 416056.379926682
16322058000 409117.71349144
16328873000 413141.076055527
16335689000 419169.04053688
16342508000 422218.630479813
16349330000 421289.840707779
16356141000 421263.505300522
16362957000 423275.817743301
16376545000 419914.275749207
16383324000 413600.036024094
16390153000 415707.35726738
16396980000 412793.735046387
16403797000 412791.11305809
16410614000 408784.577486038
16417437000 413825.166257858
16424266000 405912.869029999
16431081000 399877.572027206
16437868000 393600.234956741
16444603000 397876.809055328
16451330000 404081.535423279
16458077000 407452.50884819
16464817000 408760.132335663
16471555000 400046.926622391
16478295000 401346.899896622
16485027000 400575.042469025
16491772000 400909.869243622
16498511000 394189.867706299
16505251000 397474.540557861
16512040000 405171.807188034
16518760000 411278.845132828
16525492000 416484.046735764
16532232000 409753.404972076
16538977000 406061.417966843
16545716000 415314.626501083
16552459000 417597.990297318
16559203000 421886.019397736
16565968000 413348.588365555
16572754000 417985.661306381
16579588000 421026.504219055
16586399000 423868.095911026
16593226000 429841.645187378
16600056000 425836.74221611
16606859000 432598.670789719
16613689000 435585.926296234
16620519000 431569.25328064
16627319000 439293.992401123
16634137000 440167.62273407
16640956000 447045.825834274
16647783000 437988.008434296
16654605000 425883.834222794
16668234000 418536.449821472
16675050000 423369.618490219
16681858000 429131.002300262
16688674000 426956.350687027
16695497000 429837.166969299
16702296000 434510.486839294
16709127000 440451.330015182
16715946000 443286.469333649
16722728000 448803.910219193
16729531000 453495.558423996
16736352000 456335.939462662
16743164000 460096.092315674
16749978000 456869.293956757
16756800000 446706.407394409
16763617000 445497.215665817
16770444000 442368.876285553
16777265000 431185.755720139
16784079000 435939.388868332
16790894000 434697.586748123
16797721000 435553.564889908
16804491000 443922.615747452
16811294000 434567.420879364
16818120000 435403.197790146
16824931000 440107.970724106
16831753000 437902.022691727
16838560000 442565.092496872
16845383000 446359.784708023
16852170000 431845.646932602
16858953000 433293.753389359
16865771000 434034.385017395
16872583000 437720.293970108
16879409000 435520.838911057
16886236000 428325.926767349
16893058000 429084.758218765
16899880000 422839.670341492
16906696000 414539.872428894
16913511000 411227.697536469
16920310000 415776.187818527
16927087000 421134.590354919
16933879000 426616.067544937
16940671000 418093.659799576
16947542000 411235.839979172
16954315000 413544.856147766
16961137000 415264.575330734
16967956000 415954.995307922
16974775000 414641.499404907
16981599000 418366.38167572
16988417000 424036.59290123
16995241000 423753.635368347
17002058000 426407.556598663
17008870000 426015.281677246
17015688000 433669.834547043
17022503000 434295.106590271
17029322000 434950.28650856
17036141000 433601.550548553
17042958000 434231.991420746
17049778000 431883.877914429
17056588000 435447.322433472
17063398000 441006.861398697
17070216000 446630.105596542
17077415000 450469.173561096
17084203000 459830.864484787
17090997000 457239.372636795
17097746000 451263.787345886
17104571000 459926.448923111
17111405000 459661.218639374
17118221000 459240.003755569
17125043000 450865.556818008
17131861000 450453.405931473
17138676000 451012.003564835
17145541000 451988.94021225
17152348000 452472.131130219
17159092000 455419.45675087
17165884000 456768.230209351
17172710000 442400.171123505
17179534000 446011.303833008
17186336000 435432.800430298
17193099000 443521.201757431
17199922000 452112.176862717
17206749000 454732.990890503
17213579000 444375.197666168
17220402000 446954.405021667
17227225000 437529.691902161
17234008000 447763.556224823
17240791000 447993.545900345
17247620000 454607.735765457
17254394000 451754.027349472
17261210000 455250.735685349
17268040000 450861.617218018
17274916000 454856.539316177
17281724000 466273.999586105
17288554000 461873.081739426
17295373000 462375.479129791
17302195000 465899.256074905
17309017000 475419.113693237
17315837000 480918.190656662
17322656000 475404.920501709
17329473000 477870.87543869
17336300000 482417.206188202
17343122000 485917.470043182
17349942000 491396.958984375
17356813000 478302.318809509
17363616000 484630.691555023
17370445000 485174.244457245
17384083000 484081.069854736
17390921000 489688.671192169
17397744000 486165.978343964
17404567000 482639.365009308
17411353000 479797.194366455
17418144000 477993.255889893
17424956000 471362.284576416
17431775000 477786.351711273
17438602000 480273.865562439
17445418000 479664.837093353
17452232000 481035.057834625
17458983000 474870.996326447
17465749000 481829.367229462
17472513000 464767.047943115
17479282000 460742.96018219
17486023000 462479.35654068
17499616000 459874.754955292
17506440000 459298.020874023
17513259000 459675.29498291
17520048000 461796.249298096
17526869000 464182.534656525
17533699000 467640.612670898
17540440000 475346.116958618
17547198000 468190.784484863
17554002000 475418.493816376
17560821000 473768.454956055
17567591000 466702.436721802
17574377000 469767.100925446
17581173000 474911.970237732
17587988000 473212.697174072
17594803000 479509.512828827
17601627000 466878.07654953
17608413000 463923.289813995
17615217000 465115.92313385
17622055000 466590.423557281
17628882000 462968.538959503
17635695000 455225.077133179
17642499000 458402.077945709
17649313000 461659.205875397
17656114000 467803.197593689
17662932000 471086.118434906
17669758000 470432.33139801
17676581000 470749.419593811
17683391000 463953.391101837
17690215000 471271.044944763
17697037000 468567.980049133
17703854000 462819.005889893
17710679000 463133.29744339
17717508000 465477.253562927
17724337000 463817.282310486
17731163000 461128.196624756
17737985000 454401.606567383
17744805000 449654.308109283
17751631000 448953.45639801
17758452000 445206.713825226
17765276000 444481.231510162
17772101000 440760.219806671
17778922000 443001.718677521
17785748000 440281.254814148
17792572000 429540.085998535
17799395000 421786.605613708
17806262000 426398.336742401
17813046000 413309.82736969
17819859000 411460.700527191
17826681000 408683.153469086
17833494000 410826.203475952
17840321000 401082.755401611
17847147000 398326.996334076
17853963000 399483.459903717
17860788000 391711.473964691
17867612000 390927.181056976
17874432000 398105.432041168
17881257000 400321.681224823
17888066000 400399.888088226
17894883000 396541.245738983
17901721000 391854.697589874
17908538000 383988.216011047
17915351000 380084.30015564
17922170000 380226.752906799
17928993000 376398.805877686
17935815000 377558.559925079
17942632000 377672.505260468
17949443000 385732.273189545
17956256000 381804.887878418
17963047000 383689.318126678
17969834000 381536.362236023
17976615000 379329.277042389
17983369000 375892.209468842
17990172000 371861.620212555
17996959000 375693.160614014
18003768000 375705.021846771
18010590000 380821.816688538
18017411000 380926.32062149
18024241000 386102.245418549
18031054000 384131.944381714
18037883000 382291.652053833
18044686000 382229.831027985
18051510000 377339.855361938
18058327000 377387.381134033
18065133000 382338.950164795
18071934000 382244.783283234
18078746000 377238.751735687
18085562000 368262.27570343
18092389000 366373.905158997
18099212000 358448.150779724
18106036000 353526.8400383
18112861000 347609.97121048
18119683000 342664.090705872
18126508000 346739.378055573
18133335000 342827.466262817
18140151000 343819.655727386
18146969000 340824.654090881
18153790000 350850.818008423
18160611000 352873.063743591
18167462000 355142.159633636
18174279000 351123.118309021
18181093000 354075.090011597
18187907000 353023.151573181
18194719000 353950.589698792
18201527000 348840.695682526
18208346000 350818.808917999
18215170000 349834.780899048
18221988000 346796.705142975
18228808000 341771.422214508
18242470000 333892.863067627
18249279000 339763.943832397
18256101000 330739.689422607
18262921000 323694.813877106
18269708000 321370.460372925
18276516000 324217.572620392
18283327000 326085.829162598
18290155000 327092.105400085
18296966000 324952.538799286
18303778000 327817.412960052
18310592000 322695.073055267
18317390000 329435.281951904
18324207000 323330.168174744
18331017000 328162.724632263
18337827000 318991.375537872
18344618000 324657.584449768
18351431000 328503.465503693
18358240000 332312.066051483
18365055000 324166.816017151
18371872000 326034.338157654
18378689000 317897.946704865
18385515000 312832.706897736
18399098000 313115.034618378
18405907000 306896.302043915
18412725000 303748.709663391
18419514000 303355.408809662
18426347000 295325.060745239
18433170000 295207.415042877
18439987000 297035.83290863
18446800000 296826.995517731
18453619000 292664.258201599
18460436000 296480.936462402
18467245000 296227.031570435
18474054000 285969.222267151
18480863000 275707.508563995
18487723000 266866.821163177
18494530000 266580.60660553
18501343000 248340.474891663
18508152000 252063.113182068
18514970000 246856.814167023
18521783000 244604.954906464
18528595000 235340.85811615
18535411000 234106.165309906
18542232000 229909.196979523
18549035000 231558.42791748
18555848000 229287.023685455
18562618000 227653.706939697
18569404000 226149.731895447
18576211000 219816.693729401
18583021000 216504.725296021
18589834000 220213.821426392
18603493000 216894.920116425
18610314000 212658.843528748
18617128000 217360.601238251
18623923000 214900.359279633
18630697000 207261.510398865
18637530000 203109.639335632
18644301000 212438.071704865
18651103000 211020.507785797
18657912000 214657.270973206
18664714000 211231.910282135
18671516000 203802.653217316
18678336000 206519.186340332
18685154000 203215.171741486
18691976000 201940.501499176
18698790000 206595.398349762
18705606000 209263.012310028
18712421000 212918.400779724
18719239000 213594.815395355
18726052000 209225.755764008
18732865000 214852.787143707
18739687000 213550.706310272
18746506000 217219.775615692
18753328000 215909.857852936
18760145000 213554.47561264
18766968000 217245.030525208
18773765000 220715.660015106
18780579000 219323.623130798
18787390000 220902.755897522
18794200000 221469.675804138
18800975000 222741.994487762
18807793000 223367.563510895
18814574000 230681.953323364
18821357000 228009.078529358
18828157000 224473.485256195
18834983000 219149.868850708
18841801000 223755.91129303
18855404000 235682.318744659
18862249000 231500.747627258
18869050000 224950.036991119
18875851000 228395.431114197
18882660000 223903.319713593
18889469000 223407.303909302
18896293000 222031.847179413
18903154000 223959.457408905
18909931000 223186.204689026
18916751000 219765.805461884
18923571000 222341.489208221
18930389000 214896.666538239
18937204000 210423.046775818
18944018000 198937.222179413
18950841000 194522.124187469
18957657000 197045.058940887
18964425000 189166.073646545
18971239000 191664.628578186
18978055000 194175.854721069
18984880000 195757.779369354
18991693000 193236.306884766
18998511000 185752.370189667
19005324000 183223.076850891
19012147000 174772.752601624
19018962000 158252.210006714
19025772000 160686.322818756
19032596000 155232.535293579
19039409000 154683.685512543
19046232000 158213.776119232
19053055000 159739.946250916
19059877000 156253.912120819
19066744000 150136.703205109
19073546000 146477.151832581
19080359000 135904.806781769
19087173000 128336.83423233
19093986000 129756.670623779
19100801000 133189.158706665
19107610000 138568.05688858
19114412000 136885.096298218
19121225000 144289.304176331
19128044000 139739.271350861
19134853000 129102.547901154
19141668000 120511.581455231
19148479000 119883.59841156
19155293000 124276.535934448
19162111000 116698.664028168
19168928000 114108.602787018
19175749000 105547.724082947
19182578000 107049.114849091
19189396000 113455.57654953
19196215000 108866.395824432
19203031000 107248.484020233
19209845000 107610.117458344
19216656000 106943.029003143
19223469000 106288.573875427
19230285000 100655.018066406
19237100000 98009.2809562683
19243913000 97343.0959777832
19250727000 95681.2697219849
19257540000 91007.2661857605
19264345000 92263.2211036682
19271158000 87581.4041671753
19277960000 81804.7585945129
19284708000 75577.9146194458
19291500000 61710.8643951416
19298300000 51906.0389213562
19305106000 50146.89818573
19311961000 41788.7219963074
19318763000 39988.7032928467
19325583000 36333.4936485291
19332411000 26740.4536705017
19339238000 16135.2272071838
19346057000 23459.9981689453
19353256000 23919.3104248047
19360069000 29186.4803581238
19373695000 11709.09324646
19380509000 -27.2070121765137
19387329000 2282.11986541748
19394143000 4537.99588394165
19400952000 3748.68643569946
19407772000 -3953.72801208496
19414585000 3282.16309356689
19421395000 1489.38517379761
19428209000 -6274.28721237183
19435022000 -5050.12194061279
19441836000 -12821.6140365601
19448645000 -3638.27151870728
19455463000 615.420871734619
19462277000 -3167.80107116699
19475941000 -12449.0203323364
19482766000 -9153.26342391968
19489590000 -12869.6768913269
19496387000 -17812.6817131042
19503200000 -18627.6339073181
19509978000 -18735.1009712219
19516799000 -21491.8885955811
19523620000 -20252.5943984985
19530440000 -16025.4625396729
19537247000 -22909.4143371582
19544058000 -27764.2961921692
19550864000 -25664.2969398499
19557681000 -34477.5381240845
19564485000 -32401.8296966553
19571286000 -37354.7421035767
19578479000 -39081.4183006287
19585284000 -44009.3875274658
19592090000 -43933.0175971985
19598902000 -45811.1182670593
19605715000 -50684.8889579773
19612543000 -54439.0099411011
19619349000 -54378.2639350891
19626155000 -50321.4188919067
19632971000 -60186.1195526123
19639786000 -65062.9676017761
19646599000 -63960.195690155
19653412000 -58861.3327789307
19660229000 -71733.4459342957
19667031000 -81732.9625282288
19673853000 -85571.7338218689
19680678000 -90389.729927063
19687479000 -91409.1912269592
19694288000 -90366.704864502
19707934000 -102063.027362823
19714751000 -100966.441158295
19721541000 -99095.9263076782
19728338000 -102171.701641083
19735152000 -110111.509967804
19741967000 -113047.002090454
19748783000 -124978.179725647
19755601000 -134896.819400787
19762408000 -127909.844680786
19769220000 -127885.651813507
19782835000 -144922.995754242
19789642000 -145951.632915497
19796449000 -146984.17219162
19803260000 -147987.72883606
19810068000 -146019.854011536
19816869000 -145113.422714233
19823682000 -148112.253067017
19830491000 -155147.867977142
19837300000 -154187.387294769
19844106000 -158255.464248657
19850919000 -167269.921970367
19857733000 -173280.072078705
19864531000 -169425.588722229
19871347000 -163427.119033813
19878152000 -162522.925434113
19884965000 -165556.91721344
19891774000 -164627.672908783
19898584000 -168694.119853973
19905401000 -175706.984268188
19912215000 -185748.398288727
19919021000 -179859.41394043
19926188000 -190010.214530945
19932997000 -189104.60824585
19939803000 -185227.535419464
19946613000 -185321.527111053
19953419000 -181452.25851059
19960244000 -180430.939529419
19967060000 -176487.409835815
19973873000 -179572.413028717
19980680000 -184710.562675476
19987490000 -188827.99741745
19994316000 -196818.056182861
20001122000 -190976.129295349
20007931000 -192113.491523743
20014739000 -194262.961532593
20021549000 -194399.929199219
20035166000 -185710.186145782
20041977000 -196850.66765976
20048792000 -197962.253837585
20055605000 -205094.151180267
20062420000 -200213.558792114
20069230000 -206377.871623993
20076044000 -214513.297153473
20082863000 -217611.644630432
20089692000 -224631.937358856
20096504000 -224795.497768402
20103315000 -227971.161937714
20110125000 -228158.928142548
20116942000 -235293.236526489
20123752000 -235488.817855835
20130564000 -229671.917491913
20137375000 -246867.118019104
20144185000 -247074.41771698
20151008000 -246179.12827301
20157806000 -244492.542449951
20164595000 -243883.56521225
20171413000 -248040.954200745
20178227000 -240235.016345978
20185047000 -238383.854434967
20191853000 -240651.24797821
20198670000 -239832.47574234
20205481000 -247066.740959167
20212290000 -246321.28635025
20219111000 -243481.502170563
20225923000 -249719.306480408
20232738000 -250936.463588715
20239553000 -256157.531982422
20246362000 -249431.614875793
20253176000 -251668.685699463
20259986000 -243942.39755249
20266791000 -239260.925693512
20273629000 -237313.36170578
20280439000 -233598.803401947
20287253000 -233855.428939819
20294063000 -232148.68403244
20300876000 -225421.306838989
20307692000 -231673.302524567
20314507000 -224937.388778687
20321318000 -234238.096546173
20328129000 -235542.711009979
20334939000 -231859.40858078
20341754000 -233139.132526398
20348568000 -233430.943023682
20355380000 -233743.013034821
20362192000 -240058.990890503
20369005000 -243370.703056335
20375808000 -240768.053886414
20389420000 -241525.417190552
20396231000 -238869.094051361
20403044000 -246200.336257935
20409854000 -246559.997764587
20416668000 -252890.886711121
20423477000 -250266.530563354
20430292000 -245597.06854248
20437105000 -248947.853420258
20443912000 -246351.550685883
20450730000 -258669.316818237
20457540000 -273056.32635498
20464348000 -277463.572467804
20471163000 -280817.567272186
20477976000 -272191.802089691
20484793000 -283537.290748596
20491608000 -280903.019416809
20498421000 -284288.984657288
20505229000 -284719.669235229
20512050000 -280048.15763855
20518862000 -280454.012500763
20532852000 -282290.974384308
20539661000 -277733.240253448
20546475000 -282138.617549896
20553294000 -281507.114879608
20560109000 -286912.15788269
20566917000 -279378.210281372
20573734000 -274774.759243011
20580543000 -272240.467594147
20587355000 -266685.614891052
20594167000 -267134.670036316
20600981000 -263571.325012207
20607798000 -272987.429840088
20614612000 -277431.90681839
20621429000 -272855.837089539
20628250000 -274251.074111938
20635061000 -263731.740653992
20641868000 -261248.916145325
20648675000 -266769.993747711
20655492000 -266213.479312897
20662307000 -265677.176139832
20669117000 -276185.525588989
20675932000 -277657.042125702
20689582000 -270448.878173828
20696394000 -268956.577960968
20703202000 -265500.767185211
20710016000 -267999.990722656
20716825000 -267543.845645905
20723637000 -264067.173950195
20730448000 -275602.553199768
20737255000 -285174.409259796
20744065000 -279725.741565704
20750882000 -275223.989753723
20757690000 -269799.418792725
20764500000 -278362.470623016
20771321000 -273839.891735077
20778147000 -278280.535606384
20784928000 -278091.336437225
20791691000 -274052.492618561
20798476000 -277838.478397369
20805269000 -281563.246700287
20812075000 -282186.130104065
20818905000 -282617.658790588
20825715000 -285215.817569733
20839333000 -278440.11964035
20846146000 -276025.593845367
20852963000 -273582.445907593
20859784000 -267110.682712555
20866597000 -266707.890781403
20873416000 -268260.221469879
20880245000 -277735.163169861
20887054000 -277376.630493164
20893867000 -278989.484867096
20900680000 -296606.248226166
20907494000 -299218.792392731
20914308000 -297835.246696472
20921119000 -295479.992275238
20927924000 -301177.403377533
20934739000 -304797.455322266
20941561000 -309364.541290283
20948374000 -303008.669322968
20955185000 -318672.95470047
20962002000 -318292.405166626
20968820000 -314907.646190643
20975630000 -319591.781574249
20982444000 -328247.334991455
20989263000 -321866.192016602
20996085000 -318464.602722168
21002901000 -319115.653705597
21009719000 -327754.37795639
21016534000 -331421.373966217
21023352000 -326067.925960541
21030130000 -337043.107189178
21036945000 -342721.817554474
21043734000 -334615.473861694
21050544000 -329342.572601318
21057295000 -333552.395771027
21064082000 -349473.916870117
21070912000 -356050.396625519
21077744000 -358614.577194214
21084568000 -365247.594825745
21091389000 -378908.872200012
21098178000 -384833.655986786
21104991000 -388567.643810272
21111806000 -406289.318656921
21118623000 -401998.68396759
21125434000 -403760.621891022
21132254000 -406453.483131409
21139071000 -404174.587471008
21145898000 -409818.524242401
21153109000 -412353.096939087
21159932000 -416037.532363892
21166753000 -419742.100986481
21173577000 -418426.270431519
21180384000 -416252.150074005
21187190000 -423090.036464691
21193993000 -422956.136016846
21200782000 -422939.581981659
21207584000 -419821.571483612
21214395000 -421634.536243439
21221219000 -426346.084659576
21228037000 -431110.161888123
21234847000 -433942.958839417
21241661000 -434747.261138916
21248480000 -436514.976196289
21262138000 -433900.187423706
21268899000 -438149.331344604
21275717000 -436940.78528595
21282538000 -442711.864143372
21289365000 -448438.284973145
21296142000 -446573.403881073
21302937000 -444566.682552338
21309712000 -462725.735958099
21316518000 -459637.748695374
21323344000 -464391.798957825
21330155000 -462271.162101746
21336958000 -468219.168140411
21343760000 -469179.163154602
21350562000 -470143.054553986
21357377000 -474005.668354034
21364192000 -481872.193447113
21371025000 -485597.025005341
21377845000 -484430.940093994
21384661000 -481301.124237061
21391484000 -475118.608791351
21398291000 -477069.403560638
21405114000 -478894.719871521
21411928000 -475796.728057861
21418750000 -476637.96528244
21425566000 -481531.62921524
21432376000 -488477.709518433
21439195000 -490354.944629669
21446011000 -499260.344146729
21452827000 -506169.656101227
21459642000 -504090.962184906
21466461000 -507983.855079651
21473269000 -518969.549854279
21480087000 -521878.348163605
21486902000 -523815.29940033
21493712000 -520796.556045532
21500538000 -517652.466243744
21507364000 -526512.300365448
21514173000 -524513.369117737
21520993000 -531429.500476837
21527811000 -532365.700767517
21534627000 -531321.96654892
21541435000 -530346.743202209
21548249000 -547326.977725983
21555070000 -543254.606788635
21561888000 -544210.373283386
21568695000 -550258.852100372
21582342000 -569101.161148071
21589164000 -566040.30342865
21595975000 -562072.137359619
