38000 124777.389703949
6893000 119111.937922171
13713000 116125.214558056
20535000 114153.677079346
27357000 112179.139334626
34126000 110719.761453465
40962000 108866.518802591
47797000 106001.173120201
54632000 105132.81572631
61459000 104188.730159394
68290000 102277.996397734
75129000 103436.963864133
81971000 101620.180800006
88781000 98509.5703947246
95585000 98341.4461226314
102327000 97606.9482744932
109083000 95996.7309498042
115836000 95356.3129739165
122587000 94694.7838821858
129718000 94482.6811564118
136470000 93824.1951242089
143225000 92190.0229415596
149977000 91525.657581687
156728000 90849.2697946429
163476000 88142.6949237883
170228000 87469.5147075355
176974000 87738.9028151929
183728000 86078.010540247
190476000 85359.6900703609
197225000 85647.5148763657
203982000 85005.0462441444
210727000 85250.6750299037
217479000 83556.92739591
224230000 81851.1616863906
230984000 81169.6937243938
237739000 81494.3632038832
244488000 80761.6245094538
251241000 79062.2587089539
257991000 80332.7223627269
264740000 80591.1722934246
271500000 78946.5220181346
278255000 79253.5478551984
285009000 79548.5569226742
291763000 77840.6252378821
298512000 79084.3814222217
305266000 77370.570409894
312017000 78626.5984297991
318769000 78888.761279285
325521000 80147.9851179123
332274000 78413.3420449495
339027000 78675.7590904832
345773000 78871.737652123
352529000 78155.4903630614
359286000 79445.3709378242
366040000 79705.0983797312
372801000 77025.3714780211
379633000 77986.6001731753
393327000 76172.0752916932
400188000 77387.2275096178
406950000 78701.6841372252
413738000 77248.931102097
420565000 77146.7975746989
427378000 78914.7358317375
434205000 78806.599134922
441032000 77695.4577724338
447840000 78409.0834215879
454657000 77201.2989962697
461477000 79017.7100117803
468305000 78903.6291611791
475133000 75786.5427647829
481954000 77603.0136742592
488781000 78470.8572576642
495606000 78317.5730358362
502438000 79224.7138162255
509271000 78137.9062172771
516101000 79020.9079235196
522941000 78991.5004028678
529773000 80886.6018269658
536607000 80796.8120361567
543443000 82722.1283872128
550280000 81653.490190506
557110000 80518.4352869987
563937000 81353.201582551
570773000 81266.4737318754
577601000 79104.2830191851
584426000 79911.9192291498
591249000 80698.4417258501
598069000 82454.7981840372
604891000 81226.2651842833
611719000 81049.0564264059
618541000 81814.5202560425
625365000 80595.0902291536
632239000 81825.2963358164
639043000 81418.7938160896
645862000 82145.0850993395
652694000 81986.0475178957
659519000 80760.6438494921
666341000 81505.0855865479
673152000 82146.9756970406
679970000 81849.2230023146
686788000 81548.4735587835
693608000 81262.8249773979
700426000 81956.0811575651
707247000 83673.4843673706
714083000 81523.6004781723
720916000 82343.562861681
727753000 82196.7017130852
734620000 83318.2119606733
741444000 84047.7162669897
748273000 82819.4449546337
755485000 85052.3365830183
762317000 82845.0169326067
769139000 82544.2488564253
775947000 82113.8715603352
782767000 82789.0229945183
789585000 83443.090685606
796416000 82211.7099424601
803253000 82031.5714337826
810083000 81785.1303768158
816907000 81481.4368745089
823739000 82247.0646780729
830558000 82892.163723588
837394000 82687.9372602701
844224000 82426.4636319876
851058000 85198.1373172998
857882000 82876.4180248976
871534000 83260.1227040291
878367000 84010.727628231
885207000 83821.5777796507
892036000 82530.0156694651
898864000 83226.4115599394
905687000 83874.6262390614
912511000 83528.8744659424
919339000 85216.2576805353
926163000 83864.5000967979
932980000 84446.5068730116
939803000 86079.7153841257
946635000 86791.2151931524
953466000 84490.6738808155
960289000 85114.8714774847
967120000 85808.3173131943
973946000 85453.6012980938
980769000 85068.7906191349
987590000 86662.9190882444
1001262000 84113.0470508337
1008089000 85752.3353600502
1014914000 85370.5628204346
1021743000 86021.8979820013
1028565000 86607.0362368822
1035386000 85180.1474539042
1042205000 85732.2066198587
1049022000 84263.2163723707
1055846000 84854.4084274769
1062658000 85334.2982960939
1069476000 85865.3441346884
1076295000 87402.4173595905
1083115000 86945.5166516304
1089943000 88557.8034772873
1096766000 89121.9706830978
1103589000 88683.1367433071
1110401000 90142.0603656769
1117217000 89634.0784983635
1124032000 90114.0805830956
1130852000 91636.1916446686
1137672000 92155.3041987419
1144492000 92671.4182460308
1151310000 94166.4951887131
1158147000 91829.9336953163
1164970000 94364.1008808613
1171787000 93841.1590499878
1178600000 93279.1511924267
1185414000 94723.1680803299
1192217000 96065.0084609985
1199050000 95674.3519256115
1205875000 94208.5591945648
1212700000 94739.7635576725
1219545000 94448.2630250454
1226364000 94919.3660178185
1233185000 94405.4994239807
1240007000 94897.6470243931
1246831000 95404.820640564
1253660000 93954.0557346344
1267676000 94269.7340857983
1274505000 94809.792293787
1281337000 94373.876824379
1288540000 95277.8343863487
1295363000 94754.6472723484
1302175000 95129.3537142277
1308989000 95519.0869472027
1315804000 97914.8356409073
1322621000 97325.6067323685
1329436000 96715.3663232327
1343458000 95016.6174426079
1350262000 96298.1512773037
1357079000 96693.7790977955
1363894000 99068.3998606205
1370704000 98395.0007367134
1377520000 100772.64018774
1384330000 101093.258989334
1397947000 101698.517235518
1404762000 102055.182991505
1411580000 102435.862195492
1418393000 102768.534247637
1425197000 103017.199169159
1432009000 104334.889261723
1438822000 104658.588641405
1445634000 104970.295341492
1452446000 104279.010565042
1459257000 105575.734865665
1466070000 106887.466582537
1472923000 107556.148609161
1479744000 106933.863054276
1486552000 109191.608191013
1493370000 108536.33783865
1500180000 108806.096274137
1506994000 109108.850465298
1513801000 109345.639914274
1520616000 110651.406204462
1527429000 111936.18827939
1534628000 110689.893541336
1541442000 111977.515518665
1548255000 113253.150553703
1555064000 112489.820154428
1561873000 113723.500912666
1568674000 115882.253690243
1575485000 115127.944182873
1582300000 115406.610134125
1589109000 115628.335523129
1595935000 116999.912876844
1602749000 117260.604099512
1609554000 117437.394276619
1616370000 118710.081621408
1623184000 117961.796218395
1629995000 119183.552264214
1636805000 119393.329711199
1643619000 120636.067682981
1650435000 120893.786664724
1657256000 120193.444066286
1664075000 122472.12959671
1670894000 122747.817499399
1677701000 124912.683411598
1684516000 123146.441635609
1691334000 124404.159203529
1698190000 126000.273706198
1705002000 126198.079451799
1711817000 126419.84321475
1718648000 126782.336461544
1725466000 125025.051825285
1732281000 126237.824904442
1739091000 126402.696841002
1745892000 126483.750348806
1752706000 125678.568910837
1759516000 125834.473881483
1766326000 126987.389132023
1773138000 128155.273085117
1779953000 127347.101878166
1786768000 127535.9365592
1793580000 126694.843447685
1800393000 127859.736314058
1807207000 128030.613840342
1814013000 129126.685524702
1820824000 129264.651687145
1827638000 128426.554345131
1834449000 129558.537993431
1841260000 130687.53104353
1848092000 131001.995476246
1854910000 131187.815688848
1861733000 130415.506654024
1868549000 131577.385050774
1875360000 131691.40534997
1882177000 132856.268144369
1888990000 131982.248098135
1895802000 132096.26439333
1902615000 132216.260076523
1909438000 131422.967653751
1916259000 132608.734115839
1923078000 133773.562101126
1929891000 135881.577823162
1936714000 134076.287855625
1943526000 136169.346248627
1950347000 136340.123253584
1957168000 137507.900872231
1963982000 137609.910747766
1970796000 137708.927389622
1977628000 136966.339323282
1984448000 138113.155126095
1991264000 138221.111824512
1998074000 138272.285269737
2004884000 138320.468994856
2012078000 137807.769916534
2018895000 137912.549197197
2025713000 137023.295536757
2032534000 137157.932595015
2039349000 137235.797970057
2046161000 136283.784401655
2052975000 136346.701699495
2059792000 136433.507959127
2066610000 137526.278641462
2073808000 138020.791938305
2080622000 137071.564544916
2087814000 136505.822271347
2094625000 137523.566905975
2101461000 137762.272099495
2108278000 139827.77019763
2115095000 138890.272426128
2121909000 138922.908603191
2128723000 137952.551547289
2135530000 138916.510314941
2142344000 138940.1698668
2149173000 139095.160737038
2155984000 141085.963641405
2162810000 140208.087312222
2170014000 139711.682463646
2176833000 139764.959920406
2183650000 141797.334255695
2190471000 140862.521951199
2197282000 142835.191581249
2204474000 141215.360428333
2211291000 140235.587362766
2218110000 141270.71947813
2224925000 142267.053622246
2231742000 142278.292947292
2238548000 143188.095119476
2245365000 142193.347539425
2252182000 143195.60408926
2258991000 142123.281651974
2265796000 142012.180567265
2272604000 141924.935188293
2279431000 143004.686730862
2286242000 141938.295484066
2293067000 141994.153351307
2299883000 143966.501030445
2306688000 142837.460756302
2313500000 144768.045784473
2320319000 142758.246891975
2327125000 144629.184907913
2333932000 142506.079773903
2340743000 143415.758032322
2347563000 145402.92531538
2354381000 144369.21061039
2361194000 146287.792651176
2368013000 146257.027508259
2374838000 147276.907269001
2381651000 147186.504338741
2388465000 146102.048597813
2395273000 146960.964997292
2402090000 145897.34141922
2408900000 146768.154392242
2416107000 147184.273940563
2422927000 147138.306401253
2429737000 147999.971532822
2436555000 146930.1384902
2443377000 146893.052711964
2450192000 147790.417722225
2457007000 147684.788620949
2463822000 148576.165407181
2470637000 148464.548081398
2477830000 148726.910906315
2484650000 146653.805998325
2491463000 147515.172262192
2498277000 148382.478634834
2505096000 149291.451896667
2511917000 148215.290700912
2518721000 147984.300644875
2525536000 149848.563912392
2532356000 149754.484403133
2539174000 149639.546732426
2545989000 151494.824148655
2552802000 149329.249555111
2559628000 150276.753227711
2566441000 150105.188214302
2573265000 150028.834777355
2580096000 149011.969642639
2586911000 149849.268327713
2593731000 149728.204452991
2600567000 150746.955994606
2607336000 149164.691056252
2614149000 150972.172091484
2620965000 148803.434436321
2627781000 148631.701790333
2634598000 148465.897829056
2641416000 148306.021234989
2648236000 147160.993485451
2655072000 148155.724931717
2661879000 146888.70821619
2668692000 146672.233283043
2675517000 145559.818453312
2682325000 145292.750545025
2689133000 146022.694672585
2695947000 144803.169161797
2702756000 144536.054008007
2709573000 142337.300754547
2716390000 142135.551630974
2723211000 141966.478490829
2730027000 140749.818346024
2736839000 141494.494872093
2743650000 140227.263276577
2750462000 138965.957288742
2757288000 138826.480560303
2764098000 138541.354816437
2770912000 138288.898905277
2777734000 139104.765349865
2784542000 138792.835402012
2791357000 138540.312482357
2798174000 138302.621711731
2804987000 137026.284306526
2811802000 136764.77905035
2818608000 137420.073365211
2825421000 136134.761091709
2832237000 135873.189266682
2839049000 135572.980469704
2845869000 133341.060644627
2852681000 133034.865381241
2859495000 133743.496995926
2866314000 131493.679067135
2873125000 131169.597123146
2879940000 130878.156018257
2886756000 129592.628221512
2893570000 129286.291472435
2900385000 127985.868031979
2907198000 127664.638275146
2914012000 128349.321825504
2920835000 127111.159152985
2927647000 127772.042715549
2934467000 125501.169557571
2948093000 124825.779205799
2954917000 124581.528785706
2961728000 122218.542717457
2968540000 121861.468198776
2975353000 121510.303911686
2982174000 121227.357421398
2988987000 120870.204910755
2995799000 120501.159655094
3002612000 119138.022873878
3009472000 120190.170725822
3016260000 120598.551829815
3023072000 119217.529688835
3029888000 119869.10884285
3036704000 117517.693005562
3043517000 119136.59023571
3050336000 118805.876359463
3057150000 117427.682679653
3063958000 118993.119789124
3070770000 117591.151164055
3077582000 117186.191061974
3084391000 116751.555446148
3091204000 116349.507948875
3098021000 115980.043298244
3104842000 115643.15622139
3112034000 116602.538995743
3118844000 115161.672972679
3125649000 114673.357132912
3132459000 113226.51386404
3139272000 113803.354298592
3146082000 114350.53027153
3152901000 111974.728889942
3159716000 111560.370588303
3166536000 113187.465092659
3173358000 110829.338977337
3180167000 110352.662039757
3186981000 109917.436588287
3193796000 109488.105529785
3200613000 109073.554732323
3207430000 108656.008065224
3214240000 110173.261372566
3221058000 107758.611911297
3227863000 108225.455117702
3234694000 106920.322741985
3241507000 107452.260282993
3248318000 106963.437247753
3255121000 105400.554234028
3261934000 106923.519981384
3268737000 104354.665427208
3282742000 102751.885642529
3289553000 103244.956994534
3296365000 101743.918762207
3303178000 99248.7696280479
3310002000 99848.3096237183
3316826000 99444.8475942612
3323635000 99905.1947097778
3330455000 97460.2199640274
3337265000 97923.4629430771
3344081000 96436.9838299751
3350891000 95894.2447347641
3357707000 96401.7782759666
3364530000 93968.4531641006
3371340000 93416.7365670204
3378153000 92888.6574730873
3384972000 93410.8378353119
3391790000 92921.1457071304
3398604000 90392.9591398239
3405422000 89897.2752728462
3412232000 89327.6063051224
3419059000 88905.7903962135
3425886000 87480.9698219299
3432701000 85946.6778912544
3439560000 86799.7503395081
3446359000 85117.5093550682
3453169000 83529.8682608604
3459984000 83983.5897769928
3473594000 81704.6587171555
3480411000 81167.1449818611
3487263000 80937.0401687622
3494460000 81763.4564008713
3501276000 80207.9048719406
3508085000 80587.2867999077
3514900000 80016.8814401627
3521711000 77408.0160226822
3528518000 77760.6958169937
3535327000 77128.1197419167
3542164000 76740.7795519829
3548981000 77173.1313314438
3555800000 75620.215818882
3562617000 76046.5749802589
3569437000 74496.5285010338
3576258000 73952.3464846611
3583073000 72351.9898991585
3589886000 70730.9150185585
3596698000 71097.9861311913
3603524000 69586.1227450371
3610349000 70062.394800663
3623967000 69722.4136109352
3630783000 70109.9559383392
3637602000 68521.0803217888
3644418000 67902.6313500404
3651612000 69629.5583868027
3658431000 68031.5263557434
3665240000 68341.9243636131
3672053000 67684.7607073784
3678866000 67024.6046967506
3685682000 66388.0240778923
3692498000 66748.4484686852
3699309000 67061.6026830673
3706117000 65345.202504158
3712943000 64785.1892209053
3719759000 62133.6349668503
3726571000 62443.6726031303
3733377000 61697.6017174721
3740216000 61240.6738629341
3747038000 59630.2474536896
3753850000 59928.3055701256
3760658000 59187.9678812027
3767478000 59550.8499441147
3774284000 58786.8306517601
3781100000 59108.3227982521
3787919000 58453.3679285049
3794727000 57698.0776896477
3801549000 58063.6777391434
3808369000 56408.5815095901
3815184000 56706.2489380836
3821999000 55000.9222540855
3828815000 53301.4481468201
3835668000 53926.2902183533
3842486000 52238.5014858246
3849297000 50485.798429966
3856107000 50721.2598466873
3862928000 48051.0209288597
3869746000 47351.2504758835
3876944000 48009.0504999161
3883757000 46258.9037947655
3890568000 46488.0793194771
3897378000 43705.42197752
3904191000 42946.300403595
3.911e+09 41148.8209142685
3917815000 39401.3982887268
3924640000 37739.3866634369
3931467000 38092.0522742271
3938283000 37344.4772791862
3945098000 36585.0681004524
3951911000 35804.9873042107
3958717000 35960.0459561348
3965529000 35165.14564991
3972337000 34331.9041233063
3979157000 33601.7185931206
3985975000 31850.8614425659
3992790000 33070.4991908073
3999606000 33295.9785051346
4006421000 32509.6275901794
4013243000 31782.1261572838
4020059000 30998.6183023453
4026872000 30185.6136956215
4033687000 28387.2836966515
4040490000 30479.9630804062
4047302000 29649.1523194313
4054506000 29277.55346632
4061323000 28484.7461037636
4068140000 28688.9428715706
4074959000 27907.8054103851
4081773000 27079.5184168816
4088585000 25230.578306675
4095398000 26387.4762220383
4102213000 24559.0399098396
4109029000 24736.4381093979
4115837000 23840.2158398628
4122656000 24038.1108093262
4129475000 25233.0081510544
4136291000 24398.4272665977
4149919000 24684.9765725136
4156739000 22876.7146658897
4163536000 22862.4767389297
4170408000 22507.1107029915
4177209000 21522.1801934242
4184024000 22657.8009166718
4190838000 21781.604177475
4197653000 21911.23711586
4204466000 20020.2309994698
4211279000 20126.2325282097
4218085000 19167.4905490875
4224894000 19232.2258248329
4231707000 16329.2551202774
4238520000 16423.2920598984
4245359000 16743.6523809433
4252173000 15840.5125880241
4258990000 11960.8364305496
4265804000 12051.7088522911
4272624000 11192.496506691
4279434000 10242.1092729568
4286248000 8324.00111579895
4293066000 9438.16676425934
4299881000 9522.88670349121
4306712000 7745.66661787033
4313583000 6318.0558757782
4320363000 7085.23688936234
4327175000 6131.52044248581
4333995000 4245.32548999786
4340811000 3320.87730503082
4347637000 3481.5665473938
4354460000 3612.81359958649
4361286000 767.496592521667
4368109000 -107.259966850281
4374913000 -2152.43584060669
4381725000 -1130.10781383514
4388543000 -4057.90763473511
4395359000 -4006.32453536987
4402172000 -4984.16560459137
4408994000 -6885.71545028687
4415814000 -6807.88325500488
4422634000 -8733.04956626892
4429459000 -8617.17455101013
4436280000 -10539.5325479507
4443091000 -11552.9608078003
4449905000 -11542.9597206116
4456720000 -12527.1456575394
4463538000 -12487.9083957672
4470348000 -13522.1105279922
4477169000 -14462.4485740662
4490826000 -16220.0626573563
4497640000 -17231.0304574966
4504452000 -17262.5977554321
4511262000 -18314.7619161606
4518084000 -18264.2887506485
4524899000 -19278.4285488129
4531720000 -21242.7542114258
4538535000 -21262.8848705292
4545350000 -21286.0096406937
4552162000 -23338.5286922455
4558983000 -22314.842666626
4565792000 -24399.7461566925
4572605000 -23452.4435348511
4579416000 -25525.7298669815
4586227000 -26602.0067968369
4593040000 -25663.67948246
4599862000 -27649.1716871262
4606675000 -29716.8330364227
4613492000 -29752.3023271561
4620309000 -29790.7674884796
4627120000 -31884.9998645782
4633938000 -32920.6593437195
4640757000 -33950.5212268829
4647571000 -33027.3502655029
4654391000 -35054.411740303
4661205000 -37137.2298822403
4668019000 -38223.0412578583
4674829000 -37347.01445961
4681645000 -39421.2271261215
4688453000 -40568.7649431229
4695273000 -41613.8007535934
4702090000 -42688.2062425613
4708909000 -42748.0276994705
4715742000 -44687.7936229706
4722550000 -46850.2962799072
4729368000 -44927.9005708694
4736194000 -47938.1960678101
4743009000 -48048.1606321335
4749828000 -50125.9700536728
4756647000 -50206.7771034241
4763455000 -50387.2325639725
4770267000 -51535.532002449
4777079000 -49686.8229198456
4783895000 -51805.9648418427
4790697000 -53051.0872545242
4797563000 -51737.0011110306
4804369000 -52952.9817972183
4811178000 -53145.5986166
4817989000 -55323.6384391785
4824809000 -56425.626537323
4831628000 -56539.3951845169
4838442000 -56700.0694637299
4845262000 -59811.0500068665
4852082000 -57925.0290565491
4858902000 -60042.0066137314
4865717000 -61205.8818902969
4872543000 -62276.1778469086
4879360000 -63428.4882535934
4886224000 -65171.2039899826
4893032000 -65408.5295248032
4899849000 -66569.8442411423
4906663000 -66760.4864358902
4920290000 -69159.5268497467
4927489000 -70980.4372711182
4934297000 -71235.8736104965
4941116000 -73397.7731075287
4947927000 -75632.8665752411
4954741000 -75844.628329277
4961562000 -78997.9676675797
4968379000 -79189.3992900848
4975198000 -80366.2812128067
4982019000 -80528.6160726547
4989212000 -83430.8060083389
4996030000 -84625.6175451279
5002840000 -84893.5938501358
5009648000 -86182.1010046005
5016461000 -86429.7454986572
5023286000 -87575.1461267471
5030104000 -88784.9343748093
5036920000 -89015.256983757
5043735000 -90257.3429489136
5050547000 -91528.7268066406
5057365000 -94750.497215271
5064174000 -95054.167807579
5070982000 -95369.5938529968
5077834000 -97302.2964019775
5084623000 -98790.2665548325
5091443000 -100009.483970642
5098257000 -100284.289002419
5105068000 -100588.380503654
5111887000 -100825.350819588
5118706000 -103065.318761826
5125524000 -102317.047427177
5132345000 -104545.48487854
5139151000 -102908.354937553
5145963000 -104221.640546799
5152779000 -104502.872286797
5159980000 -106414.158348083
5166800000 -106666.507507324
5173623000 -106895.57519722
5180432000 -108250.277781487
5187281000 -110257.604658127
5194094000 -109583.267791748
5200908000 -109903.165045738
5207725000 -112199.782149315
5214537000 -111543.181899071
5221350000 -111880.816209793
5228167000 -114186.416967392
5234977000 -113556.305855751
5241794000 -115867.895277977
5248628000 -115033.642879486
5255440000 -115395.005103111
5262260000 -116689.324568748
5269072000 -117056.673258781
5275885000 -118418.260024071
5282695000 -119809.098028183
5289514000 -120124.153054237
5303121000 -120034.556940079
5309960000 -120183.567133904
5316784000 -121466.854016304
5330395000 -122366.179605484
5337214000 -123702.203518867
5344017000 -124181.209183693
5350833000 -126549.467024803
5357646000 -126946.964245796
5364454000 -127391.192274094
5371273000 -129742.188500404
5378098000 -131043.701488495
5384909000 -130470.666582108
5391721000 -129891.876342773
5398533000 -131316.077579498
5405352000 -133682.054911613
5412172000 -133042.285258293
5418986000 -134457.979161263
5425792000 -134946.616187096
5432607000 -136359.54974556
5439426000 -136740.50598526
5446238000 -138185.656780243
5453055000 -138590.089156151
5459868000 -138032.483560562
5466686000 -139434.164818764
5473495000 -139917.50877285
5480309000 -140360.140459061
5487120000 -139831.984725952
5493939000 -142236.904845238
5500754000 -145679.778206825
5507583000 -143003.307183266
5514395000 -144478.38899231
5521214000 -146895.299182892
5528029000 -147350.155582428
5534845000 -149799.269388199
5548474000 -151732.689454079
5555286000 -152225.728466034
5562106000 -152651.879364014
5568922000 -153115.966805458
5575734000 -155617.985518456
5582548000 -156105.528445244
5589361000 -158604.797797203
5596180000 -160054.66299057
5602994000 -161551.187375069
5609803000 -162094.364360809
5616623000 -164544.484410286
5623434000 -167076.181920052
5630247000 -166593.40891552
5637064000 -169078.707799911
5643870000 -170663.029004097
5650680000 -172215.419462204
5657495000 -173727.155643463
5664304000 -174294.256097794
5671120000 -174803.249945641
5677940000 -177280.328860283
5684762000 -178742.952198029
5691596000 -181103.85658741
5698411000 -182633.568864822
5705225000 -183175.000975609
5712048000 -184640.898777008
5718861000 -186197.046151161
5725672000 -187773.634689331
5732487000 -190318.317965508
5739318000 -191726.418956757
5746121000 -191381.774511337
5752928000 -195005.223054886
5759739000 -195596.769852638
5766560000 -197104.089565277
5773378000 -197640.572649956
5780192000 -197214.936038017
5787006000 -198792.292661667
5793824000 -201337.762475967
5800641000 -203894.948609352
5807454000 -204490.007139206
5814283000 -205948.558950424
5821095000 -206558.327470779
5827915000 -206101.344963074
5834717000 -206804.27368927
5841542000 -210309.695608139
5848357000 -209905.285381317
5855169000 -211530.017431259
5861983000 -212140.309725761
5868800000 -213727.44972229
5875616000 -215326.300326347
5882447000 -215797.431453705
5896076000 -218036.261053085
5902894000 -219629.670935631
5909707000 -221269.640264511
5916522000 -220895.177746773
5923339000 -219506.286019325
5930157000 -220111.678939819
5936972000 -217746.200955391
5943818000 -217113.696484566
5950639000 -215701.960935593
5957452000 -217362.900465965
5964259000 -216079.086489677
5971067000 -214789.551015854
5977872000 -214529.127943039
5984684000 -213210.736254692
5998341000 -212295.602018356
6005154000 -210977.492864609
6011970000 -209636.258225441
6018785000 -209306.7240839
6025601000 -208971.478985786
6032415000 -208656.638136864
6039236000 -208283.861192703
6046042000 -208044.639890671
6052852000 -207773.591549873
6059662000 -207505.53292942
6066483000 -205144.737261772
6073299000 -205830.450947762
6080114000 -206527.861178398
6086922000 -204289.1733284
6093735000 -205009.970061302
6100550000 -203716.358674049
6107369000 -203390.942210197
6114180000 -202138.118236542
6120994000 -200862.188105583
6127810000 -199571.854248047
6134610000 -199423.684031487
6141420000 -200191.518736839
6148233000 -197936.251673698
6155042000 -198718.763860703
6161865000 -198382.516906738
6168682000 -198101.446164131
6175494000 -196866.848319054
6182308000 -196617.852017403
6189120000 -196389.238001823
6195944000 -196059.2864151
6202755000 -193845.354270935
6209572000 -193582.253473282
6216386000 -192348.226852417
6223198000 -192134.578125954
6230013000 -190897.8452034
6236830000 -190646.723489761
6244030000 -191069.944828033
6250850000 -188798.911528587
6257673000 -187504.806412697
6264489000 -186274.530118942
6271301000 -185082.005730629
6278110000 -183918.539190292
6284930000 -182662.489631653
6291722000 -180652.700110435
6298531000 -180498.197463036
6305342000 -179329.309587479
6312156000 -177137.352525711
6318972000 -175931.016385078
6325805000 -175580.018062592
6332614000 -174440.476307869
6339424000 -173295.238556862
6346234000 -171152.990525246
6353049000 -169970.312418938
6359862000 -168807.995464325
6366680000 -167605.255462646
6373490000 -165474.97333622
6387151000 -162867.426007271
6393971000 -163659.317829132
6400787000 -160488.931684494
6407602000 -160330.220973015
6414410000 -158235.26439476
6421227000 -157065.179703712
6428045000 -155889.411758423
6434868000 -155673.247138023
6441693000 -153442.727174759
6448519000 -153206.532312393
6455327000 -152129.533804893
6462131000 -149090.230968475
6468945000 -147967.147706985
6475758000 -146855.733727455
6482568000 -147773.33893013
6496187000 -144626.193228722
6503019000 -143361.932736397
6509842000 -142178.745969772
6516663000 -142015.907171249
6523488000 -139821.375874519
6530311000 -138647.192543983
6537127000 -136536.715004921
6543928000 -135559.307253838
6550741000 -135480.826745987
6557555000 -133396.667819977
6564372000 -133289.491119385
6571193000 -132150.630702972
6578010000 -131049.447499275
6584842000 -129821.224916458
6598477000 -125625.182905197
6605293000 -126544.65790844
6612130000 -127285.115493774
6618946000 -125210.589707375
6625760000 -124156.39166832
6632569000 -123148.516557693
6639383000 -121100.302789688
6646195000 -122072.412374496
6653008000 -121038.848815918
6659811000 -120094.919440269
6666651000 -118833.415137291
6673470000 -119756.856293678
6680285000 -118717.946530342
6687103000 -117656.043607712
6693923000 -117579.813464165
6700747000 -116471.935652733
6707564000 -115427.687596321
6714389000 -116317.150092125
6721205000 -114287.557516098
6728026000 -115217.661003113
6741643000 -114303.338807106
6748449000 -113372.306487083
6755264000 -112366.338106155
6762085000 -112311.418298721
6768900000 -110311.440778732
6775718000 -110288.48723793
6782527000 -110346.436890602
6789340000 -111372.752053261
6796150000 -111428.025753975
6802968000 -108417.049537659
6809783000 -110435.033614159
6816605000 -108395.43327713
6823415000 -108462.676833153
6830229000 -108498.297322273
6837034000 -107614.785863876
6843847000 -106665.041185379
6850665000 -105675.029463768
6857483000 -106688.014490128
6864303000 -106686.694266319
6871128000 -106645.119747162
6877941000 -106710.349579811
6884757000 -106752.622723579
6891576000 -105771.943130493
6898386000 -105872.100390434
6905199000 -103949.302277565
6912012000 -105029.496520996
6918821000 -104147.273059845
6925640000 -105181.567979813
6932455000 -102253.44695282
6939267000 -102354.258540154
6946087000 -103388.895778656
6952894000 -101538.920276642
6966515000 -99787.4196548462
6973328000 -99894.5446529388
6980141000 -99004.6620063782
6986947000 -99178.2733688354
6993763000 -99268.4443941116
7000572000 -98422.1059160233
7014188000 -95755.6781625748
7021029000 -95641.7966136932
7027839000 -93798.7862157822
7034649000 -93958.7655382156
7041466000 -93061.2575263977
7048284000 -93158.1062450409
7055097000 -93301.1452131271
7061911000 -92438.538274765
7068728000 -93553.0111045837
7075550000 -94627.2928953171
7082364000 -93773.6704893112
7089175000 -91948.9508275986
7095991000 -93084.0414419174
7102803000 -91256.6695461273
7109619000 -92397.7483863831
7116427000 -89610.9001865387
7123238000 -90801.1370277405
7130057000 -89925.2935237885
7136877000 -90043.8142194748
7143688000 -88243.0303201675
7150502000 -89419.3393697739
7157311000 -89641.8022069931
7164119000 -88875.8855581284
7170989000 -87577.8205480576
7177777000 -87990.5228557587
7184592000 -87173.1760673523
7191398000 -86436.4926080704
7198208000 -86668.2774610519
7205021000 -85877.1649274826
7211836000 -85071.7875576019
7218646000 -86312.545083046
7225454000 -85573.5477647781
7232272000 -85751.2656230927
7239086000 -84966.4875869751
7245905000 -86141.5707855225
7252717000 -84380.0333328247
7259528000 -84630.1128778458
7266341000 -85865.9328575134
7273153000 -83113.3698339462
7279964000 -85372.4224920273
7286787000 -85530.9805755615
7293598000 -84796.0196990967
7300417000 -85995.0663366318
7307232000 -85231.6003847122
7314042000 -85514.2385797501
7320854000 -85782.6233577728
7327676000 -88967.7883300781
7334485000 -89268.022521019
7341299000 -89528.1443033218
7348111000 -87808.4989414215
7354928000 -89048.7481994629
7361738000 -88352.3258504868
7368608000 -87141.7837524414
7375419000 -88442.7491350174
7382244000 -88626.0585670471
7389058000 -87907.1597805023
7395897000 -88975.8359575272
7402717000 -88211.2368764877
7409540000 -87423.7887506485
7416356000 -88699.6496477127
7423177000 -88935.4306764603
7429958000 -87518.7924070358
7436791000 -89657.1854915619
7443619000 -89841.656791687
7450446000 -90037.7468519211
7457274000 -90228.2288045883
7464047000 -89895.3947143555
7470876000 -92083.2516517639
7484463000 -90079.3670911789
7491285000 -90336.4861125946
7498106000 -91605.2155408859
7504925000 -90894.1637573242
7511740000 -92220.5466508865
7518558000 -92524.0971870422
7525376000 -90830.6444730759
7532199000 -92097.1487913132
7539007000 -91495.7668104172
7545816000 -91888.7657279968
7552640000 -91155.6541023254
7559505000 -91072.6909589767
7566329000 -91345.6014204025
7573155000 -91604.3033027649
7579987000 -90814.3797950745
7586804000 -92156.5316905975
7593617000 -92536.0953893661
7600430000 -93918.6514425278
7607250000 -92243.9781169891
7614072000 -94555.0979700089
7620890000 -92903.6269874573
7627709000 -94246.5509691238
7634521000 -92652.6820030212
7641305000 -93302.6299495697
7648078000 -95050.1500244141
7654889000 -95473.8260984421
7661710000 -94814.4968299866
7668530000 -94166.7661018372
7675361000 -95427.4480257034
7682191000 -95699.7364091873
7688973000 -96387.7281675339
7695730000 -95293.6201086044
7702525000 -95875.7707881927
7709349000 -99211.5988464355
7716177000 -98516.0446004868
7723009000 -98789.1133298874
7729835000 -100116.762339592
7736665000 -99413.0360879898
7743493000 -99729.5057849884
7750324000 -100023.199383736
7757149000 -100371.461816788
7763971000 -98748.5061588287
7770721000 -99747.2153701782
7777493000 -99559.8349819183
7784320000 -97902.868019104
7791146000 -100257.49697113
7797981000 -99537.8124256134
7804799000 -97967.1758613586
7811621000 -98365.1763267517
7818452000 -99688.8716535568
7825272000 -100110.054707527
7832102000 -98448.3501749039
7838918000 -100909.887318611
7845687000 -99778.0428543091
7852432000 -100855.247365952
7859234000 -99445.9336671829
7866027000 -101116.880465508
7872810000 -100876.661922455
7879590000 -102665.166083336
7886360000 -103542.484790802
7893167000 -103105.125272751
7899963000 -103765.179415703
7906741000 -103582.719342232
7913525000 -103351.720796585
7920300000 -105200.935493469
7927098000 -105855.712083817
7933887000 -105590.706291199
7940658000 -106483.140795708
7947450000 -107198.326226234
7954251000 -108839.25897789
7961001000 -106920.768742561
7967778000 -106773.559464455
7974549000 -108680.787557602
7981334000 -109470.865376472
7988125000 -109212.439698219
7994924000 -108888.362179756
8001721000 -110584.420078278
8008532000 -111163.374992371
8015337000 -111796.781284332
8022138000 -112467.478339195
8028932000 -110201.188656807
8035732000 -111886.421772003
8042502000 -110831.88716507
8049293000 -112600.240486145
8056059000 -114585.921133995
8062835000 -113488.815644264
8069639000 -116154.617783546
8076417000 -116046.298688889
8083199000 -117906.651596069
8089978000 -117795.685643196
8096768000 -118593.395231247
8103558000 -118394.07700634
8110312000 -119506.275183678
8117085000 -120458.579593658
8123867000 -120336.713122368
8130688000 -119883.606735229
8137473000 -120741.980917931
8144285000 -121371.973824501
8151052000 -121390.520280838
8157879000 -120897.9622612
8164693000 -122519.782087326
8171513000 -122093.194774628
8178330000 -123695.304836273
8185146000 -124308.976616859
8191961000 -123934.208798409
8198778000 -125545.305150032
8205593000 -125176.526434898
8212376000 -126084.792811394
8219145000 -125115.916448593
8225965000 -126713.269709587
8232787000 -128296.495920181
8239546000 -128422.149852753
8246303000 -129567.87270546
8253057000 -129742.223340034
8259810000 -130928.075760841
8266629000 -130551.868546486
8273454000 -132127.298018456
8280275000 -132739.969263077
8287101000 -133312.843509674
8293925000 -133905.839215279
8300731000 -134655.888102531
8307487000 -134836.821250916
8321109000 -135266.235347748
8327929000 -135908.418487549
8334713000 -137861.623561859
8341478000 -136980.355215073
8348241000 -139119.147877693
8355065000 -137739.040393829
8361902000 -138250.727018356
8368729000 -139850.967260361
8375555000 -139462.765742302
8382375000 -141128.886816978
8389207000 -140695.374062538
8396039000 -141264.87037468
8402918000 -142435.440590858
8409732000 -143164.90041256
8416559000 -142786.191357613
8423378000 -142478.890898705
8430178000 -143337.039066315
8436931000 -143600.000144005
8443784000 -145010.983181
8450597000 -143766.94323349
8457394000 -143662.668410301
8464193000 -143544.276183128
8470967000 -144642.549594879
8477735000 -144795.063124657
8484489000 -143070.181329727
8491277000 -144057.672365189
8498084000 -143885.765990257
8504862000 -142964.658590317
8511655000 -143918.340864182
8518459000 -143781.009964943
8525270000 -144586.856058121
8532084000 -143370.062298775
8538897000 -144164.804818153
8545692000 -144116.306594849
8552482000 -143113.495778084
8559274000 -143096.573685646
8566079000 -142971.588726044
8572886000 -142832.507392883
8579647000 -143089.272275925
8586453000 -141964.684908867
8593254000 -140885.781451225
8600055000 -140809.859815598
8606861000 -140694.226687431
8613670000 -139555.965096474
8620483000 -139386.541209221
8627304000 -140151.81091404
8634114000 -140013.985966682
8640923000 -139887.687208176
8654498000 -140011.08660984
8661304000 -139919.34096241
8668100000 -139915.928670883
8674914000 -140761.876842499
8681720000 -141679.088945389
8688523000 -141624.887451172
8695341000 -143445.675144196
8702145000 -142388.914861679
8708945000 -142369.267362595
8715769000 -141147.841381073
8722583000 -141014.729452133
8729385000 -140986.979919434
8736192000 -140919.561462402
8743023000 -140650.412830353
8749842000 -139486.625724792
8756675000 -138206.430175781
8763492000 -139065.701612473
8770305000 -138962.081424713
8777125000 -139801.759784698
8783940000 -138687.072885513
8790760000 -138532.746061325
8797568000 -138483.734161377
8804383000 -137378.028720856
8811199000 -138266.791900635
8817980000 -138456.92688179
8824800000 -136317.5662117
8831613000 -136240.873264313
8838434000 -136098.982797623
8845252000 -135985.661600113
8852002000 -136454.891447067
8858793000 -135577.639221191
8865581000 -137728.926010132
8872355000 -137002.484888077
8879155000 -137057.453104019
8885979000 -136910.906190872
8892792000 -137861.083826065
8899599000 -137865.372564316
8906406000 -137872.648387909
8913232000 -138721.051956177
8920038000 -137742.828762054
8926856000 -140665.375368118
8933671000 -140616.471506119
8940540000 -141110.635471344
8947355000 -141067.743556976
8954139000 -140291.850250244
8960931000 -140450.797178268
8967751000 -141374.286888123
8974539000 -141573.253791809
8981314000 -139885.879922867
8988131000 -141843.873550415
8994975000 -141574.994678497
9001795000 -141513.452302933
9008615000 -141454.908433914
9015415000 -143569.609554291
9022213000 -143704.315393448
9029019000 -142773.908842087
9035836000 -142752.867404938
9042650000 -143760.353546143
9049471000 -143711.262012482
9056280000 -142767.286144257
9063104000 -145698.660356522
9070314000 -144348.640548706
9077129000 -144362.76373291
9083950000 -147328.833589554
9090771000 -148297.902833939
9097586000 -148321.013628006
9104395000 -149398.158063889
9111212000 -149410.242147446
9118019000 -148510.379199982
9124792000 -149902.682603836
9131590000 -150085.322423935
9138381000 -151330.472219467
9145526000 -150568.197366714
9152333000 -151683.392284393
9159165000 -150588.99782753
9166001000 -151463.60197258
9172839000 -151324.214355469
9179679000 -150170.837623596
9186519000 -153020.477012634
9193362000 -151847.629961014
9200203000 -154694.802499771
9207037000 -153604.491838455
9213879000 -153449.195762634
9220715000 -154347.91210556
9227933000 -157003.161817551
9234828000 -155406.678966522
9241696000 -156042.699813843
9248532000 -154953.674978256
9255369000 -155859.165880203
9262208000 -156750.677427292
9269015000 -155917.075408936
9275801000 -158264.866771698
9282632000 -158233.347337723
9289452000 -156298.277332306
9296273000 -158357.711612701
9303091000 -158445.626617432
9309915000 -158485.578334808
9316735000 -159562.503675461
9323560000 -159599.965223312
9330393000 -159572.493522644
9337225000 -159556.523349762
9344040000 -159687.911603928
9350859000 -160788.331172943
9357672000 -160942.689928055
9364489000 -161066.081756592
9371309000 -160167.001310349
9378126000 -161296.386194229
9384945000 -161411.789943695
9391769000 -161487.751008987
9398578000 -163694.02844429
9405402000 -162775.986961365
9412220000 -164911.867965698
9419032000 -164101.663547516
9425854000 -164209.591953278
9432669000 -164379.91860199
9439488000 -164519.299419403
9446303000 -165695.61605072
9453126000 -165807.053934097
9459948000 -165929.976633072
9466773000 -165030.449914932
9473605000 -166074.54659462
9480434000 -167147.099380493
9487249000 -166341.405286789
9494068000 -167504.779436111
9500889000 -168654.189155579
9507712000 -166789.637084961
9514557000 -168741.522918701
9521382000 -167866.023405075
9528211000 -167959.609727859
9535036000 -171090.1177845
9541875000 -171104.931341171
9548699000 -171249.929311752
9555521000 -171414.884321213
9562347000 -172548.931333542
9569172000 -172694.458755493
9575990000 -172902.322383881
9582808000 -174113.182764053
9589612000 -174445.694198608
9596436000 -175611.692710876
9603268000 -177712.897825241
9610076000 -178020.48772049
9616866000 -177483.589490891
9623696000 -178610.738962173
9630528000 -179723.950399399
9637358000 -178857.115364075
9644181000 -180052.590167999
9651006000 -181234.123413086
9657852000 -180240.770465851
9664670000 -180487.612047195
9671460000 -179974.61123848
9678256000 -180413.765052795
9685074000 -179669.574901581
9692280000 -179642.525154114
9699086000 -182006.118045807
9705902000 -181288.01902771
9712724000 -180522.110773087
9719561000 -182632.198818207
9726394000 -182779.166297913
9733207000 -183098.464731216
9740077000 -182938.215753555
9746878000 -185365.105962753
9753705000 -183574.895008087
9760530000 -184804.617296219
9767353000 -184054.270189285
9774178000 -184289.997409821
9787806000 -182956.636234283
9794595000 -183505.997812271
9801340000 -184430.643621445
9808087000 -185341.299901962
9814861000 -185026.449569702
9821678000 -184350.762428284
9828480000 -185804.96978569
9835286000 -184228.321960449
9842105000 -184544.692939758
9848918000 -185914.813095093
9855737000 -183237.176692963
9869364000 -185983.926774979
9876188000 -183272.994255066
9.883e+09 -184666.540483475
9889814000 -183046.166278839
9896648000 -183259.675008774
9903467000 -183603.020683289
9910226000 -184456.642215729
9917037000 -183873.590368271
9923851000 -185268.167837143
9930649000 -184800.991689682
9937436000 -184429.776468277
9944234000 -184968.553886414
9951052000 -185341.270341873
9957882000 -186615.564735413
9964699000 -186002.731092453
9971516000 -186392.893314362
9978301000 -187056.459392548
9985112000 -186503.298160553
9991942000 -188792.58946228
9998763000 -189160.928451538
10012390000 -187033.325378418
10019217000 -189359.970252991
10026027000 -187833.221738815
10032853000 -188174.315196991
10039672000 -188577.536497116
10046505000 -188865.513467789
10053313000 -187367.635738373
10060135000 -186754.51631546
10066957000 -187144.397159576
10073739000 -185875.042135239
10080557000 -186304.680553436
10087374000 -184745.758937836
10094180000 -183282.703771591
10101001000 -182695.999698639
10107820000 -181129.178815842
10114626000 -180675.094562531
10121374000 -177713.575979233
10128113000 -175830.958257675
10135246000 -175625.850910187
10141992000 -173690.181880951
10148789000 -174327.044311523
10155611000 -172755.914541245
10162421000 -171289.045600891
10169239000 -171757.662849426
10176060000 -171203.96434021
10189698000 -171139.311973572
10196521000 -171577.737501144
10203345000 -171010.728429794
10210169000 -172446.721384048
10216989000 -172919.455816269
10223816000 -173336.147794724
10230635000 -171823.316301346
10237463000 -173237.580545425
10244284000 -172713.88205719
10251112000 -173134.154312134
10257943000 -172532.135442734
10264778000 -172899.397632599
10271602000 -173362.416296005
10278427000 -174820.006080627
10285255000 -174255.307386398
10292074000 -173769.484436035
10305698000 -174924.839435577
10312522000 -175405.859693527
10319325000 -174066.875543594
10326141000 -171621.313220978
10332983000 -170959.633852005
10339784000 -169646.477132797
10346609000 -168134.066053391
10353430000 -167658.362146378
10360251000 -164185.657627106
10367082000 -164631.700618744
10373903000 -163164.999271393
10380723000 -162709.721614838
10387546000 -163232.170862198
10394327000 -162111.405288696
10401152000 -161622.992370605
10407975000 -159154.427461624
10414805000 -159629.908924103
10421623000 -160209.457738876
10428417000 -158994.112876892
10435159000 -159219.625127792
10441953000 -161010.208866119
10448796000 -160391.192173004
10455618000 -163952.003297806
10462444000 -164482.138534546
10469270000 -168015.277553558
10476088000 -171618.765634537
10482915000 -172149.49098587
10489738000 -174716.890119553
10496610000 -177874.865318298
10503764000 -180662.464435577
10510587000 -184239.034152985
10517404000 -185869.097991943
10524221000 -189502.157701492
10531038000 -189138.213279724
10537898000 -190415.45513916
10544717000 -193040.693885803
10551534000 -194685.756849289
10558357000 -195283.338544846
10565194000 -195766.147562027
10572018000 -195361.325733185
10578844000 -194942.682857513
10585672000 -195510.221576691
10592494000 -195131.229772568
10599323000 -195696.366725922
10606155000 -196239.280780792
10612983000 -196818.841241837
10619807000 -194435.042829514
10626637000 -197003.795711517
10633470000 -196550.331861496
10640294000 -196175.546121597
10647130000 -196702.876804352
10653954000 -197334.10039711
10660783000 -195926.294746399
10667633000 -197344.973466873
10674466000 -196909.56842804
10681303000 -197443.553619385
10688148000 -196913.316371918
10694979000 -197503.756328583
10701810000 -198097.204471588
10708645000 -196660.048131943
10715474000 -196276.31986618
10722285000 -198046.839206696
10729119000 -197627.106628418
10735943000 -197294.398956299
10742780000 -198855.480733871
10749618000 -198411.175458908
10756441000 -201095.885828018
10763273000 -200708.000526428
10770105000 -201323.124294281
10776952000 -200815.275661469
10783785000 -202428.025848389
10790618000 -201043.785984039
10797462000 -202570.184204102
10804276000 -201351.512121201
10811111000 -203959.505456924
10817948000 -202553.718261719
10824790000 -202108.96613884
10831628000 -202700.812858582
10838472000 -203245.305143356
10845291000 -204002.676015854
10852123000 -204653.923576355
10858922000 -205585.165002823
10865761000 -204183.664894104
10872584000 -204919.461595535
10879417000 -205574.3378582
10886243000 -207290.966094971
10893066000 -208035.771953583
10899894000 -207741.624763489
10906719000 -209475.654315948
10913541000 -210237.856649399
10920369000 -211952.722137451
10927195000 -213687.371326447
10934019000 -214441.801576614
10940846000 -215174.069259644
10947667000 -216959.668157578
10954497000 -217672.780576706
10961316000 -220481.15596199
10968138000 -221267.369657516
10974963000 -223031.42562294
10981800000 -223697.857791901
10988643000 -226316.992731094
10995472000 -228056.531904221
11002298000 -227824.230215073
11009119000 -229636.851293564
11015935000 -231494.388547897
11022749000 -233371.686626434
11029573000 -235168.153152466
11036394000 -234992.767822266
11043218000 -236795.23707962
11050048000 -236550.421411514
11056878000 -239308.613050461
11063708000 -238069.811994553
11070531000 -240892.677110672
11077352000 -240735.302167892
11084177000 -240547.410778046
11090992000 -241446.307479858
11097828000 -243172.258638382
11104664000 -242901.222389221
11111488000 -243733.725099564
11118314000 -245552.476318359
11125144000 -245340.726055145
11131977000 -246106.855466843
11138804000 -245926.24744606
11145631000 -247748.64409256
11152454000 -247607.543628693
11159289000 -249368.954916
11166113000 -248225.4883461
11172891000 -248470.192735672
11179666000 -250742.977216721
11186478000 -250708.943286896
11193251000 -252004.405916214
11199982000 -251654.428506851
11206791000 -252654.429466248
11213523000 -251301.956796646
11220273000 -251801.742420197
11227037000 -252187.288825989
11233831000 -252324.705356598
11241010000 -253243.086429596
11247773000 -252646.043693542
11254586000 -252633.550848007
11261410000 -253532.007492065
11268232000 -255450.2003479
11275050000 -254404.860084534
11281867000 -254370.882780075
11288684000 -255339.901348114
11295493000 -256378.838466644
11302318000 -257286.926092148
11309136000 -257256.567810059
11315963000 -257153.930135727
11322777000 -257163.023614883
11329600000 -257099.842096329
11336408000 -259165.102180481
11343237000 -259057.742807388
11350047000 -259112.264400482
11356869000 -260069.439165115
11370877000 -259949.572105408
11377701000 -260899.187681198
11384538000 -259743.130542755
11391374000 -259598.446033478
11398190000 -260623.948400497
11404997000 -259727.670238495
11411803000 -258842.737001419
11418629000 -259793.642015457
11425461000 -257697.409074783
11432276000 -259746.245988846
11439098000 -259739.584470749
11445926000 -258685.789392471
11452713000 -259977.563001633
11459510000 -258188.758546829
11466332000 -259194.074342728
11479968000 -259280.534275055
11486836000 -257910.609279633
11493629000 -258170.167127609
11500459000 -258123.671236038
11507290000 -257071.830966949
11514115000 -256073.106336594
11520942000 -258060.683006287
11527775000 -256001.162176132
11534609000 -254936.301374435
11541445000 -254857.752445221
11548273000 -253849.008420944
11555142000 -255500.977426529
11561979000 -256423.129137039
11568814000 -255364.989751816
11575650000 -255301.514802933
11582471000 -252366.254962921
11589289000 -253459.033691406
11596101000 -254604.884908676
11602925000 -252653.581399918
11609766000 -254563.413631439
11616594000 -253584.743114471
11623434000 -253508.947807312
11630258000 -254569.668678284
11637082000 -254633.391576767
11643910000 -254666.745000839
11650740000 -253686.41910553
11657947000 -253564.173585892
11664772000 -252631.735944748
11671599000 -250685.619029999
11678425000 -249750.847431183
11685252000 -248810.739408493
11692085000 -248823.59744072
11698909000 -249914.51937294
11712938000 -247928.425092697
11719762000 -248028.520711899
11726589000 -247106.605726242
11733411000 -247229.380924225
11740247000 -247238.443094254
11747066000 -247392.23365593
11753881000 -247582.364980698
11760705000 -245700.472312927
11767514000 -245946.605249405
11774340000 -246054.041101456
11781170000 -245131.144639969
11787994000 -244261.256994247
11794812000 -244444.370248795
11801643000 -244522.155075073
11808477000 -244577.951293945
11815300000 -244728.408416748
11822137000 -244765.227296829
11828934000 -243138.29744339
11835750000 -241356.066268921
11842565000 -242585.160152435
11849395000 -240692.303735733
11856219000 -239852.42974472
11863037000 -238065.530265808
11869854000 -238289.955842972
11876674000 -238492.393684387
11883499000 -237656.192890167
11890318000 -236872.956932068
11897132000 -237134.351348877
11903936000 -236482.000108719
11910756000 -235699.422571182
11917575000 -233928.168771744
11924397000 -236134.938224792
11931220000 -233336.383594513
11938042000 -231549.154018402
11944864000 -231764.92470932
11951678000 -229050.279932022
11958492000 -227338.628385544
11965310000 -226596.681455612
11972116000 -225957.591856003
11978917000 -225363.094852448
11985733000 -227646.767095566
11992554000 -225891.83234024
11999373000 -225156.536888123
12006193000 -226415.91954422
12019814000 -224101.734540939
12033452000 -222658.108221054
12040653000 -223763.579246521
12047470000 -223066.061796188
12054291000 -222338.27454567
12061113000 -221605.170701981
12067936000 -220866.751586914
12074757000 -222147.963811874
12081574000 -220465.434062958
12088394000 -218760.957523346
12095218000 -218026.224372864
12102034000 -216360.999965668
12108851000 -214690.457649231
12115686000 -212873.286911011
12122500000 -212233.680305481
12129319000 -210555.509029388
12136145000 -208822.157388687
12142967000 -207125.052339554
12149789000 -205430.947555542
12156608000 -203764.772504807
12163428000 -202093.285697937
12177068000 -199759.307607651
12183896000 -197030.351818085
12190720000 -196337.632064819
12197548000 -195614.685606003
12204369000 -192952.891891479
12211570000 -191137.706975937
12225190000 -189012.169475555
12232005000 -187412.360498428
12238823000 -185790.632066727
12245650000 -184097.163646698
12252464000 -182514.647239685
12259293000 -181810.576023102
12266112000 -180192.538854599
12272930000 -177585.801639557
12279755000 -176923.947990417
12286571000 -173339.81023407
12293388000 -171750.366466522
12300259000 -169715.688167572
12307074000 -167148.860113144
12314285000 -165298.356918335
12321112000 -162638.10046196
12334791000 -159119.143144608
12341608000 -156550.890640259
12348441000 -155852.87471199
12355263000 -152249.135902405
12362090000 -151606.914480209
12368919000 -149951.105451584
12375740000 -148364.668411255
12382562000 -147772.935501099
12389386000 -146167.613225937
12396218000 -145498.937971115
12403042000 -142899.623268127
12409911000 -141930.103366852
12416740000 -141295.347248077
12423561000 -138729.938453674
12430406000 -137968.516918182
12437233000 -136359.367061615
12444058000 -133769.804452896
12450889000 -131133.499643326
12457705000 -130624.559183121
12464534000 -130010.844085693
12471358000 -127441.583068848
12478180000 -126891.902259827
12485002000 -124345.221717834
12491850000 -122586.047958374
12498665000 -122103.393777847
12505489000 -120549.147726059
12512311000 -120014.477483749
12519133000 -118482.807506561
12525955000 -116954.137794495
12532823000 -117047.332126617
12539639000 -115574.393951416
12546469000 -113988.465116501
12553297000 -114422.11208725
12560129000 -112825.629369736
12566962000 -111223.872350693
12573783000 -109724.520414352
12580622000 -108079.083084106
12587443000 -108585.737836838
12594273000 -105020.857507706
12601106000 -104434.140985489
12614768000 -102302.858932495
12621599000 -101741.730186462
12628409000 -100357.477149963
12635239000 -99810.6344985962
12642068000 -98275.0776805878
12648896000 -98750.8053722382
12655719000 -96270.9268398285
12662539000 -95818.8810710907
12669360000 -96361.5570430756
12676186000 -94865.8507671356
12683024000 -95273.837644577
12689851000 -93775.8687763214
12696673000 -94322.2796020508
12703497000 -92855.1415615082
12710373000 -90960.7510852814
12717199000 -89483.0926074982
12724030000 -88967.0717010498
12730862000 -87445.7861804962
12744552000 -84197.1724281311
12751391000 -82627.0252151489
12758205000 -81266.6691932678
12765023000 -80876.2240085602
12778672000 -75996.817522049
12785496000 -76565.7526168823
12792328000 -75071.5390224457
12799159000 -74588.6028938293
12805994000 -72075.6031227112
12812837000 -68499.4749221802
12819670000 -70009.0362510681
12826493000 -67604.2738895416
12833325000 -68128.1169071198
12840154000 -66679.7662601471
12846979000 -64267.4833049774
12853806000 -63841.673500061
12860636000 -63394.075056076
12867467000 -62941.2199230194
12874299000 -59483.1094226837
12881135000 -58994.955532074
12887958000 -57617.2289962769
12894797000 -57110.3078632355
12901626000 -55689.0198955536
12908450000 -55312.0451183319
12915284000 -53855.4632396698
12922109000 -52476.2364406586
12928933000 -50108.2725791931
12935748000 -48817.6470813751
12942580000 -48389.610086441
12949404000 -45030.6518611908
12956234000 -45625.146024704
12963072000 -44156.5848407745
12969909000 -41699.2954006195
12976748000 -40228.5055351257
12983589000 -38744.2178878784
12990409000 -38436.3246898651
12997264000 -36842.4829921722
13004090000 -36491.0710697174
13010918000 -35126.1534347534
13017740000 -33813.7671947479
13024568000 -33454.8580112457
13031398000 -32082.4475212097
13038219000 -33787.3212184906
13045007000 -32767.5284118652
13051822000 -32527.8990345001
13058643000 -34241.7537441254
13065456000 -35024.6176891327
13072271000 -33793.97240448
13079057000 -33805.5814914703
13085882000 -33498.4125404358
13092709000 -35177.7475471497
13099524000 -35959.07563591
13106338000 -33751.6464328766
13113158000 -32497.7215251923
13119984000 -33197.3088245392
13126789000 -31073.0927238464
13133586000 -32017.8366680145
13140412000 -29726.4133224487
13147241000 -30413.2558841705
13154078000 -28037.1407241821
13160904000 -27754.7348957062
13167724000 -27524.8006820679
13174543000 -27306.1091747284
13181378000 -26958.5151538849
13188187000 -25828.2591266632
13195021000 -26494.9199504852
13201853000 -27181.0764808655
13208682000 -26894.9680747986
13215510000 -26620.1076526642
13222346000 -25282.3238372803
13229174000 -25013.4780292511
13236004000 -25731.157289505
13242827000 -23509.5224380493
13249647000 -22315.6068019867
13263331000 -19574.2780838013
13270157000 -20339.9491043091
13276988000 -19067.4359340668
13283820000 -19789.6937980652
13290645000 -20572.6177272797
13297464000 -20407.9622097015
13304268000 -20369.8418521881
13311027000 -20705.2988948822
13317829000 -20689.5976314545
13324653000 -21495.7195701599
13331515000 -22991.948469162
13345140000 -23808.5995178223
13358742000 -23826.5616722107
13365569000 -23625.9864749908
13372370000 -23642.4335079193
13379131000 -23991.1027069092
13392661000 -23631.4405536652
13399488000 -23445.7936191559
13406277000 -21575.8631763458
13413103000 -21404.4376659393
13419924000 -21277.1578445435
13426743000 -21169.3332862854
13433490000 -18656.8865852356
13440283000 -19768.9293670654
13447106000 -19637.148103714
13453925000 -19541.2727355957
13460749000 -18407.2662563324
13467565000 -17342.0642662048
13474380000 -16288.0821399689
13481188000 -17294.6651363373
13487979000 -14444.043964386
13494802000 -14333.2421283722
13501614000 -13315.8956851959
13508435000 -12227.536649704
13515258000 -12125.7325325012
13522079000 -11043.3731498718
13528903000 -10939.3490905762
13535720000 -7895.8734588623
13542544000 -8797.8503704071
13549361000 -7760.369556427
13556194000 -5594.37107849121
13563022000 -5472.47832679749
13569835000 -3476.87184906006
13576647000 -1492.4760017395
13583459000 -511.071630477905
13590273000 -516.223941802979
13597080000 1418.11180114746
13603907000 4513.79085540771
13610714000 3442.14364624023
13617517000 5334.64678573608
13624337000 6363.82479286194
13631159000 8406.43381881714
13637986000 8487.1141910553
13651614000 11425.9114246368
13658424000 11357.9681720734
13665259000 12492.3493232727
13672053000 14287.0216445923
13678862000 14201.8935928345
13685677000 17163.0441875458
13692505000 18227.9411754608
13699333000 19289.8326148987
13706153000 22283.0390911102
13712966000 22215.7806396484
13719791000 25244.0384216309
13726614000 25252.8760814667
13733421000 26127.3818855286
13740233000 27039.9392566681
13747053000 30015.163482666
13753878000 30028.423456192
13760677000 31825.3138179779
13767465000 33528.9583835602
13774257000 33262.4546642303
13781073000 36189.8993797302
13787897000 36179.9863681793
13794724000 39191.6839847565
13801528000 40011.6900310516
13808347000 41951.761724472
13815169000 43913.4444885254
13821987000 44839.317150116
13828810000 43803.2031612396
13835606000 47542.6453304291
13842416000 46393.926071167
13849231000 48283.2206115723
13856050000 49202.3220977783
13862869000 50118.4259567261
13869687000 49023.3328018188
13876475000 50679.2744998932
13883302000 51651.9876041412
13890098000 51367.5559234619
13896909000 52203.1112632751
13903709000 52945.50689888
13910538000 53922.6274147034
13917349000 53749.2078857422
13924196000 55867.8491630554
13931013000 54737.605222702
13937832000 55620.7553977966
13944650000 57492.7133922577
13951470000 57378.0628623962
13958280000 58178.4770908356
13965097000 58033.2542419434
13971916000 59901.4211139679
13978728000 59709.2438659668
13985548000 60579.6104736328
13992361000 62389.6382389069
13999179000 65237.6288375854
14006004000 65139.9568691254
14012799000 66793.5772457123
14019634000 70771.8098564148
14026449000 70583.2451820374
14033270000 72440.8194332123
14040083000 74229.887096405
14046831000 75483.7447986603
14053651000 76324.1689834595
14060434000 77858.6724357605
14067250000 80660.3692779541
14074074000 81524.5608043671
14080900000 83402.121843338
14087668000 84801.9299106598
14094478000 86542.5506095886
14101296000 87345.6572265625
14108110000 89113.0310344696
14114930000 88926.5130615234
14121755000 91777.9122581482
14128587000 92683.5874156952
14135396000 93398.0616359711
14142133000 95520.4560337067
14148874000 96672.65001297
14155710000 97599.1047344208
14162525000 100350.756231308
14169316000 99903.0919761658
14176523000 100855.175703049
14183351000 103704.012325287
14190165000 103435.341259003
14196987000 106229.103242874
14203814000 107060.754188538
14210638000 108864.868253708
14217466000 110698.688154221
14224283000 113439.560728073
14231102000 116193.789608002
14237913000 116879.615684509
14244743000 118717.780101776
14251566000 119495.713846207
14258396000 122327.866729736
14265225000 122148.838420868
14272051000 123942.283348083
14278863000 126618.302398682
14285689000 126405.745916367
14292503000 128092.12012291
14299313000 130742.814338684
14306132000 131464.060079575
14312947000 132149.624954224
14319769000 135889.388309479
14326612000 135797.719913483
14333435000 137539.642988205
14340251000 139221.381572723
14347068000 141908.293775558
14353899000 143706.564491272
14360720000 144420.149723053
14367519000 145951.055170059
14374328000 147560.649076462
14381141000 150199.919794083
14387971000 151975.019708633
14394786000 153624.62931633
14401606000 153312.070285797
14408434000 155061.82998085
14415264000 155824.912555695
14422073000 157413.54857254
14428888000 158048.175760269
14435709000 158728.786207199
14442528000 158390.072359085
14449346000 159040.198865891
14456162000 158671.005468369
14462975000 161274.333667755
14469795000 159931.794403076
14476616000 160594.416887283
14483441000 161286.679260254
14490264000 162959.619970322
14497085000 163613.241657257
14503898000 164198.595962524
14510676000 166495.425760269
14517490000 165082.968349457
14524292000 165569.631494522
14531118000 167249.073831558
14537937000 168868.418251038
14544755000 169476.609174728
14551585000 171179.668460846
14558410000 170838.945512772
14565232000 170470.756023407
14572065000 172189.261428833
14578886000 171806.912904739
14585708000 172429.71821785
14592512000 172902.773113251
14599320000 173405.452945709
14606128000 173905.14481163
14612941000 174442.60606575
14619764000 175058.585268021
14626583000 174638.960964203
14633792000 175394.892997742
14640620000 176042.449165344
14647379000 176124.701700211
14654163000 178407.72946167
14660952000 176728.53216362
14667730000 177956.736242294
14674506000 179165.683628082
14681325000 179721.994777679
14688134000 178193.842077255
14694912000 181410.168813705
14701687000 181599.09661293
14708510000 180176.040248871
14715328000 180709.258392334
14722149000 181263.913078308
14728921000 182416.51279068
14735704000 182655.735174179
14742491000 183924.563972473
14749297000 183345.134132385
14756109000 183811.571525574
14762930000 185348.293653488
14769744000 187825.026863098
14776550000 189233.639465332
14783368000 190736.951656342
14790160000 192025.625946045
14796966000 193425.280794144
14803774000 195838.227769852
14810525000 196784.279140472
14817276000 198727.392370224
14830754000 203409.506149292
14837499000 205294.993444443
14844240000 207145.001585007
14850985000 208024.62477684
14857795000 209430.134714127
14864587000 212686.220491409
14871358000 213768.5013237
14878161000 214108.126520157
14884970000 214493.571739197
14891777000 217859.761127472
14898602000 218369.358419418
14905420000 220819.024501801
14912242000 221298.222536087
14919061000 222750.025100708
14925870000 224117.517072678
14932690000 226571.459632874
14939499000 227932.96909523
14946303000 229250.839818954
14953127000 230728.316886902
14959926000 233999.564424515
14966728000 233292.217878342
14973505000 234378.683015823
14980297000 236584.104162216
14987091000 238802.80606842
14993910000 242221.705060959
15000711000 242491.329946518
15007502000 244676.71267128
15014288000 246818.494356155
15021117000 248306.689130783
15027923000 250605.008996964
15034735000 250949.088323593
15041483000 253770.250337601
15048289000 256059.634389877
15055077000 258199.818840027
15061893000 260564.463651657
15068709000 260926.113470078
15075468000 265821.834222794
15082278000 267128.791828156
15089099000 268522.088226318
15095907000 270806.820892334
15102724000 272161.644655228
15109546000 274554.069824219
15116364000 277911.018665314
15123181000 280256.852180481
15129989000 283526.626592636
15136815000 284939.531602859
15143655000 286463.074428558
15150470000 287780.68072319
15157288000 290119.642038345
15164105000 293447.49066925
15170922000 295772.343429565
15177740000 297102.315378189
15184534000 299234.53968811
15191346000 302509.843597412
15198168000 304863.293457031
15204942000 306824.304454803
15211735000 308936.501758575
15218556000 311272.872255325
15225382000 313646.803304672
15232200000 314952.838184357
15239021000 317280.209644318
15245837000 318564.028369904
15252646000 320788.080495834
15259454000 322001.033987045
15266270000 323275.874332428
15273086000 325547.719684601
15279905000 326840.895467758
15286715000 327058.101320267
15293524000 330264.209856033
15300340000 332524.07964325
15307154000 333764.741003036
15313972000 335034.83423996
15320790000 337301.930727005
15327613000 337606.557453156
15334435000 339900.078075409
15341226000 340939.358350754
15347981000 340683.918571472
15354757000 343595.713779449
15361532000 343496.445837021
15368349000 344734.535274506
15375172000 347018.242832184
15381988000 346242.236001968
15388808000 345495.639989853
15395632000 345778.449522018
15402431000 347855.742696762
15409216000 346816.653892517
15416005000 347806.996078491
15422812000 350940.153646469
15429645000 351280.893461227
15436385000 352865.4737854
15443140000 354568.594789505
15449964000 355827.502494812
15456811000 357269.640768051
15463638000 359546.824192047
15470465000 362821.002948761
15477292000 364092.177042007
15484111000 364295.584001541
15490927000 365471.708730698
15497754000 363733.877187729
15504572000 363920.195077896
15511370000 363941.645212173
15518108000 364474.529260635
15524869000 362190.618154526
15531669000 362219.357702255
15538479000 362326.034341812
15545307000 359575.365812302
15552132000 359797.418966293
15565729000 359803.744171143
15572465000 360296.836668015
15579281000 361434.138124466
15586037000 362083.120450974
15592819000 361939.456113815
15599643000 367132.516786575
15606457000 367241.701225281
15613236000 368064.848024368
15620059000 372240.840274811
15626887000 371454.261896133
15633716000 373672.76363945
15640542000 374864.003282547
15647359000 374979.476083755
15654180000 375124.290397644
15660990000 377177.182365417
15667806000 378275.585409164
15674630000 379435.657676697
15681444000 380511.902050018
15688274000 381714.46754837
15695093000 383825.126962662
15701879000 384666.106889725
15708689000 384698.058084488
15715499000 386727.019557953
15722270000 388437.873111725
15729060000 388299.281934738
15735877000 390375.853694916
15742696000 391465.586864471
15749478000 390253.429010391
15756269000 392111.005842209
15763096000 392256.393289566
15769921000 392382.622303009
15776747000 394513.924856186
15783565000 394577.615596771
15790393000 394719.065225601
15797215000 396809.058567047
15804041000 395928.350379944
15810854000 397939.67323494
15817681000 396061.037000656
15824500000 398114.809186935
15831322000 398189.802518845
15838081000 398753.228899002
15844885000 401676.952507019
15851693000 400629.97810936
15858503000 401596.158090591
15865321000 403623.914218903
15872132000 404592.18154335
15878953000 406638.156814575
15885763000 406592.369134903
15892586000 406648.488420486
15899408000 408693.538024902
15906224000 407687.178787231
15913038000 407661.689245224
15919856000 406665.47533989
15926683000 404738.865682602
15933505000 404768.91967392
15940278000 405400.744340897
15947091000 403352.230197906
15953907000 403324.918766022
15960737000 402407.516496658
15967483000 401809.718805313
15987942000 398780.609556198
15994719000 399420.914749146
16001496000 396058.259126663
16008277000 395724.888757706
16015086000 395614.264289856
16021919000 394694.106304169
16028740000 393674.215995789
16035570000 393723.864124298
16042348000 391351.420358658
16055947000 390944.160909653
16062770000 389925.423538208
16069589000 389871.454763412
16076431000 387999.802215576
16083271000 387109.018421173
16090098000 388110.487361908
16104094000 385859.341323853
16110898000 385666.383029938
16117720000 386615.420604706
16124507000 385279.567106247
16131295000 384948.797637939
16138110000 384832.492731094
16144926000 384721.246417999
16151744000 384623.109651566
16158561000 385513.924308777
16165383000 384442.000041962
16172196000 384294.616962433
16179012000 385168.393060684
16185883000 385481.927972794
16192702000 385373.838806152
16199513000 386198.358503342
16206333000 386092.326345444
16213154000 385991.343988419
16219976000 385895.410118103
16226779000 387643.574802399
16233556000 387179.534086227
16240362000 387945.882686615
16247181000 387813.844587326
16254004000 388710.991563797
16260771000 388154.604078293
16267560000 388772.250167847
16274387000 389692.610742569
16281198000 389481.263895035
16288016000 389323.230834961
16294823000 391073.72754097
16301626000 390789.066738129
16308417000 393404.916345596
16315239000 391267.08649826
16322058000 393102.132520676
16328873000 393902.017518997
16335689000 394706.948812485
16342508000 395533.005029678
16349330000 397380.182209015
16356141000 397135.92911911
16362957000 396928.878692627
16369777000 397750.986125946
16376544000 399144.093009949
16383324000 397638.733221054
16390153000 399524.218114853
16396980000 400390.623662949
16403797000 401173.664358139
16410613000 401945.673601151
16417437000 402778.968976974
16424265000 404641.401126862
16431081000 403404.416610718
16437868000 405931.456272125
16451330000 408076.936374664
16458077000 408273.815618515
16464817000 410411.53560257
16471555000 411530.263713837
16478294000 413654.096206665
16485027000 415726.816297531
16491772000 414892.978075027
16498509000 418991.967626572
16505249000 420112.119646072
16518758000 423576.467626572
16525492000 424639.652284622
16532232000 426748.080018997
16538977000 426893.715702057
16545716000 428988.257246017
16552459000 430111.976829529
16559203000 429240.791229248
16565968000 431535.210451126
16572754000 434995.207012177
16579588000 434837.419916153
16586399000 436492.064319611
16593226000 437272.099046707
16600056000 438073.199209213
16606859000 440654.673023224
16613689000 443449.770460129
16620519000 441241.860591888
16627319000 445790.295162201
16634137000 446480.129854202
16640956000 448174.988529205
16647783000 446931.011899948
16654605000 449643.931352615
16661423000 451321.77289772
16668234000 450940.484891891
16675050000 453596.298952103
16681858000 458184.973276138
16688672000 457818.765558243
16695495000 461521.719543457
16702296000 461045.303325653
16709127000 457806.39538002
16715946000 463468.288499832
16722726000 463814.581148148
16729529000 465342.255840302
16743164000 467621.064619064
16749978000 469227.926589966
16756800000 467895.901424408
16763617000 471520.811880112
16770444000 472222.850296021
16777265000 471873.812391281
16784077000 475449.671569824
16790894000 473062.594589233
16797721000 474752.627986908
16804491000 476983.076126099
16818119000 480139.927749634
16824931000 480697.845972061
16831751000 480316.84016037
16838560000 479844.747943878
16845383000 483481.772611618
16852168000 482811.525840759
16858953000 485138.311264038
16865771000 482726.334737778
16872583000 483263.326677322
16879409000 485909.40215683
16886234000 486544.468935013
16893058000 487168.528326035
16899880000 488773.577617645
16906696000 489327.605052948
16913511000 488870.634334564
16920310000 490282.625974655
16927087000 490515.587305069
16933879000 490865.615524292
16940671000 491212.669805527
16947490000 492772.776340485
16954315000 496377.888420105
16961137000 492955.997329712
16967954000 496491.107723236
16974775000 496055.219087601
16981599000 496640.327377319
16988417000 499174.443658829
16995241000 497753.550537109
17002058000 499273.673233032
17008868000 501734.82097435
17015688000 502272.944725037
17022503000 503768.08930397
17029322000 505292.222543716
17036141000 502813.358156204
17042956000 504299.51688385
17049778000 502838.642126083
17056588000 505278.839874268
17063398000 507716.047904968
17077415000 506754.559366226
17084203000 505006.796539307
17090997000 507304.01358223
17097746000 508238.647289276
17104571000 507777.648815155
17111403000 510369.580251694
17118221000 508846.643148422
17125043000 507352.667388916
17131859000 511807.756864548
17138674000 511251.862705231
17145541000 509108.360990524
17152348000 508482.553663254
17159092000 508350.557733536
17165882000 510583.026758194
17172710000 511116.008739471
17179534000 507614.041131973
17186336000 509933.388946533
17193099000 510938.333831787
17199922000 512419.411966324
17206749000 511929.425979614
17213577000 512444.419143677
17220402000 511932.456634521
17227225000 509401.525348663
17234008000 512548.293045044
17240791000 513692.094680786
17247620000 515200.084873199
17254394000 513266.103622437
17261210000 513664.355501175
17268040000 514171.336654663
17274916000 511042.384170532
17281724000 515367.783187866
17288552000 513849.773889542
17295373000 515272.909254074
17302193000 515685.067127228
17309017000 516126.137145996
17315837000 516532.296247482
17322656000 513927.48005867
17329473000 513303.713554382
17336300000 514756.710220337
17343122000 513166.824901581
17349942000 511557.989269257
17363616000 510602.443370819
17370445000 508056.360591888
17377267000 506451.458553314
17384083000 506795.719306946
17390921000 505312.377502441
17397744000 506706.442207336
17404567000 504097.505767822
17411351000 504174.696681976
17418144000 503320.65630722
17424956000 499615.074714661
17431775000 500962.289886475
17438602000 496370.261901855
17445418000 496687.57169342
17452232000 492985.949634552
17458981000 493763.41481781
17465747000 491673.392105103
17472513000 491580.418182373
17479280000 490492.459732056
17486023000 489210.359184265
17492805000 483235.994258881
17499614000 484473.729305267
17506438000 484827.949546814
17513259000 482155.274276733
17520048000 481224.749797821
17526869000 480546.089824677
17533697000 480920.172718048
17540440000 477614.417102814
17547198000 477425.164936066
17554002000 477599.214576721
17560821000 474889.701213837
17567591000 468787.101638794
17574377000 470808.91626358
17581173000 472907.363376617
17587988000 468154.066947937
17594803000 465397.776409149
17608413000 465717.045772552
17615217000 463864.244537354
17622055000 462279.013267517
17628880000 463587.326107025
17635695000 460813.070011139
17642499000 458948.302009583
17649313000 457160.106800079
17656114000 456265.499641418
17662932000 452503.143066406
17669758000 454801.424995422
17676579000 454056.933307648
17683391000 450237.860481262
17690215000 450511.233242035
17697035000 448749.793384552
17703854000 443977.402809143
17710679000 445249.725219727
17717508000 444550.850036621
17724337000 443848.96843338
17731161000 440104.328159332
17737985000 438356.68585968
17744805000 436574.24325943
17751631000 434836.496929169
17758452000 436056.003368378
17765274000 432280.458667755
17772101000 429541.652748108
17778922000 426752.157951355
17785748000 426999.398410797
17792572000 425227.742107391
17799393000 424429.245632172
17813044000 421894.761047363
17819859000 419039.594074249
17826679000 417221.154441833
17833492000 412344.109344482
17840321000 411591.166481018
17847147000 409811.388275146
17853963000 409949.180969238
17860788000 409155.457504272
17867612000 407350.789478302
17874432000 405511.35458374
17881257000 402708.625038147
17888066000 401775.847267151
17901721000 397195.084999084
17908538000 396316.836566925
17915351000 393403.837974548
17922170000 392535.475830078
17928993000 393695.866844177
17935813000 391829.444942474
17942630000 388936.214084625
17949443000 386008.241859436
17956256000 385077.277275085
17963047000 381968.739368439
17969832000 382809.618030548
17976615000 379631.659633636
17983369000 381220.643718719
17990172000 376195.440906525
17996959000 377040.321521759
18003766000 378040.890068054
18010594000 376205.052661896
18017409000 373263.093784332
18024241000 369452.977222443
18031054000 372489.160419464
18037883000 369649.242069244
18044686000 368600.13117218
18051510000 366714.56243515
18058327000 365770.486167908
18065133000 365736.19594574
18071934000 364659.277111053
18078746000 362666.584907532
18085562000 362702.611629486
18092389000 359822.842136383
18099212000 360908.361095428
18112861000 358094.173095703
18119683000 358162.761894226
18126508000 357252.12530899
18133335000 356354.33486557
18140151000 354366.374858856
18146969000 352391.267147064
18153790000 355436.932292938
18160659000 348859.890598297
18167462000 351756.934093475
18174277000 350746.056594849
18181093000 350740.106430054
18187907000 346715.319267273
18194719000 346671.697742462
18201527000 346593.404243469
18208346000 345599.239322662
18215170000 341641.67300415
18221988000 341633.591827393
18228806000 339622.513896942
18242470000 337813.057418823
18249279000 334721.723522186
18256101000 330730.316677094
18262919000 332704.244895935
18269708000 327445.620227814
18276516000 327334.414787292
18283327000 328243.965942383
18290155000 328285.0715065
18296966000 325188.633998871
18303776000 327081.292358398
18310592000 323018.439563751
18317390000 324810.163986206
18324207000 321749.241336823
18331015000 321614.116821289
18337827000 319507.64969635
18344618000 318232.062194824
18351429000 317111.71088028
18358240000 313988.368961334
18365055000 308893.674781799
18371872000 307811.804775238
18378689000 308726.938899994
18385515000 306710.251533508
18392336000 303651.021263123
18399098000 303122.255794525
18405907000 303962.169307709
18412725000 301870.252563477
18419512000 298530.250862122
18426347000 299566.75
18433170000 296505.375125885
18439985000 297377.76108551
18446798000 294231.34431076
18453619000 289145.166172028
18460436000 292024.374908447
18467245000 286837.363819122
18474054000 289647.363883972
18480863000 288454.375110626
18494530000 283446.591682434
18501343000 278276.21805954
18508152000 281071.250648499
18514970000 276934.393665314
18521783000 277755.042537689
18528595000 275564.800014496
18535409000 275387.363220215
18542230000 274262.220317841
18549035000 273007.714477539
18555846000 269797.607009888
18562618000 267276.531967163
18569404000 264863.05021286
18576211000 261612.415164948
18583021000 261382.479629517
18589834000 260173.239650726
18603493000 255006.291648865
18610314000 253851.210292816
18617128000 251637.876213074
18623923000 248271.58392334
18630695000 249720.788543701
18637530000 244664.233943939
18644301000 245099.606586456
18651101000 242760.86681366
18657912000 239505.943840027
18664714000 237177.017883301
18671516000 234845.109226227
18678334000 236636.448070526
18685154000 232440.568058014
18691976000 228257.466560364
18698790000 230008.260246277
18705606000 227771.835960388
18712421000 226524.529491425
18719239000 224297.889160156
18726052000 223028.820529938
18732865000 221756.759544373
18739685000 219536.90422821
18746504000 216306.165409088
18753328000 212111.851726532
18760145000 212859.347232819
18766968000 209651.148906708
18773765000 210234.985351562
18780579000 205949.851013184
18787390000 202638.076370239
18794200000 202315.429214478
18800975000 198713.940551758
18807793000 194448.377655029
18814574000 194888.2356987
18821355000 191325.129432678
18828157000 188924.533168793
18834983000 182710.05714035
18841801000 180429.546539307
18848610000 179075.13350296
18855404000 176599.562049866
18862249000 171522.769058228
18869050000 170096.363544464
18875851000 168666.976200104
18882658000 167281.864330292
18889469000 163925.268474579
18896291000 161652.310722351
18903152000 158683.473602295
18909931000 155065.896587372
18916751000 152768.191761017
18923571000 150467.488426208
18930389000 148148.040313721
18937204000 144801.977352142
18944018000 142445.048019409
18950841000 139155.971832275
18957661000 136840.280361176
18964425000 134080.817642212
18971239000 127711.930747986
18978055000 127355.790756226
18984878000 124051.743148804
18991693000 122681.740909576
18998511000 116332.350803375
19005324000 116940.622409821
19012147000 115624.58033371
19018962000 112242.597698212
19025772000 109818.285999298
19032596000 107501.116275787
19039409000 104094.417324066
19046230000 100747.651378632
19053055000 99429.3469657898
19059875000 99068.7156982422
19066744000 96090.4390258789
19073546000 95582.2388496399
19080357000 94141.8272018433
19087173000 93737.7401161194
19093986000 92307.0702590942
19100799000 88873.4080505371
19107610000 87421.0300598145
19114412000 84894.9100074768
19121225000 83452.2764434814
19128044000 80053.8128967285
19134853000 80573.7521591187
19141668000 77137.8596878052
19148479000 77667.5367889404
19155293000 75217.7992095947
19162111000 72796.5011978149
19168928000 71364.3486785889
19175747000 71944.9149246216
19182578000 66616.7661094666
19189396000 66183.4753837585
19196215000 60755.0439186096
19203031000 60300.0481338501
19209845000 57826.3471183777
19216656000 58326.0888137817
19223467000 56822.8399200439
19230285000 52371.5770568848
19237100000 52893.7573471069
19243913000 49397.2376747131
19250727000 46905.5781364441
19257538000 43387.3692245483
19264345000 43834.7632713318
19271158000 42326.277256012
19277960000 35728.4408493042
19284708000 38703.7058525085
19291500000 32021.429145813
19298300000 31398.9738616943
19305106000 28820.6315193176
19311961000 27623.8814582825
19318763000 29008.1527938843
19325583000 24530.6993370056
19332411000 26113.0251426697
19339238000 20684.4986228943
19360069000 15126.7982025146
19366887000 14615.4939994812
19373695000 12022.7474517822
19380509000 11474.0776672363
19387329000 6969.47673034668
19394143000 2414.81784057617
19400952000 4817.95170974731
19407772000 304.362724304199
19414585000 -1267.11822891235
19421395000 -3865.11598587036
19428207000 -6450.42137145996
19435022000 -8015.1964225769
19441836000 -12590.8057479858
19455463000 -14758.8433914185
19462277000 -19343.4319801331
19469093000 -19915.3369827271
19475941000 -20239.4219703674
19482766000 -21746.7932662964
19489590000 -26265.0045509338
19496387000 -29997.8073806763
19503200000 -31608.2091522217
19509978000 -32495.8553123474
19516799000 -36049.5437469482
19523620000 -37606.2315711975
19530440000 -38173.7532310486
19537247000 -39846.1155967712
19544058000 -41490.1307449341
19550864000 -44176.3021774292
19557681000 -45779.3001365662
19571286000 -50221.4064483643
19578477000 -50904.4470100403
19585284000 -50597.8892478943
19592088000 -53317.8100166321
19598900000 -55978.0749015808
19605715000 -57617.842464447
19612541000 -60174.4833564758
19619349000 -64875.0450286865
19626155000 -65594.2512397766
19632971000 -70238.1652069092
19639784000 -71908.5563812256
19646599000 -75566.2859764099
19653412000 -79242.6627388
19667031000 -83659.172870636
19673853000 -82274.0967407227
19680678000 -85868.5465660095
19687479000 -87653.7832183838
19694288000 -87379.4105529785
19701143000 -92748.1479759216
19707934000 -94620.5873947144
19714751000 -96292.6129684448
19721539000 -97194.4762954712
19728336000 -99028.9147796631
19735152000 -103717.727687836
19741967000 -105417.356399536
19748783000 -106112.158847809
19755601000 -108794.316410065
19762408000 -112565.485214233
19769220000 -113300.545799255
19776030000 -118054.235111237
19782835000 -121850.005054474
19789642000 -123633.124839783
19796447000 -123434.866325378
19803260000 -125177.058204651
19810068000 -129961.324577332
19816869000 -131803.290843964
19823682000 -137554.452323914
19830491000 -139339.866603851
19837300000 -141128.269721985
19844106000 -143943.104385376
19850919000 -145706.228694916
19857731000 -146480.158718109
19864531000 -151350.835212708
19871347000 -154099.49300766
19878152000 -155937.078212738
19884963000 -157730.779151917
19891774000 -161527.470691681
19898584000 -162334.963550568
19905401000 -164090.774150848
19912213000 -168888.629840851
19926188000 -172752.373104095
19932997000 -176582.782867432
19939803000 -177439.605667114
19946613000 -178268.184177399
19953419000 -179130.981147766
19960244000 -182848.436138153
19967060000 -185639.150794983
19973873000 -187456.27804184
19980680000 -187323.23021698
19987490000 -190169.754512787
19994312000 -192925.613922119
20001122000 -195778.12292099
20007931000 -197641.425312042
20014737000 -198531.126247406
20021547000 -201392.602214813
20028359000 -204241.463195801
20035166000 -208132.325229645
20041975000 -210010.571395874
20048792000 -213829.398097992
20055605000 -215682.423065186
20062420000 -219522.840072632
20069230000 -222405.249786377
20076044000 -225259.452098846
20082863000 -229077.653438568
20089692000 -230820.868385315
20096504000 -229699.655109406
20103315000 -231589.230827332
20110125000 -236489.594230652
20116940000 -238353.964134216
20123752000 -243244.716758728
20130564000 -244138.460865021
20137375000 -246042.991771698
20144185000 -248958.308166504
20151008000 -252775.286449432
20157806000 -251790.116111755
20164595000 -253878.067111969
20171413000 -256742.988544464
20178227000 -257642.07749939
20185047000 -262497.406158447
20191853000 -267464.818733215
20198670000 -269349.512378693
20205481000 -271283.947517395
20212290000 -273236.954250336
20219111000 -279099.469120026
20225923000 -280035.089946747
20232738000 -281950.334705353
20239553000 -285868.573581696
20246362000 -285836.536373138
20253176000 -288768.54870224
20259986000 -287734.703948975
20266839000 -289369.008670807
20273629000 -292496.893093109
20280439000 -295472.027603149
20287251000 -294434.580497742
20294063000 -297400.124874115
20300876000 -299360.875938416
20307692000 -302301.26631546
20314507000 -304252.435585022
20321318000 -306237.732849121
20328129000 -306226.020709991
20334939000 -307225.081760406
20341754000 -309188.22177124
20348568000 -312162.137607574
20355380000 -315154.609222412
20362192000 -320150.072315216
20369003000 -318156.307277679
20375808000 -320212.21257782
20382616000 -323247.764652252
20389420000 -324317.421012878
20396231000 -326335.611343384
20403042000 -328356.79227066
20409854000 -329373.186038971
20416668000 -332377.016639709
20423477000 -332422.724887848
20430292000 -338424.763317108
20437105000 -336445.347862244
20443912000 -340515.578159332
20450730000 -345503.269145966
20457540000 -346556.154380798
20464348000 -349627.577835083
20471161000 -351663.120204926
20477976000 -355686.108184814
20484793000 -357696.54442215
20491606000 -357741.066490173
20498419000 -359788.580913544
20505229000 -360862.40253067
20512050000 -362853.730960846
20518862000 -367917.995380402
20525667000 -368039.643344879
20532852000 -371211.735786438
20539661000 -373308.443546295
20546475000 -376369.295372009
20553292000 -378409.834892273
20560109000 -380453.370281219
20566917000 -381569.810260773
20573734000 -389619.333431244
20580541000 -387749.520046234
20587355000 -390828.329521179
20594167000 -391925.663982391
20600981000 -393010.459041595
20607796000 -397090.482337952
20614612000 -400165.735183716
20621429000 -404236.218894958
20628248000 -404294.171115875
20635061000 -408401.700416565
20641868000 -410558.79889679
20648675000 -412718.884464264
20655490000 -412819.861709595
20662305000 -414923.833068848
20669117000 -416054.081680298
20675932000 -418164.03993988
20689580000 -422253.263683319
20696394000 -425379.971481323
20703202000 -426556.225608826
20710016000 -433688.917236328
20716825000 -433863.391956329
20723637000 -437017.582923889
20730448000 -445182.522453308
20737255000 -447381.479206085
20744063000 -448575.666828156
20750882000 -454687.528869629
20757688000 -455903.207923889
20764500000 -459075.343795776
20771321000 -465180.6810112
20778147000 -470250.247520447
20784928000 -470671.728919983
20791691000 -475235.731235504
20798476000 -477632.122554779
20805269000 -481969.46352005
20812075000 -481209.00548172
20818905000 -486265.500247955
20825715000 -489480.021350861
20832541000 -492573.523971558
20839327000 -495980.033309937
20846146000 -500133.773342133
20852963000 -502306.009395599
20859784000 -504450.246292114
20866597000 -506659.469108582
20873416000 -508825.197013855
20880243000 -512931.943050385
20887054000 -517165.645709991
20893867000 -519386.845851898
20900678000 -523626.530586243
20907494000 -524830.477516174
20914306000 -528068.400405884
20927924000 -534599.686779022
20934739000 -534823.349689484
20941561000 -541995.802322388
20948374000 -542240.942619324
20955185000 -546504.560482025
20962002000 -550724.715950012
20968820000 -551940.125556946
20975630000 -553220.462211609
20982444000 -556472.825191498
20989263000 -558689.479362488
20996085000 -557885.911251068
21002901000 -563131.780586243
21009719000 -568365.166728973
21016534000 -568624.765571594
21023352000 -569864.14389801
21030128000 -573431.505432129
21036945000 -575684.596122742
21043734000 -578157.315784454
21050544000 -581470.541114807
21057295000 -584243.181407928
21064082000 -584740.27872467
21070912000 -589907.734306335
21077742000 -591078.19719696
21084568000 -596282.604450226
21091389000 -598528.684612274
21098178000 -603025.232521057
21104989000 -601354.626861572
21111806000 -607640.61674881
21118623000 -609929.602508545
21125434000 -612267.9739151
21132254000 -617539.755203247
21139071000 -617837.72725296
21145898000 -622061.392055511
21153109000 -625319.795879364
21159932000 -627580.55664444
21166753000 -629859.776485443
21173577000 -633118.810134888
21180384000 -633512.223293304
21187190000 -634916.351184845
21193993000 -639346.646915436
21200782000 -641888.101039886
21207584000 -643332.084121704
21214395000 -647709.516845703
21221219000 -650989.509243011
21228037000 -652318.853759766
21234847000 -653712.991634369
21241661000 -657079.222679138
21248480000 -659409.828472137
21262138000 -663925.576576233
21268901000 -666697.637294769
21275717000 -670063.383594513
21282538000 -672393.517375946
21289363000 -674695.766292572
21296142000 -677356.166805267
21302937000 -683896.006881714
21309712000 -682593.218513489
21316518000 -684054.090522766
21323344000 -691363.571296692
21330155000 -691791.832336426
21336956000 -694300.263912201
21343760000 -699788.524646759
21350562000 -699295.204063416
21357377000 -703704.549369812
21364192000 -704116.888786316
21371025000 -706393.337947845
21377845000 -711773.09670639
21384663000 -715171.283813477
21391484000 -715549.324230194
21398291000 -718038.360584259
21405114000 -720406.966415405
21411928000 -721847.991836548
21418748000 -725245.734165192
21425566000 -728661.899562836
21432374000 -730158.18013382
21439195000 -736557.200424194
21446011000 -735997.774921417
21452827000 -739441.344406128
21459640000 -741911.039134979
21466461000 -746322.049057007
21473267000 -745851.696456909
21480085000 -749291.82485199
21486902000 -755742.65832901
21493712000 -757250.442890167
21500538000 -760637.89799118
21507362000 -762043.770893097
21514173000 -762552.831222534
21520993000 -767995.526973724
21527811000 -769456.632614136
21534627000 -772936.145503998
21541435000 -776480.291877747
21548249000 -781981.199981689
21555070000 -784431.173782349
21561888000 -785907.257453918
21568695000 -786471.071464539
21582342000 -792353.488952637
21589162000 -795826.156147003
21595975000 -798355.730918884
