39000 -803889.285174548
6894000 -807031.647246158
13713000 -809421.27448318
27357000 -812163.066987105
34126000 -812897.980963215
40963000 -814169.308160625
47797000 -815462.327396855
54626000 -814790.70558878
61459000 -816092.933529176
68290000 -816410.016661271
75130000 -817666.783030957
81972000 -819911.072150111
88781000 -819382.053065106
95589000 -820861.046257943
102328000 -821812.697014779
109083000 -821656.177038953
115836000 -823514.482882246
122587000 -823387.613514274
129718000 -822665.615667909
136470000 -821534.297537893
143225000 -822383.642866641
149978000 -821247.812277973
156729000 -822126.804741412
163476000 -822034.282171428
170225000 -821929.254704386
176975000 -821818.554499179
183728000 -820688.520156175
190477000 -821586.96871987
197225000 -819493.406288445
203977000 -818373.680135131
210728000 -817261.943673372
217480000 -818144.536190182
224230000 -816041.947982311
230984000 -815913.199486494
237735000 -813806.09984979
244488000 -813686.500466436
251241000 -813568.060847431
257992000 -812464.439129978
264741000 -811375.6342839
271500000 -810219.700576663
278256000 -811085.414355159
285010000 -808965.945691764
291764000 -808847.637136102
298513000 -807764.628878474
305266000 -806655.467546105
312018000 -805554.29367274
318770000 -804454.279220283
325522000 -803355.424188673
332274000 -803257.728577971
339028000 -800147.538372695
345774000 -800093.122963727
352530000 -798971.59827137
359287000 -796844.407881498
366041000 -793738.857592344
372801000 -792593.510517776
379633000 -790957.855342567
386498000 -791098.135795832
393327000 -788485.337350845
400189000 -786648.484982193
406951000 -784495.358024478
413738000 -782172.766223729
420565000 -781578.348510921
427379000 -781073.838007689
434205000 -779488.613267541
441033000 -779890.924674213
447841000 -779430.906552613
454657000 -778917.474626362
461478000 -777371.104736388
468306000 -775778.152044833
475133000 -775193.208568096
481954000 -772650.390649259
488782000 -770060.993574023
495606000 -768500.074269712
502439000 -766878.93357712
509272000 -766258.980290115
516101000 -763667.50442636
522941000 -762002.168941379
529774000 -760385.778392613
536607000 -757770.575249374
543444000 -755129.272275448
550281000 -753489.158097625
557110000 -751904.804407358
563938000 -748328.458020806
570774000 -746698.728389859
577601000 -746131.575669646
584427000 -744572.42903769
591249000 -742041.74975276
598070000 -739519.074473143
604891000 -736997.582432389
611720000 -737422.713047862
618541000 -733903.588872194
625365000 -732365.188758016
632189000 -730827.972923517
639043000 -728087.360022902
645863000 -726579.794771671
652695000 -724991.584042668
659520000 -723452.292370796
666341000 -721941.460059643
673152000 -719499.996089578
679971000 -719005.165194988
686789000 -717518.33500886
693608000 -714025.869030714
700427000 -713534.585597515
707248000 -710030.849422455
714083000 -709432.851912022
720916000 -707849.677093506
734621000 -704421.028717041
741445000 -703902.77385366
748273000 -701358.436870098
755486000 -698190.963330984
762317000 -696628.615810633
769139000 -695128.799622893
775947000 -692725.589563847
782767000 -690241.769564033
789585000 -687772.763554215
796417000 -685209.524482846
803254000 -683613.39646101
810083000 -680072.977458358
816908000 -680561.003888845
823739000 -677009.326861858
830559000 -674533.796123266
837394000 -671957.233272552
844225000 -670409.1151613
851059000 -666841.741802812
857882000 -665350.508131981
864710000 -663826.3901999
871535000 -663323.898331642
878368000 -658768.08475852
885207000 -658172.579886079
892037000 -656639.580997825
905693000 -652604.392696738
912511000 -650156.70127809
919340000 -648635.257312894
926163000 -645155.871818304
932981000 -643711.729768157
939804000 -640234.711271167
946636000 -638697.572709203
953467000 -638168.432586789
960289000 -635701.780045509
967121000 -633168.200746536
973946000 -630683.484529614
980769000 -629213.57431376
987591000 -626751.658543944
994420000 -625243.253979683
1001262000 -624647.50327158
1008089000 -621155.092981339
1014914000 -618677.487649679
1021744000 -617167.018719316
1028566000 -614712.211923838
1035387000 -613265.398012042
1042205000 -610840.194712877
1049022000 -609422.982563138
1055846000 -606959.290819645
1062658000 -604578.486608624
1069476000 -602158.011928439
1076296000 -600725.102930903
1083115000 -598300.184909344
1089944000 -595808.370325327
1096767000 -593358.588179111
1103589000 -591916.797529459
1110401000 -588544.26436758
1117217000 -586145.682455778
1124032000 -582755.089092016
1130852000 -580331.642534733
1137672000 -576909.378869534
1144492000 -575488.298095942
1151311000 -574075.206563711
1158148000 -573540.786403656
1164971000 -569102.839072466
1171787000 -568713.716478109
1178600000 -565346.192355871
1185415000 -563966.237733126
1192218000 -560669.127981663
1199055000 -558141.820602894
1205875000 -557731.386375189
1212700000 -554288.111095905
1219546000 -554703.123530626
1226365000 -550303.047796488
1233185000 -546897.350339413
1240008000 -545472.423491478
1246830000 -543055.484496832
1253660000 -541585.299110651
1260471000 -538245.567985773
1267676000 -537226.47877121
1274505000 -533766.717528343
1281337000 -532287.73317194
1288541000 -530279.270214558
1295363000 -527870.751472235
1302175000 -525531.441446543
1308990000 -524172.90451932
1315805000 -520815.548749924
1322622000 -518445.770152092
1329436000 -516097.578865051
1336256000 -513709.758510113
1343459000 -513718.158744574
1350262000 -509448.392533541
1357080000 -508077.786568403
1363895000 -504728.765631676
1370704000 -502421.730475187
1377521000 -499061.469620705
1384331000 -497749.993583441
1391143000 -494426.096470833
1397948000 -493150.980018377
1404762000 -490815.842120886
1411580000 -487454.686111212
1418393000 -485128.710087061
1425197000 -481865.108987331
1432009000 -478548.291544914
1438822000 -475225.855182648
1445635000 -474904.599284887
1452446000 -470598.121235132
1459258000 -470286.024438858
1466121000 -465628.392195463
1472924000 -463379.848006725
1479739000 -462050.904849052
1486553000 -458729.940673351
1493370000 -457389.764356613
1500180000 -455098.352233648
1506995000 -453774.133014679
1513802000 -451505.472001791
1520616000 -449190.410669804
1527430000 -445876.530149221
1534628000 -444953.933581114
1541442000 -441642.481227398
1548256000 -441332.209684849
1555064000 -439063.895443916
1561873000 -435789.964027405
1568675000 -434564.781838655
1575486000 -431279.616242886
1582301000 -428968.448862553
1589110000 -427699.233935356
1595936000 -425315.68236351
1602750000 -422014.854192495
1609555000 -420776.359095573
1616371000 -419464.301942348
1623184000 -417173.809341908
1629995000 -415898.085558414
1636805000 -412630.335549593
1643620000 -411329.795817614
1650435000 -409030.4372437
1657257000 -408684.705447197
1664076000 -404360.53716445
1670894000 -403044.344562531
1677702000 -400797.263786554
1684516000 -399510.605005026
1691385000 -396851.533176184
1698191000 -395621.585082293
1705003000 -393352.061416864
1711818000 -392063.34158349
1718649000 -390667.132160425
1725466000 -389367.193919897
1732281000 -387082.020680428
1739092000 -384825.194205046
1745893000 -383637.45978713
1752707000 -382362.617957115
1759517000 -380116.120466948
1766326000 -376877.593111515
1773139000 -375613.082691431
1779953000 -373342.962373734
1786768000 -371067.232678652
1793580000 -368813.054188728
1800393000 -365553.265974522
1807207000 -364287.868555784
1814014000 -361071.178421259
1820825000 -357828.509381294
1827638000 -355573.441813231
1834450000 -353326.343686581
1841261000 -350087.214481592
1848093000 -347706.703821898
1854911000 -345422.418604374
1861733000 -343112.162454128
1868550000 -341837.030435324
1875360000 -338610.595820189
1882178000 -336331.038527966
1888990000 -333093.388970375
1895803000 -331850.132114649
1902616000 -328608.055723667
1909438000 -326306.076171398
1916260000 -325005.280205011
1923079000 -321726.027991295
1929892000 -318488.677618027
1936714000 -316191.4303267
1943527000 -314956.442442179
1950347000 -312675.13281846
1957169000 -310381.434375286
1963982000 -308149.990657568
1970797000 -305906.156386375
1977628000 -303554.937906027
1984448000 -300279.542914629
1991264000 -298032.47076869
1998075000 -295820.50420332
2004885000 -293616.50205183
2012078000 -289815.229613304
2018895000 -287566.162643433
2025714000 -285304.70930028
2032535000 -282030.870624304
2039350000 -277798.917779684
2046161000 -274595.280462265
2052975000 -272372.472659349
2059793000 -270123.71268487
2066611000 -266876.134908676
2073809000 -265052.239597082
2080622000 -261841.005685806
2087814000 -259060.370393991
2094625000 -257865.127799988
2101462000 -256494.728134871
2108279000 -252261.157512426
2115095000 -250035.550580263
2121909000 -247824.688484669
2128723000 -245615.00720048
2135530000 -242453.975963593
2142344000 -240246.655088902
2149173000 -238938.800434351
2155985000 -235747.405380487
2162811000 -233462.261682034
2170014000 -230622.07431221
2176833000 -227386.82789135
2183651000 -225159.544110775
2190472000 -222913.102761745
2197283000 -218735.642140388
2204474000 -215983.124312878
2211292000 -215760.63330698
2218111000 -211532.54527998
2224925000 -208339.535027981
2231743000 -207120.590095997
2238549000 -203984.171755314
2245366000 -201774.367665768
2252183000 -197565.745427132
2258992000 -196412.530476093
2265796000 -192294.384637356
2272605000 -190143.52697897
2279424000 -186926.071797848
2286243000 -183709.799161911
2293067000 -180460.822504044
2299877000 -177307.910082817
2306688000 -175149.400120258
2313501000 -170978.51634264
2320319000 -168774.929929256
2327126000 -164647.066628456
2333932000 -162527.157988071
2340744000 -159367.770784378
2347564000 -155155.356280327
2354382000 -152957.676175594
2361195000 -150795.056171417
2368014000 -146592.964189053
2374839000 -144351.403350353
2381652000 -142192.327859402
2388465000 -140034.432832718
2395274000 -136904.817125797
2402091000 -136722.184174061
2408901000 -132588.153643608
2416107000 -130772.723693848
2422927000 -127573.380491257
2429738000 -124436.184715271
2436555000 -123259.526726246
2443378000 -121043.409646034
2450192000 -117889.436351776
2457007000 -114729.870724678
2463823000 -113564.713284969
2470637000 -110414.282944679
2477831000 -107691.438177109
2484650000 -106509.573105812
2491463000 -103369.52418375
2498278000 -101217.11153841
2505097000 -99038.792368412
2518722000 -94773.7321248055
2525537000 -92626.0439381599
2532356000 -89452.4519991875
2539175000 -88280.0426044464
2545990000 -84135.8992781639
2552803000 -85006.4785251617
2559626000 -80810.5328946114
2566441000 -78669.9340820312
2573266000 -76462.8145546913
2580096000 -74223.029586792
2586912000 -71079.2087407112
2593731000 -67916.2603993416
2600568000 -65632.6437282562
2607341000 -62783.452316761
2614150000 -60691.7382268906
2620965000 -58560.5893707275
2627781000 -56423.8528728485
2634599000 -54274.7606239319
2641416000 -51133.6190271378
2648236000 -48973.3544406891
2655073000 -46699.2149291039
2661879000 -43636.0701413155
2668692000 -40526.7290716171
2675518000 -38330.5898370743
2682326000 -35257.449016571
2689133000 -33192.2541699409
2695948000 -32074.1011710167
2702756000 -29004.4975876808
2709573000 -26875.1722507477
2716390000 -24747.0287647247
2723211000 -20593.0016350746
2730028000 -21467.2225456238
2736840000 -17376.4554429054
2743651000 -16293.6343121529
2750463000 -13205.2272729874
2757289000 -11023.283249855
2764099000 -6950.76953983307
2770912000 -4859.13977384567
2777735000 -2701.04059934616
2784543000 1354.40243530273
2791358000 3456.01922273636
2798175000 5569.98378610611
2804988000 8655.70932245255
2811802000 10747.0185155869
2818609000 14789.7992634773
2825421000 15865.2204976082
2832238000 16973.2796187401
2839049000 21039.5763225555
2845869000 22165.5625448227
2852681000 22236.2612266541
2859496000 24326.0685138702
2866315000 25441.7455811501
2873125000 29495.3770537376
2879940000 30581.6410403252
2886756000 32673.4860839844
2893570000 33750.6255402565
2900385000 35833.3460536003
2907198000 36901.362019062
2914013000 40981.720562458
2920836000 41114.9887318611
2927648000 45172.7000498772
2934467000 46276.5582575798
2941287000 48385.9947485924
2948094000 49406.3598399162
2954918000 51540.4747262001
2961728000 53578.7610259056
2968540000 55629.3881688118
2975354000 57692.3551163673
2982174000 60794.6999802589
2988988000 61855.3042654991
2995799000 64894.4494152069
3002613000 62952.6925978661
3016261000 68200.8149533272
3023073000 69241.9947400093
3029888000 72302.2701325417
3036704000 72368.1227674484
3043518000 74419.2774424553
3050337000 74503.0415782928
3057150000 77545.0758833885
3063959000 79558.898891449
3070770000 80585.0578904152
3077583000 82623.5518407822
3084392000 82633.8365731239
3091205000 84669.9702863693
3098021000 86725.1940603256
3104842000 89813.0196714401
3112035000 90413.0763339996
3118845000 90424.1515049934
3125650000 93400.2665557861
3132459000 94402.2277755737
3139273000 95436.7888803482
3146083000 97443.1466960907
3152901000 98502.3686552048
3159716000 99540.1425981522
3166537000 101617.26597929
3173358000 102693.206121445
3180167000 105686.905995846
3186981000 106713.199687958
3193796000 109745.06697464
3200614000 109796.01580143
3207430000 113832.274311066
3214241000 115833.581887245
3221058000 116874.231967449
3227864000 117839.411262512
3234695000 119972.246671677
3241508000 121982.337907791
3248319000 123977.742640018
3255122000 124917.944831371
3261933000 126910.991405964
3268738000 126862.34320879
3275548000 129846.278952122
3282743000 131428.612555027
3289553000 134410.122768879
3296366000 134410.708950996
3303178000 137403.363043308
3310003000 139482.605877876
3316827000 140553.912808418
3323636000 143522.768903255
3330452000 144537.702433586
3337266000 146537.952945232
3344081000 147543.773229122
3350892000 148521.410712242
3357707000 152524.869373798
3364530000 153581.147389412
3371341000 154555.242785931
3378154000 157541.65784502
3384973000 159567.389704704
3391791000 162585.189648151
3398604000 163568.061407566
3405422000 166583.497822285
3412233000 166550.510083675
3419059000 169617.572733402
3425886000 172690.198913574
3432702000 172687.408141136
3439511000 175636.198766232
3446359000 178846.981662273
3453169000 179800.155185223
3459985000 183792.635101318
3466792000 184723.206344604
3473594000 186618.862751007
3480411000 189614.549256325
3487263000 190845.196917534
3494461000 193409.030881882
3501276000 195387.606540203
3508085000 199324.522562504
3514900000 201300.736945152
3521712000 202255.531969547
3528518000 205168.671516418
3535378000 208444.901882648
3542164000 210220.765079975
3548982000 211211.309098244
3555800000 214200.670918465
3562618000 215188.850540161
3569437000 218182.592817307
3576258000 218188.641907692
3583073000 221153.040724277
3589886000 223102.76971674
3596699000 225051.318245411
3603524000 227079.614141464
3610349000 229106.725410461
3623967000 232941.603169441
3630784000 234911.219771862
3637602000 236886.397642612
3644418000 238846.907423496
3651613000 241361.744659901
3665240000 245243.013223648
3672053000 247178.505426407
3678866000 248112.817164898
3685682000 251066.174127579
3692499000 252025.091309071
3699310000 254942.377340794
3706118000 255838.259470463
3712944000 260854.304527283
3719759000 261795.013284206
3726572000 263721.059170246
3733378000 264598.739807129
3740217000 266697.679232597
3747038000 270674.103121281
3753850000 272588.682307243
3760658000 274475.121416092
3767479000 276447.999404907
3774285000 278318.599511147
3781101000 281255.416276455
3787919000 284204.530129433
3794728000 284091.809677124
3801550000 288065.516493797
3808370000 287024.562172413
3815185000 289948.731944561
3821999000 291864.982129097
3828866000 292137.179054737
3835669000 292976.939531803
3842487000 294916.591639042
3849297000 294801.159665585
3856108000 296691.28582859
3862928000 295640.868720055
3869747000 296582.531504154
3876945000 298076.348811626
3883758000 298975.159626007
3890569000 299859.316604614
3897378000 301728.820785999
3904191000 304624.091246128
3.911e+09 305491.236577034
3917821000 306438.034743309
3924640000 308370.178032398
3931467000 310355.023942947
3938283000 312264.594338417
3945098000 313166.247929573
3951911000 316053.25011158
3958717000 314891.927160263
3965529000 318769.834846497
3972337000 319619.623988152
3979157000 320549.047594547
3985975000 321463.819789886
3992790000 322357.207528591
3999607000 324262.881934643
4006422000 325153.907011032
4013244000 324090.885891914
4020060000 326986.280831337
4026872000 327853.561389446
4033688000 327746.594013691
4040491000 331550.917785168
4047302000 331407.926154613
4054507000 332916.36826086
4061324000 333811.342899323
4068140000 336698.403516769
4074960000 336611.210615635
4081774000 337482.443883896
4088585000 338332.301391125
4095399000 340201.173556805
4102214000 339075.596214771
4109029000 341948.837714195
4115837000 342773.781358719
4122657000 342678.315672874
4129476000 344574.936485767
4136291000 346443.453006744
4143109000 347330.979160309
4149919000 349163.482395172
4163537000 351811.491102219
4170357000 353707.752111912
4177209000 356818.170917034
4184025000 358685.143702507
4190839000 359537.476884365
4197654000 361395.358130932
4204466000 364231.872110844
4211280000 366080.663032532
4218086000 366874.446291447
4224895000 368687.236060143
4231708000 370525.758789539
4238520000 373356.37321806
4245360000 374374.182098389
4252174000 376215.886418819
4258990000 378069.86455965
4265805000 379915.934053898
4272622000 381774.276329041
4279434000 384597.802771091
4286248000 385433.602342129
4293067000 387301.853348732
4299882000 390142.016706467
4306713000 392088.616549969
4313532000 392953.318535328
4327175000 397712.802781105
4333996000 398587.407082558
4340811000 399420.476732254
4347638000 400333.06596756
4354461000 404217.570328712
4361287000 406121.064902306
4368110000 408003.20087719
4374914000 408756.389931679
4381726000 411562.195197105
4388543000 414400.440451622
4395359000 415230.780007362
4402173000 416046.490708351
4408994000 417908.085107803
4415815000 420768.496269226
4422634000 422614.277882576
4429460000 424505.937817574
4436281000 426362.798743248
4443092000 427151.250088692
4449906000 430958.689044952
4456721000 430771.669476509
4463539000 434603.635094643
4470349000 436380.642987251
4477170000 437230.410898209
4483983000 439025.222817421
4490827000 441027.218309402
4497640000 442819.663928032
4504453000 444610.929081917
4511262000 448374.130167961
4518084000 450223.521629333
4524900000 451031.406183243
4531720000 453864.990754128
4538536000 455670.511605263
4545351000 457468.130917549
4552162000 459237.689632416
4558984000 462079.985131264
4565793000 462833.743369102
4572606000 466613.199889183
4579417000 467378.037611008
4586227000 471134.976566315
4593041000 472917.611379623
4599862000 476746.095912933
4606675000 478519.649416924
4613492000 481318.895658493
4620310000 483123.678174973
4627120000 485873.534862518
4633938000 486675.954370499
4640757000 490483.909288406
4647575000 492283.964227676
4654392000 494076.119707108
4661205000 496840.224987984
4668019000 498609.866717339
4674830000 501358.177412987
4681645000 503132.174607277
4688454000 503864.692278862
4695274000 507669.909300804
4702091000 509453.79528904
4708960000 511585.724840164
4715742000 513132.18861866
4722550000 514852.086362839
4729369000 517644.674265862
4736194000 520476.370705605
4743009000 523239.732452393
4749828000 525028.772373199
4756647000 526816.629750252
4763455000 529529.44522953
4770268000 531274.653543472
4777080000 536011.967251778
4783896000 536774.956710815
4790697000 540436.057758331
4797564000 542539.08142662
4804369000 545224.672224045
4811179000 546942.65169239
4817990000 548666.16483593
4824809000 550442.201619148
4831628000 554217.055858612
4838442000 555957.164653778
4845262000 557736.36707592
4852082000 562514.386606216
4858902000 562291.223244667
4865717000 564033.317562103
4872543000 565848.059559822
4879360000 568601.212732315
4893033000 571365.710008621
4899849000 573108.599847794
4906663000 576836.886493683
4913480000 576584.124341011
4920290000 580283.206851959
4927489000 580591.424444199
4934298000 583281.37059021
4941117000 584037.237344742
4947928000 585738.243191719
4954742000 588458.198133469
4961563000 589223.938405037
4968379000 591954.949061394
4975198000 593704.905518532
4982019000 597467.097287178
4989212000 598723.760867119
4996023000 599416.435907364
5002841000 600154.889967918
5009649000 601825.079574585
5016462000 603527.630712509
5023287000 606309.495931625
5030105000 607043.222587585
5036921000 610762.351980209
5043736000 612473.592511177
5050547000 615156.823141098
5057370000 614919.35814476
5064174000 618553.279280663
5070983000 619219.556397438
5077834000 622166.327104568
5084623000 624696.112417221
5091443000 625432.616088867
5098257000 628127.701036453
5105069000 629808.193573952
5111888000 631534.445373535
5118706000 633252.809176445
5125525000 635976.696059227
5132345000 636706.105503082
5139152000 640347.167938232
5145964000 641020.575782776
5152780000 643719.621850014
5159980000 644991.978838921
5166801000 646722.11647892
5173624000 649464.478993416
5180433000 650111.80322361
5187277000 652992.578178406
5194095000 654697.870005608
5200909000 655375.16618824
5207725000 658064.687935829
5214538000 658732.91913414
5221351000 660399.969866753
5228167000 662085.948140144
5234978000 663737.232434273
5241845000 664762.66694355
5248629000 666230.624007225
5255441000 668885.065937996
5262260000 669585.240359306
5269073000 672244.02246666
5275886000 672901.624110222
5282695000 675531.240163803
5289508000 677186.481570244
5296320000 677833.841578484
5303172000 681748.051920891
5309961000 683238.931240082
5316785000 683963.152925491
5323599000 687619.187918663
5330396000 689160.140939713
5344018000 694426.11442852
5350833000 695084.129711151
5357646000 697727.565084457
5364454000 700336.323981285
5371273000 702017.593464851
5378098000 703737.87353611
5384910000 706369.886116028
5391722000 709000.718577385
5398534000 710630.370920181
5405353000 711305.730280876
5412173000 713986.605085373
5418987000 716626.110106468
5425792000 719204.155534744
5432608000 718854.695429802
5439427000 721524.145708084
5446238000 724138.836462021
5453055000 725792.529140472
5459868000 728418.25286293
5466686000 730076.279133797
5473496000 732679.551773071
5480310000 734308.430011749
5487121000 738916.039191246
5493939000 740569.339962959
5500754000 743201.371331215
5507584000 745932.654976845
5514396000 748542.235260963
5521214000 749190.806720734
5528029000 751818.11085701
5534845000 752450.928702354
5541664000 754102.649130821
5548475000 755699.630836487
5555286000 759295.432770729
5562106000 760950.302515984
5568923000 762583.907361031
5575735000 764182.861209869
5582553000 765820.796875954
5589361000 769390.615519524
5596180000 771032.881831169
5602994000 773640.499919891
5609804000 774220.165346146
5616623000 777858.886452675
5623435000 778449.576702118
5630248000 782045.77927494
5637064000 783660.878192902
5643871000 785214.56674099
5650680000 788780.460747719
5657496000 789392.017924309
5664305000 791955.552560806
5671121000 793564.747941971
5677940000 797192.835508347
5684763000 796846.50475502
5691596000 799565.898896217
5698411000 801163.672868729
5705226000 803760.265685081
5712048000 805402.509880066
5718861000 807983.358786583
5725672000 808549.647197723
5732487000 811141.515208244
5739318000 811839.236765862
5746122000 814355.155235291
5752929000 814889.964323044
5759739000 816443.662473679
5766560000 816069.759937286
5773379000 818681.296557426
5780193000 820258.207486153
5787007000 821833.937602997
5793824000 822428.551757812
5800642000 823028.672168732
5807455000 824594.170702934
5814283000 827258.805211067
5821095000 828815.252627373
5834718000 833917.919862747
5841542000 835551.071928978
5848358000 836129.544549942
5855170000 838680.088776588
5861984000 840242.825983047
5868800000 842817.755129814
5875616000 844391.502772331
5882448000 845071.045375824
5889268000 847669.170657158
5896077000 848192.570543289
5902894000 851768.27542305
5909707000 853316.057108879
5916523000 852882.713817596
5923339000 853448.189021111
5930157000 852025.852350235
5936973000 850588.964198112
5943819000 850351.428594589
5950640000 848945.593706131
5957452000 848478.418487549
5964259000 846976.643409729
5977872000 844962.874492645
5984684000 844490.981573105
5991505000 843078.057834625
5998341000 841764.197081566
6005155000 840302.123906136
6011970000 839845.552654266
6018785000 838387.800245285
6025601000 836935.54906559
6032416000 835475.434166908
6039236000 835047.548317909
6046042000 833524.933422089
6052852000 832027.867267609
6059662000 832529.621686935
6066484000 831110.372865677
6073303000 831669.896931648
6080114000 829174.790439606
6086923000 828665.142519951
6093735000 827174.357485771
6100551000 825709.114262581
6114180000 823755.042896271
6120995000 822279.575716972
6127811000 821809.607169151
6134611000 820231.583265305
6141421000 817719.177824974
6148234000 817225.630767822
6155048000 815737.582343102
6161866000 816275.068797112
6168682000 815798.015555382
6175495000 816299.745079994
6182309000 815806.972542763
6189120000 815292.984505653
6195944000 814864.631426811
6202755000 816348.281594276
6209573000 813877.495957375
6216387000 814378.817976952
6223199000 812865.604458809
6230014000 812371.24239254
6236830000 811882.376184464
6244030000 809956.234288216
6250851000 808498.321805
6257674000 808052.579057693
6264490000 806558.918187141
6271302000 805037.371253014
6278111000 803494.616301537
6284930000 803017.440203667
6291723000 802365.515441895
6298531000 799812.548845291
6305342000 799278.429338455
6312157000 796769.830461502
6319023000 794600.47168541
6325805000 794869.2348032
6332615000 792323.716430664
6339425000 790777.018634796
6346235000 790229.141412735
6353049000 789706.781007767
6359862000 789176.565904617
6366680000 787678.538906097
6373491000 785132.614925385
6387152000 784297.482208252
6393971000 781801.396316528
6400788000 781290.782187462
6407602000 779758.968186378
6414411000 779192.610874176
6421227000 778671.780771255
6428046000 777169.78562355
6434868000 776686.62387085
6441694000 775228.96575737
6448519000 774763.451037407
6462132000 772582.030135155
6468946000 771039.585712433
6475759000 769489.289540291
6482568000 767911.129835129
6489381000 767358.473425865
6496187000 767757.943609238
6503020000 765336.332420349
6509843000 763846.833095551
6516663000 763336.14013958
6523489000 761864.282649994
6530312000 760371.231527328
6543929000 758188.17051506
6550742000 755624.88229847
6557556000 756067.08247757
6564373000 754528.107903481
6571193000 755007.957017899
6578011000 752473.286560059
6584842000 754024.120061874
6591655000 751453.742992401
6598477000 750942.195830345
6605344000 748729.509101868
6612130000 745975.557994843
6618947000 744427.122022629
6625760000 741850.835698128
6632570000 741253.368053436
6639384000 738681.388097763
6646195000 737088.227515221
6653011000 735527.219322205
6659862000 733198.34866333
6666651000 733454.987103462
6673470000 731910.430743217
6680286000 730344.694624901
6687103000 729784.442565918
6693923000 728243.004832268
6700748000 726733.710295677
6707564000 726163.245731354
6714389000 724651.583503723
6721206000 724085.419067383
6728026000 723538.066353798
6734838000 720936.215940475
6741643000 720286.536162376
6748449000 719642.34269619
6755265000 718063.609506607
6762085000 717510.349444389
6768901000 714929.252552032
6775719000 714360.300778389
6782527000 713723.535425186
6789340000 712118.906163216
6796151000 709499.770853996
6802969000 710926.094101906
6809783000 708324.585371971
6816605000 708775.194004059
6823416000 706151.335969925
6830229000 705539.622014999
6837034000 703873.433578491
6843848000 703266.021657944
6850666000 701684.074547768
6857483000 701094.284007072
6864303000 698523.294792175
6871128000 698984.427110672
6877941000 696364.446261406
6884757000 695763.266564369
6891576000 694180.886457443
6912012000 690286.794122696
6918822000 688639.750431061
6925641000 686051.462801933
6932456000 686435.355326653
6939267000 684791.430086136
6946087000 683206.25588131
6952894000 682533.334316254
6959711000 679925.820687294
6966516000 680237.22369957
6973328000 678594.057020187
6980142000 674963.026446342
6986947000 674270.89360714
6993763000 672650.818502426
7000572000 669982.958744049
7007376000 669280.632805824
7014239000 668969.907045364
7021029000 666172.017185211
7027840000 663512.749714851
7034650000 661845.645745277
7041467000 660223.958222389
7048285000 657607.745227814
7055097000 656950.412796021
7061912000 653311.868347168
7068728000 652678.798598289
7075550000 649084.481463432
7082364000 646435.736639977
7089176000 644772.50032711
7095992000 641134.70456028
7102804000 641469.107316971
7109619000 636822.29441452
7116428000 636134.372475624
7123238000 634451.925930977
7130058000 631834.842962265
7136877000 630209.922973633
7143689000 628537.242769241
7150502000 625870.036226273
7157311000 624175.034790039
7164119000 621472.200842857
7170940000 619854.680546761
7177777000 618342.426398277
7184593000 614689.272284508
7191398000 613961.756528854
7198208000 612266.325913429
7205022000 609596.325446129
7211836000 608925.1441679
7218646000 606226.173890114
7225455000 604519.372313499
7232273000 601871.256962776
7239087000 601195.353305817
7245905000 598544.874251366
7252718000 596859.957098007
7259529000 594160.557465553
7266341000 591466.628894806
7273153000 592771.520205498
7279965000 586075.231397629
7286787000 586444.26561451
7293598000 584738.964696884
7300418000 581092.333716393
7307233000 580411.27087307
7314043000 578695.778768539
7320855000 575992.406132698
7334485000 571622.015113831
7341299000 569928.398939133
7348112000 568226.95320034
7354929000 566550.921319962
7361739000 563827.168733597
7368559000 563168.719067574
7375419000 561775.008929253
7382245000 559154.073861122
7389058000 557445.533550262
7395897000 554908.648802757
7402717000 553244.274618149
7409540000 551598.659118652
7416357000 548911.977574348
7423177000 547244.054715157
7429959000 546322.37541008
7436791000 543731.851349831
7443619000 542113.554929733
7450446000 540487.426689148
7457274000 537866.759105682
7464047000 536879.38656044
7470877000 535269.648454666
7477665000 532379.614702225
7484464000 530561.507287979
7491286000 529895.061867714
7498107000 527220.787920952
7504926000 527532.041204453
7511740000 524808.888977051
7518558000 523111.133617401
7525377000 519418.840306282
7532200000 519751.940741539
7539008000 516984.198752403
7545816000 515215.278030396
7552638000 514538.188319206
7559505000 512158.86707592
7566329000 510492.688796043
7573155000 507838.612298965
7579988000 507229.850831032
7586804000 504506.976331711
7593617000 502762.992795944
7600430000 500017.828794479
7607251000 500324.621642113
7614073000 497636.873241425
7620891000 496921.373986244
7627709000 494204.692533493
7634522000 492453.621530533
7641306000 490508.77243042
7648078000 488483.059387207
7654889000 485715.177212715
7661710000 485012.523058891
7668531000 483308.685667038
7675361000 481663.428924561
7682192000 480023.626076698
7688973000 478050.63226223
7695731000 476923.751034737
7702526000 475041.378760338
7709349000 472343.740152359
7716177000 471678.114582062
7723010000 469044.499444962
7729835000 466356.584529877
7736666000 464707.318224907
7743493000 464030.310413361
7750325000 460385.309907913
7757149000 459686.015530586
7763977000 458012.089585304
7770722000 456786.023501396
7777494000 453738.021940231
7784321000 453053.925466537
7791147000 450362.006183624
7797982000 447728.637749672
7804802000 447994.52411747
7811622000 446259.227593422
7818453000 443595.752900124
7825272000 441851.452065468
7832103000 441185.606036186
7838918000 439412.392940521
7845688000 437339.374203682
7852432000 435092.65571785
7859235000 434236.290187836
7866031000 433332.298575401
7872811000 430320.965818405
7879591000 428308.464004517
7886360000 426221.807411194
7893168000 423392.746386528
7899963000 423476.255272865
7906742000 421452.437166214
7913526000 420460.6222229
7920300000 419401.294816971
7927099000 415506.651175499
7933887000 416537.859488487
7940659000 412461.75702858
7947451000 411517.158517838
7954252000 409631.08686161
7961002000 408405.547383308
7967779000 408357.940050125
7974549000 406262.734934807
7981334000 404265.85396862
7988126000 402314.229564667
7994925000 400407.85809803
8001722000 398487.046748161
8008532000 397651.275938034
8015338000 394787.798560143
8022138000 393883.353466034
8028933000 392944.57520771
8035733000 390037.779049873
8042503000 388930.874093056
8049294000 386962.0528965
8056060000 383826.290102005
8062836000 381755.668852806
8076417000 377803.200070381
8083200000 373775.481209755
8089978000 370713.442819595
8096768000 368729.792642593
8103559000 365751.599499702
8110312000 363520.317447662
8117085000 358420.459598541
8123867000 356379.096337318
8130688000 353595.088582993
8137473000 350571.265140533
8144285000 347725.240597725
8151052000 345579.760919571
8157879000 342830.806348801
8164693000 340994.502623558
8171514000 337203.412783623
8178330000 334378.001502991
8185146000 332551.408718109
8191962000 329723.634428978
8198778000 327894.678635597
8212376000 321007.912207603
8219146000 318870.594103813
8225965000 317056.805446625
8232788000 312268.339265823
8239547000 311054.619849205
8246303000 307819.860870361
8253057000 305570.689616203
8259810000 302313.732686996
8266630000 300499.51750946
8273455000 295717.245547295
8280276000 293907.288765907
8287102000 291129.273118973
8293925000 288330.198395729
8300731000 285417.322772026
8307487000 283172.051347733
8314292000 280250.204115868
8321110000 276413.291314125
8327930000 273588.443986893
8334713000 271517.338236809
8341479000 269332.46304512
8348241000 267119.930342674
8355066000 264323.493020058
8368729000 260813.160876274
8375556000 259026.412667274
8382375000 257185.499526024
8389208000 254436.115729332
8396040000 252678.922422409
8402869000 250900.67626667
8409733000 248353.00555706
8416559000 246552.516545296
8423378000 245704.49270153
8430179000 242736.104076385
8436932000 242448.728104591
8443835000 240153.325899124
8450597000 237923.191086769
8457395000 235930.232995987
8464194000 233942.720003128
8470967000 231781.906246185
8477736000 229593.4457407
8484490000 227304.522155762
8491278000 225239.507656097
8498085000 222299.092008591
8504862000 221158.917897224
8511655000 219123.482382774
8518460000 217166.301211357
8525270000 215241.036431313
8532085000 213347.685447693
8538897000 211433.29789257
8545692000 210405.21916008
8552482000 208342.875564575
8559275000 205299.213320732
8566080000 202333.790885925
8572887000 201380.425970078
8579647000 200114.863280296
8593248000 196116.235639572
8600055000 194158.167564392
8606862000 191198.921102524
8613671000 191251.729392052
8620484000 187329.824186325
8627305000 186459.668294907
8634114000 183508.936577797
8640924000 181563.641655922
8647724000 180551.010282516
8654498000 177365.199148178
8661304000 176389.912488937
8668101000 173353.911125183
8674914000 171422.575021744
8681721000 168450.36942482
8688524000 167450.526779175
8695341000 164542.110023499
8702145000 163546.525270462
8708946000 160529.920732498
8715770000 160664.261257172
8722584000 158731.279512405
8729386000 156717.753442764
8736193000 154736.117984772
8743024000 152912.022850037
8749843000 151007.383737564
8756676000 150194.143133163
8763493000 148273.910984039
8770306000 146326.046640396
8777126000 145423.288719177
8783940000 143479.674472809
8790761000 141581.16387558
8797569000 139595.515439987
8804383000 139648.358587265
8811199000 137713.244012833
8817980000 135545.549892426
8824800000 134634.523176193
8831613000 133676.036384583
8838435000 131775.866802216
8845253000 129848.070919037
8852002000 128462.967853546
8858793000 127354.340496063
8865581000 125224.70980072
8872356000 124007.977415085
8879156000 122955.323135376
8885980000 122060.124351501
8892792000 120084.42764473
8899600000 117081.113628387
8906407000 116070.011753082
8913233000 113183.301561356
8920039000 112163.230848312
8926857000 109221.285348892
8933671000 106251.723924637
8940540000 104644.435821533
8947355000 101679.111328125
8954140000 99514.3683757782
8960932000 97394.7088088989
8967751000 95452.2802848816
8974539000 93303.8400878906
8981315000 91074.9414463043
8988182000 88446.1162891388
8994975000 86327.1834354401
9001796000 86392.0645999908
9008616000 83449.1560020447
9015415000 82366.3311252594
9022213000 80275.7244510651
9029020000 79243.3965606689
9035837000 77275.9486103058
9042650000 75280.8961715698
9049471000 73337.5071563721
9056281000 73320.2764625549
9063104000 70387.7331562042
9070315000 69016.7306842804
9077130000 68028.9139289856
9083950000 66072.9390602112
9090771000 65122.3857345581
9097586000 63131.0235977173
9104395000 62098.8557682037
9111212000 61118.3401870728
9118020000 59077.209072113
9124793000 55803.7742786407
9131590000 54687.654384613
9138381000 51530.7402191162
9145526000 49710.1320362091
9152333000 46656.4569473267
9159166000 43773.2735805511
9166002000 40908.7103767395
9172840000 40056.1634197235
9179679000 39209.0294933319
9186519000 36367.3080749512
9193368000 34583.8132553101
9200203000 31706.702331543
9207037000 30821.8018264771
9213880000 27995.1253108978
9220715000 27114.4488697052
9227933000 24760.7490062714
9234879000 23610.3154850006
9241696000 21607.1781215668
9248533000 19734.8673782349
9255369000 17854.7675914764
9262208000 16993.2795829773
9269015000 15919.4052143097
9275801000 14705.7581367493
9289453000 12802.9013004303
9296273000 11810.1001663208
9303091000 10802.9180698395
9309915000 9834.14694786072
9316736000 8844.39547920227
9323560000 7873.25631904602
9330393000 7960.31795501709
9337224000 7032.99584770203
9344041000 6012.11511421204
9350860000 5003.24816703796
9357672000 4947.0151424408
9364490000 2929.18684387207
9371310000 1923.37095451355
9378127000 -1103.41921234131
9384946000 881.802677154541
9391769000 -107.770854949951
9398578000 -3190.88082122803
9405402000 -4176.2233543396
9412220000 -4202.32773208618
9419033000 -6262.59474182129
9425854000 -6271.27490615845
9432669000 -8320.71275138855
9439488000 -8344.94948577881
9446303000 -10396.7503414154
9453126000 -11396.9705886841
9459948000 -13404.9698200226
9466774000 -14387.773141861
9473605000 -15338.7879390717
9480434000 -16304.1784992218
9487250000 -18356.4816551208
9494068000 -18396.7779579163
9500890000 -21411.8804359436
9507713000 -20421.5726661682
9514557000 -21293.9820079803
9521383000 -21286.2652950287
9528212000 -21259.9536247253
9535036000 -23267.7936553955
9541875000 -24177.9235134125
9548699000 -24188.1347064972
9555521000 -23212.7154121399
9562347000 -25212.1099338531
9569173000 -26212.6894283295
9575991000 -26267.1906604767
9582808000 -27329.4660129547
9589612000 -27478.6159515381
9596436000 -27497.1117248535
9603268000 -29464.0605583191
9610077000 -30583.7947063446
9616867000 -29829.9379920959
9623697000 -29813.618473053
9630529000 -30785.303899765
9637359000 -28771.3574542999
9644182000 -30804.7299003601
9651006000 -30832.6960906982
9657853000 -31710.2762413025
9664670000 -32786.7438640594
9671460000 -32042.3143558502
9678256000 -32259.5203876495
9685074000 -33332.9359207153
9692281000 -33844.357000351
9699086000 -34005.8609256744
9705902000 -34096.0658321381
9712725000 -34141.3319168091
9719561000 -35102.1321563721
9726395000 -35077.2973861694
9733208000 -35192.0004043579
9740027000 -34268.356344223
9746878000 -35135.0868282318
9753706000 -36154.5252246857
9760530000 -36201.4988956451
9767354000 -37249.6568489075
9774179000 -36292.4120235443
9.781e+09 -37362.6993560791
9787807000 -36526.3838443756
9794596000 -37809.8043651581
9801341000 -38384.197063446
9808087000 -38953.1605873108
9814862000 -38332.2868614197
9821678000 -38442.5607070923
9835287000 -38818.1194343567
9842106000 -39912.1778240204
9848918000 -39053.5148391724
9855743000 -40110.4272193909
9862557000 -41240.9571075439
9869364000 -43418.7602481842
9876189000 -43479.2214736938
9.883e+09 -45633.0473537445
9889815000 -44761.7165470123
9896649000 -44766.4720191956
9903468000 -44871.1717529297
9910226000 -45378.653301239
9917038000 -44531.7915000916
9923852000 -46672.9433193207
9930649000 -44927.1882362366
9937437000 -45241.8542118073
9944234000 -45498.4474277496
9951053000 -44611.3993091583
9957882000 -43659.7098999023
9964699000 -42788.193025589
9971517000 -41911.2759647369
9978302000 -42252.742603302
9985113000 -39424.2560520172
9991947000 -39445.5743751526
9998763000 -37586.5446338654
10005582000 -35708.9528846741
10012391000 -32898.3536491394
10019217000 -29977.0594921112
10026028000 -24155.6600589752
10032854000 -19236.7332458496
10039672000 -15371.6338310242
10046508000 -18389.2742786407
10053313000 -20612.0818138123
10060136000 -23717.6309452057
10066957000 -25837.523229599
10073740000 -27208.6173362732
10080558000 -27350.6072978973
10087375000 -26500.3585453033
10094181000 -28723.6597309113
10101001000 -31856.0365428925
10107820000 -34996.1748161316
10114627000 -39216.4363994598
10121375000 -41825.9916305542
10128114000 -46495.9073944092
10135247000 -50575.29429245
10141993000 -52201.5435943604
10148789000 -55500.0738105774
10155611000 -58628.767370224
10162421000 -60837.5706977844
10169240000 -64988.3603744507
10176061000 -65127.1789245605
10182887000 -67234.2974090576
10189699000 -68434.6716938019
10196521000 -69570.4629516602
10203346000 -71687.7093753815
10210169000 -71819.2923583984
10216990000 -72965.2108631134
10223817000 -73072.8588829041
10230636000 -73234.2957992554
10237464000 -73337.7377986908
10244284000 -73494.9662647247
10251112000 -73600.7782154083
10257943000 -71688.051574707
10264779000 -72743.6387519836
10271602000 -71885.8816413879
10278428000 -73009.585767746
10285256000 -73121.3267555237
10292074000 -71299.9922523499
10298896000 -71453.5451011658
10305698000 -70739.7522907257
10312522000 -71882.5221157074
10319325000 -73164.5132293701
10326142000 -76355.6590938568
10332984000 -80383.6657009125
10339785000 -82682.3423347473
10346610000 -86824.4553318024
10353430000 -91000.6145763397
10360252000 -92164.812412262
10367083000 -96271.0460395813
10373904000 -97444.1844100952
10380724000 -97625.0776500702
10387547000 -100787.439413071
10394327000 -101233.550291061
10401152000 -104385.130235672
10407976000 -105544.465745926
10414805000 -108672.131719589
10421623000 -109873.260192871
10428417000 -111233.26086235
10435159000 -112936.088150024
10442004000 -114963.353942871
10448796000 -115340.015907288
10455618000 -116520.759304047
10462445000 -117669.838529587
10469270000 -119833.241832733
10476088000 -121043.814193726
10482916000 -123189.878442764
10489739000 -125369.972646713
10496610000 -126235.953985214
10503765000 -129237.680761337
10510587000 -131427.961027145
10517405000 -131645.697496414
10524221000 -134877.752120972
10531039000 -137097.852636337
10537899000 -138043.29475975
10544718000 -140259.199497223
10551535000 -140489.421350479
10558358000 -139681.422380447
10565195000 -139782.670202255
10572019000 -138970.474760056
10578845000 -140146.330417633
10585673000 -139310.238214493
10592495000 -139514.729141235
10599324000 -138674.441160202
10606155000 -138822.207403183
10612983000 -139990.857524872
10619808000 -139180.389965057
10626637000 -139344.845525742
10633465000 -139517.052307129
10640295000 -138677.314699173
10647131000 -139799.374324799
10653954000 -140007.963253021
10660784000 -140171.784561157
10667633000 -140212.069894791
10674466000 -139358.574752808
10681303000 -139480.011070251
10688142000 -139589.508562088
10694979000 -139713.322820663
10701810000 -138877.706661224
10708645000 -139017.024051666
10715475000 -139190.345123291
10722285000 -139496.111419678
10729120000 -138638.987894058
10735944000 -137855.241025925
10749618000 -138120.681665421
10756441000 -138347.054224014
10763274000 -139508.991703033
10770106000 -138678.678316116
10776953000 -138751.128688812
10783785000 -136923.192024231
10790619000 -137083.320005417
10797463000 -138179.025426865
10804277000 -137472.747810364
10811115000 -137610.194574356
10817949000 -136775.072528839
10824791000 -136888.655540466
10831629000 -137029.669740677
10838473000 -138132.513151169
10845291000 -137407.102977753
10852123000 -137591.040019989
10858922000 -137992.626565933
10865761000 -137133.016929626
10872585000 -136372.983596802
10879418000 -136555.104017258
10886243000 -135790.882030487
10893067000 -137034.403274536
10899895000 -135252.875087738
10906719000 -134498.765583038
10913541000 -134758.956518173
10920370000 -134974.425697327
10927195000 -135217.311819077
10934020000 -134461.382568359
10940847000 -133693.523174286
10947667000 -133972.749582291
10954498000 -133181.031463623
10961316000 -133475.739294052
10968139000 -134738.845863342
10974964000 -132990.023332596
10981800000 -133170.265649796
10988643000 -132305.803228378
10995473000 -133527.759635925
11002298000 -129783.681512833
11009119000 -131067.01061058
11015936000 -130377.744850159
11022749000 -128715.882148743
11029574000 -129976.538366318
11036394000 -127271.153987885
11043218000 -126540.733377457
11050048000 -125772.169397354
11056878000 -126004.791778564
11063708000 -125238.600524902
11070531000 -123519.474241257
11077353000 -122808.085803986
11084178000 -121078.219734192
11090993000 -119415.073951721
11097828000 -118622.041471481
11104665000 -117817.090652466
11111488000 -116105.07126236
11118315000 -116368.024318695
11125145000 -114612.504602432
11131978000 -112838.51367569
11138804000 -110111.576608658
11145631000 -107379.272338867
11152454000 -106674.361402512
11159289000 -105892.012441635
11166114000 -105176.368141174
11172892000 -100769.828168869
11179667000 -100384.110496521
11186479000 -97757.1680335999
11193252000 -97386.8933334351
11199982000 -94299.4694252014
11206791000 -92695.698217392
11213524000 -90590.9402370453
11220274000 -88375.9804191589
11227037000 -86077.0279502869
11233832000 -84569.6407852173
11241011000 -83548.3215198517
11247774000 -80252.9357070923
11254587000 -77631.2427692413
11261411000 -75938.6887359619
11268232000 -73266.9661598206
11275050000 -69616.0734806061
11281868000 -68966.3629970551
11295493000 -62742.520647049
11302318000 -59050.5175056458
11309136000 -57405.5351219177
11315963000 -54702.8043308258
11322777000 -51086.3785896301
11329601000 -48405.6586780548
11336408000 -45837.4275665283
11343238000 -43119.7903556824
11350048000 -41534.2790641785
11356869000 -38877.932346344
11363680000 -35288.2351818085
11370878000 -31166.2403297424
11377701000 -25500.414440155
11384539000 -19737.5809669495
11391375000 -12989.0284919739
11398190000 -6379.12528800964
11404997000 -1822.76789093018
11411800000 3706.22949028015
11418630000 7410.77119827271
11425462000 11127.2166633606
11432276000 12724.6671085358
11439099000 13379.8391647339
11445927000 14066.5499858856
11452714000 13483.7561073303
11459511000 12965.2327003479
11466332000 10602.5908737183
11473154000 9245.30965614319
11479968000 4834.4954624176
11486787000 1455.21796035767
11493629000 -2774.74556541443
11500459000 -7084.41746330261
11507291000 -11382.1897621155
11514116000 -14726.9487609863
11520942000 -20066.3497543335
11527775000 -23361.1385116577
11534610000 -28644.0301074982
11541446000 -32921.567691803
11548324000 -34925.5324039459
11555142000 -39323.205904007
11561980000 -45591.2298297882
11568814000 -46886.6085567474
11575651000 -51163.5513153076
11589289000 -55956.4753875732
11596101000 -60400.4962825775
11602926000 -63760.6701831818
11609766000 -68023.9231109619
11616594000 -69366.8482704163
11623434000 -72632.4787902832
11630258000 -76003.9367790222
11637082000 -79376.5790462494
11643910000 -80724.2475738525
11650740000 -83060.0231075287
11657947000 -85931.7244777679
11664773000 -90296.0941200256
11671599000 -89661.6487369537
11678428000 -93008.7724456787
11685253000 -95383.2359828949
11692085000 -97713.1161899567
11698909000 -100096.488302231
11705727000 -102520.272291183
11712939000 -105369.363296509
11719763000 -106756.354543686
11726590000 -108124.917861938
11733411000 -109533.889875412
11740248000 -113839.45224762
11747067000 -114263.867275238
11753881000 -114722.148386002
11760706000 -115109.708429337
11767515000 -118603.034877777
11781170000 -119351.392473221
11787995000 -119743.689115524
11794812000 -120189.455717087
11801644000 -121538.371770859
11808478000 -123875.404243469
11815300000 -123292.046216965
11822138000 -124605.312221527
11828934000 -125194.228916168
11835751000 -123647.093044281
11842566000 -126114.207925797
11849395000 -125491.024059296
11856223000 -125875.560314178
11863037000 -124352.757284164
11869854000 -124811.533786774
11876675000 -125245.357801437
11883499000 -124660.764818192
11890318000 -124110.02230835
11903937000 -123136.209857941
11910757000 -123582.478967667
11917576000 -122036.463516235
11924398000 -123472.033493042
11931220000 -121908.787054062
11938042000 -121346.72420311
11944865000 -121779.313083649
11951678000 -120278.402675629
11958493000 -120765.609722137
11965311000 -120234.403936386
11978918000 -120364.937507629
11985733000 -120856.865718842
11992551000 -120330.383174896
11999374000 -119772.430503845
12006194000 -120235.252641678
12013013000 -119705.787788391
12019815000 -119288.514537811
12026639000 -118728.762968063
12033453000 -118235.491657257
12040653000 -118223.045106888
12047470000 -119712.614583969
12054291000 -119177.249641418
12061114000 -118630.010147095
12067936000 -119090.483308792
12074758000 -121552.140052795
12081574000 -121054.150630951
12088394000 -120531.22990799
12095218000 -120983.379968643
12102035000 -122482.409284592
12108852000 -122982.620452881
12115682000 -123399.155879974
12122500000 -124895.20567131
12129319000 -125385.910499573
12136145000 -125832.108968735
12142967000 -126305.599660873
12149789000 -128780.27394104
12156609000 -130269.184738159
12163429000 -131759.278427124
12170253000 -133224.450531006
12177068000 -134749.540424347
12183897000 -136184.450666428
12190721000 -140653.174915314
12204370000 -143587.651002884
12211571000 -146599.975757599
12218385000 -147138.751672745
12225190000 -150737.430896759
12232006000 -155265.517778397
12238824000 -157781.737415314
12245650000 -160246.945638657
12252464000 -161791.627170563
12259293000 -166239.631694794
12266112000 -169754.059041977
12272930000 -172276.192443848
12279755000 -176753.844703674
12293388000 -182823.593887329
12300210000 -186324.36551857
12307075000 -188545.847221375
12314285000 -192518.278652191
12321112000 -194990.064407349
12327986000 -197156.496398926
12334791000 -201774.143505096
12341608000 -205314.707172394
12348441000 -210752.107290268
12355264000 -213255.908950806
12362086000 -218767.415784836
12368919000 -222208.374469757
12375741000 -225722.25038147
12382562000 -229243.830600739
12389387000 -233740.511873245
12396218000 -237199.25553894
12409911000 -244918.182243347
12416740000 -247393.531126022
12423561000 -248922.22344017
12430407000 -252289.111413956
12437233000 -253787.577896118
12444059000 -255287.229351044
12450884000 -256794.584762573
12457705000 -260329.200033188
12464534000 -262812.849464417
12471358000 -265330.277217865
12478180000 -267861.925827026
12498665000 -276340.135591507
12505490000 -278856.969057083
12512311000 -281401.056833267
12519133000 -284939.810598373
12526006000 -288147.377267838
12532823000 -291721.091543198
12539639000 -294302.504396439
12553297000 -301299.448789597
12560130000 -305773.635194778
12566962000 -308255.525037766
12573783000 -310810.276357651
12580623000 -314242.412942886
12587443000 -317806.049545288
12594274000 -321299.2003479
12601106000 -322787.022699356
12607942000 -328249.972158432
12614768000 -329779.258207321
12621599000 -334277.15602684
12628409000 -337913.044363022
12635239000 -342419.826248169
12642068000 -345934.308618546
12648897000 -349449.977003098
12655720000 -352005.914039612
12662540000 -356582.575805664
12669360000 -360160.420465469
12676187000 -363693.855249405
12683024000 -369163.34457016
12689852000 -372692.638828278
12696673000 -377268.707872391
12703497000 -381826.422481537
12710373000 -385046.677433014
12717200000 -389587.232999802
12724031000 -394102.925746918
12730863000 -397613.29334259
12737693000 -400137.871370316
12744553000 -404468.290346146
12751392000 -407936.644254684
12758206000 -409568.966804504
12765023000 -414182.937187195
12771850000 -416732.981225967
12778673000 -421310.253170013
12785496000 -424888.709047318
12792328000 -428409.756166458
12799159000 -431938.500471115
12805994000 -434442.391683578
12812838000 -435888.88299942
12819670000 -439414.680786133
12826493000 -442000.250497818
12833325000 -444528.420835495
12840155000 -448070.796396255
12846980000 -450646.902864456
12853806000 -453217.685222626
12860637000 -452757.10974884
12867467000 -452304.229373932
12874300000 -451833.010719299
12881136000 -452343.455350876
12887959000 -452939.690690994
12894797000 -455439.4945755
12901627000 -456992.54775238
12908450000 -457592.338710785
12915284000 -459121.734710693
12922109000 -462710.881446838
12928933000 -465307.719633102
12935749000 -467957.795307159
12942580000 -470511.455322266
12949405000 -473105.339870453
12956235000 -475667.878395081
12963073000 -479179.555633545
12969910000 -480698.927797318
12976748000 -482212.983148575
12983590000 -484702.205905914
12990410000 -488335.73493576
12997265000 -489742.768808365
13004090000 -492346.145122528
13010918000 -494931.191848755
13017740000 -497556.451637268
13024568000 -500143.868658066
13031398000 -498719.462909698
13038219000 -497354.779928207
13045007000 -495205.907964706
13051823000 -492876.104230881
13058644000 -491514.96437645
13065456000 -489213.537927628
13072272000 -486887.27888298
13085883000 -486374.864789963
13092709000 -484987.120025635
13099525000 -486665.585090637
13106339000 -485358.236286163
13113159000 -486013.055458069
13119984000 -487636.54769516
13126790000 -488384.758609772
13133586000 -489199.163761139
13140413000 -491813.198652267
13147242000 -492415.416320801
13154078000 -491973.312314987
13160905000 -493590.905082703
13167724000 -495261.689178467
13174544000 -493927.155244827
13181378000 -494502.798538208
13188188000 -496235.635124207
13195022000 -496813.649755478
13201854000 -499405.851903915
13208683000 -501018.740240097
13215510000 -501645.81366539
13222347000 -503209.078788757
13229175000 -504832.025403976
13236005000 -504443.159656525
13242828000 -505100.972164154
13249647000 -505785.963277817
13256519000 -506127.716753006
13270157000 -509503.630083084
13276989000 -510108.886919022
13290646000 -511368.445138931
13297465000 -510061.728807449
13304268000 -509860.151477814
13311027000 -508945.623838425
13317829000 -507752.889835358
13324654000 -508411.906991959
13331466000 -509156.564405441
13338319000 -508636.04898262
13345141000 -510318.111339569
13351944000 -509124.782541275
13358742000 -507965.110212326
13365570000 -508611.741546631
13372370000 -509441.433855057
13379131000 -509525.621736526
13385885000 -510656.438552856
13392661000 -510645.524791718
13399489000 -511298.04609108
13406277000 -512211.540428162
13413104000 -514872.920629501
13419924000 -514580.946516037
13433491000 -513474.608356476
13440283000 -513367.997203827
13447106000 -514061.256198883
13453931000 -514742.712181091
13460750000 -513464.312587738
13467565000 -513213.068042755
13474380000 -510963.004653931
13481189000 -512753.07910347
13487980000 -511661.199548721
13494803000 -511362.734968185
13501615000 -513136.869178772
13508435000 -510860.246814728
13515259000 -511558.839689255
13522079000 -512284.583803177
13528906000 -511966.0698452
13535721000 -512726.63792038
13542544000 -512436.457399368
13549361000 -514186.407083511
13556194000 -514833.684663773
13563022000 -515514.603139877
13569835000 -515294.065160751
13576648000 -517074.707645416
13583459000 -517869.510951996
13590273000 -519646.024013519
13597080000 -521469.146713257
13603908000 -521157.164964676
13610714000 -522989.137556076
13617517000 -523841.756126404
13624337000 -523585.23633194
13631160000 -524310.432531357
13637987000 -526010.857496262
13644813000 -527718.956401825
13651615000 -527583.96295929
13658424000 -528404.728269577
13665253000 -530096.910682678
13672054000 -528971.941017151
13678863000 -531796.245641708
13685678000 -533582.803871155
13692506000 -535286.206983566
13699333000 -535997.282999039
13706154000 -537748.466684341
13712966000 -538559.215572357
13719792000 -540280.330617905
13726614000 -542028.576786041
13733422000 -545868.815645218
13740233000 -546690.774663925
13747054000 -548449.05327034
13753879000 -551182.571739197
13760678000 -553085.90228653
13767466000 -554061.748941422
13774257000 -555019.311435699
13781074000 -552809.432796478
13787897000 -551561.826131821
13794725000 -551282.979370117
13801528000 -548167.434089661
13808348000 -547942.829998016
13815170000 -544706.440225601
13821988000 -544497.170488358
13828810000 -543263.147195816
13842416000 -540045.0278759
13849231000 -537859.932682037
13856050000 -535650.085660934
13862869000 -534441.421186447
13869688000 -534233.939256668
13876475000 -531235.087112427
13890098000 -526923.260578156
13896909000 -524772.35833168
13903710000 -524687.456197739
13910539000 -523422.238271713
13917349000 -521281.358411789
13924197000 -519895.360464096
13931013000 -516717.958000183
13937832000 -515522.293540955
13944651000 -515327.811626434
13951471000 -515128.031438828
13958281000 -512994.240604401
13965097000 -511822.746355057
13971916000 -510632.992712021
13978728000 -509489.782497406
13985548000 -509295.912778854
13992361000 -507148.584409714
13999180000 -507963.558864594
14006005000 -509740.839271545
14012799000 -509720.161342621
14019634000 -510435.014760971
14026449000 -513280.634527206
14033271000 -516082.084276199
14040083000 -517949.503269196
14046832000 -520226.241168976
14053651000 -522050.661937714
14060434000 -525109.474973679
14067250000 -526955.688215256
14074078000 -529725.350542068
14080900000 -531535.063703537
14087669000 -533689.260269165
14094479000 -535579.057596207
14101296000 -535424.695281982
14108111000 -537284.468492508
14114930000 -540119.516210556
14121756000 -540910.411052704
14128587000 -543670.109291077
14135397000 -544566.993215561
14142134000 -546937.802349091
14148875000 -547283.862560272
14155711000 -549015.893899918
14162526000 -549885.098175049
14169317000 -551910.890304565
14176523000 -552250.688257217
14183352000 -553032.850698471
14190165000 -554919.795137405
14196988000 -555743.174285889
14203815000 -558541.839757919
14210638000 -558367.587463379
14217466000 -559162.148830414
14224283000 -560029.108558655
14231103000 -562877.829013824
14237964000 -564462.317466736
14244744000 -565572.345237732
14251566000 -566411.668165207
14258397000 -568193.917554855
14265226000 -571990.29933548
14272052000 -574807.285129547
14278864000 -573716.070802689
14285689000 -575541.896434784
14292504000 -577433.628156662
14299314000 -579358.900901794
14306133000 -580227.106874466
14312947000 -581128.853523254
14319770000 -582973.537906647
14326613000 -584689.980636597
14333436000 -586537.036355972
14340248000 -588456.456258774
14347068000 -588325.290210724
14353900000 -590117.660032272
14367519000 -592997.12156105
14374329000 -594935.386171341
14381142000 -594855.420530319
14387971000 -596673.119853973
14394787000 -597576.10928154
14401606000 -598460.872095108
14408434000 -599288.594671249
14415265000 -599098.095840454
14422074000 -598051.098443985
14428888000 -596972.936733246
14435710000 -599844.207799911
14442528000 -599742.535776138
14449346000 -596642.045951843
14456163000 -591549.20630455
14462976000 -589483.419757843
14469795000 -590380.00784874
14476616000 -590264.84355545
14483441000 -593124.993337631
14490264000 -592999.261981964
14497085000 -594887.648445129
14503898000 -596828.952308655
14510681000 -598965.434558868
14517490000 -600934.959852219
14524293000 -604944.461734772
14531118000 -605812.886896133
14537937000 -607721.292110443
14544756000 -606630.879869461
14551586000 -606470.529043198
14558410000 -609350.156879425
14565232000 -613243.89941597
14572066000 -614061.245100021
14578886000 -615970.286617279
14585708000 -616867.581645966
14592512000 -618882.42155838
14599320000 -619872.581443787
14606129000 -621857.455890656
14612942000 -622817.653429031
14619765000 -622714.393194199
14626583000 -622644.63514328
14633793000 -623042.378343582
14640621000 -622910.419723511
14647379000 -624232.06520462
14654164000 -627380.372541428
14660952000 -629510.462331772
14667730000 -629706.349975586
14674507000 -629909.86841774
14681326000 -631843.140026093
14688140000 -636809.904602051
14701688000 -639263.915313721
14708510000 -637182.515928268
14715329000 -635121.684305191
14722149000 -632055.574007034
14728922000 -629294.315807343
14735705000 -623469.615501404
14742492000 -616620.24247551
14749297000 -609655.75138855
14756109000 -601647.2155056
14762930000 -598581.718093872
14769745000 -597556.163974762
14776551000 -596589.929540634
14783369000 -595547.357191086
14790161000 -593673.913772583
14796966000 -593717.672430038
14803775000 -591736.77220726
14810525000 -591138.130376816
14817276000 -590534.188482285
14824025000 -590944.322921753
14830755000 -589478.326446533
14837499000 -586923.06583786
14844241000 -584381.878133774
14850986000 -582822.472587585
14857795000 -580850.926727295
14864588000 -577983.881498337
14871359000 -575260.073158264
14878161000 -572337.255947113
14891778000 -566411.211711884
14898602000 -564349.878601074
14905421000 -562322.012565613
14912243000 -559275.959915161
14919061000 -556256.915700912
14925870000 -552297.158031464
14932690000 -549267.564922333
14939500000 -548303.711622238
14946304000 -546379.770864487
14953127000 -544334.355882645
14966728000 -539537.552677155
14973506000 -538786.148889542
14980297000 -535952.002958298
14987091000 -534099.666431427
14993911000 -531080.691768646
15000711000 -531191.982704163
15007502000 -527362.535264969
15014289000 -525560.075839996
15021118000 -523487.735973358
15027919000 -522597.278530121
15034736000 -520604.745073318
15041484000 -519058.657201767
15048289000 -515145.910587311
15055077000 -514344.038463593
15061893000 -514362.66591835
15068709000 -512382.474880219
15075469000 -509764.790420532
15082279000 -508825.665050507
15089099000 -507823.200227737
15095907000 -504899.338867188
15102724000 -502918.59236908
15109546000 -500906.77088356
15116364000 -498921.937763214
15123181000 -496944.737859726
15129990000 -495020.32658577
15136815000 -492993.88360405
15143656000 -492865.417243958
15157289000 -488928.112575531
15164106000 -487958.007766724
15170923000 -484989.084810257
15177741000 -486014.894069672
15184535000 -484196.67257309
15191346000 -482269.98707962
15198168000 -483273.54110527
15204942000 -482587.827878952
15211735000 -481780.755029678
15218557000 -480787.846450806
15225382000 -477776.776195526
15232201000 -479805.580055237
15239022000 -478822.670309067
15245837000 -477879.63120842
15252647000 -477970.011909485
15259455000 -478074.46714592
15266270000 -476134.96944046
15273086000 -476190.205686569
15279906000 -475220.835294724
15286715000 -475323.563276291
15293525000 -476421.023645401
15300340000 -475487.430864334
15307154000 -474561.465583801
15313972000 -474610.896438599
15320790000 -473661.509490967
15327614000 -473674.629810333
15334435000 -470708.271356583
15347981000 -468397.853206635
15354758000 -465718.613571167
15361532000 -464059.876836777
15368350000 -463118.736492157
15375173000 -461146.555286407
15381988000 -459227.113521576
15388808000 -459276.631587982
15395632000 -456301.556179047
15402432000 -455482.319097519
15409217000 -454760.914173126
15416005000 -452021.349309921
15422812000 -450160.531644821
15429646000 -451126.925233841
15436385000 -447706.596731186
15443140000 -447184.337047577
15449965000 -449212.248044968
15456811000 -448106.050405502
15463638000 -448123.449575424
15470466000 -448135.591876984
15477292000 -447161.803878784
15484111000 -444234.293745041
15490928000 -443320.849493027
15497754000 -440350.613637924
15511370000 -434645.57818222
15518109000 -431239.255910873
15524870000 -430692.390884399
15531670000 -425895.503692627
15538480000 -422035.387872696
15545307000 -420066.966623306
15552132000 -417112.610919952
15558955000 -413172.319719315
15565729000 -411548.760957718
15572466000 -408164.63417244
15579281000 -407279.386714935
15586034000 -408794.553844452
15592819000 -409104.830259323
15599644000 -407158.721292496
15606458000 -407284.62298584
15613236000 -404643.493555069
15620060000 -403707.366788864
15626888000 -405746.671457291
15633717000 -404780.723758698
15640543000 -405835.275665283
15647359000 -403955.389442444
15654180000 -404044.497144699
15660990000 -402205.598859787
15667806000 -403329.256980896
15674630000 -403402.600631714
15681444000 -403541.496793747
15688275000 -404572.150722504
15695094000 -403681.229072571
15701879000 -405010.324274063
15708690000 -408173.250860214
15715500000 -407343.793174744
15722271000 -406766.510505676
15729060000 -407074.552768707
15735877000 -404203.574895859
15742696000 -403320.908344269
15749478000 -401677.522758484
15756270000 -398970.957715988
15763096000 -396046.784471512
15769922000 -395123.796201706
15776748000 -393201.992902756
15783566000 -391332.848390579
15790393000 -391406.979600906
15797216000 -389508.031646729
15804042000 -388590.966510773
15810855000 -385758.722263336
15817681000 -382844.02481842
15824501000 -381969.111455917
15831322000 -379088.947975159
15838082000 -379602.370904922
15844886000 -376833.918645859
15851693000 -375047.346256256
15858504000 -378236.22297287
15865325000 -375361.957990646
15872132000 -375578.923877716
15878954000 -371700.591142654
15885764000 -372900.621517181
15892586000 -370024.653875351
15899409000 -369143.43853569
15906224000 -367314.855983734
15913039000 -364487.454587936
15919857000 -362641.942070007
15926683000 -359746.167058945
15933505000 -357877.298675537
15940279000 -355318.265394211
15947091000 -352516.056524277
15953908000 -351682.878303528
15960737000 -349773.725286484
15967484000 -348392.981197357
15974317000 -347460.468471527
15981132000 -347644.868776321
15987942000 -344862.595380783
15994720000 -344287.22479248
16001497000 -343719.451255798
16008277000 -341133.560207367
16015086000 -338362.416399002
16021920000 -337431.747554779
16028740000 -336592.258333206
16042349000 -335116.085538864
16049132000 -331517.956071854
16055948000 -329708.89581871
16062770000 -328862.454315186
16069590000 -327030.050302505
16076431000 -326063.866838455
16083271000 -324105.300165176
16090099000 -323225.040496826
16096920000 -321390.950292587
16104094000 -319289.637447357
16110898000 -318567.215276718
16117721000 -315723.881620407
16124507000 -314119.477424622
16131295000 -312503.393592834
16138110000 -311715.00091362
16144926000 -308921.364356995
16151744000 -307116.059579849
16158562000 -307311.936998367
16172196000 -304720.087120056
16179012000 -302932.359127045
16185884000 -302786.068910599
16192702000 -301987.865989685
16199514000 -301229.387155533
16206334000 -301420.700643539
16213154000 -299613.197021484
16219976000 -298794.030038834
16226779000 -297098.082769394
16233557000 -298563.882043839
16240363000 -296851.016628265
16247182000 -297055.837587357
16253999000 -296274.68561554
16260772000 -295777.287425995
16267560000 -293184.727117538
16274388000 -293336.468864441
16281198000 -290604.984540939
16288016000 -290823.308467865
16294824000 -289107.026828766
16301626000 -288430.450227737
16308418000 -286819.259061813
16315240000 -288016.619945526
16322059000 -286234.426008224
16328873000 -284485.516401291
16335689000 -283724.947240829
16342508000 -281946.29955101
16349330000 -281149.574890137
16356141000 -280424.650125504
16362957000 -279668.807676315
16369777000 -278888.469459534
16376545000 -277443.109670639
16383324000 -275928.306097031
16390153000 -274093.731229782
16396980000 -273273.179628372
16403798000 -273511.579421997
16410614000 -272763.997970581
16417437000 -270972.671283722
16424266000 -269144.020936966
16431081000 -269406.405223846
16437869000 -268843.245485306
16444603000 -265627.797920227
16451330000 -264458.42430687
16458077000 -264161.860099792
16464817000 -262911.371900558
16471555000 -263674.872465134
16478295000 -262426.69452858
16485027000 -260231.002990723
16491772000 -259953.05321312
16498511000 -260714.756719589
16505251000 -260471.19931221
16512040000 -261914.427892685
16518760000 -260801.500061035
16525492000 -259612.736394882
16532232000 -257373.803800583
16538977000 -260103.951438904
16545716000 -260873.745149612
16552459000 -260619.035137177
16559203000 -260359.066955566
16565968000 -261965.554550171
16572754000 -261438.508760452
16586399000 -264919.722465515
16593226000 -266133.243598938
16600057000 -272322.296205521
16606859000 -269698.520875931
16613689000 -271896.354984283
16620519000 -275095.375453949
16627319000 -273487.965312958
16634137000 -274766.304431915
16640956000 -273039.413326263
16647783000 -274262.406785965
16654605000 -275518.645936966
16661425000 -277788.892473221
16668236000 -276118.027448654
16675050000 -276429.107532501
16681860000 -277767.013948441
16688674000 -278080.454961777
16695497000 -280337.377479553
16702296000 -277749.344589233
16709127000 -281957.345306396
16722728000 -281767.937660217
16729531000 -283158.97262001
16736352000 -283435.804666519
16743164000 -285771.508350372
16749978000 -287095.572853088
16756802000 -292356.723415375
16763617000 -289676.74197197
16770444000 -289921.032146454
16777265000 -293204.961370468
16784079000 -294534.935302734
16790894000 -297859.681438446
16797721000 -298108.707517624
16804491000 -298724.189819336
16811294000 -304129.37077713
16818120000 -304388.346672058
16824931000 -302744.623674393
16831753000 -307031.597187042
16838560000 -309415.865219116
16845383000 -306698.796081543
16858953000 -311755.13218689
16865771000 -314073.635175705
16872583000 -315431.759544373
16879409000 -314701.375034332
16886236000 -317965.769313812
16893058000 -318263.37896347
16899880000 -318562.172201157
16906696000 -320900.582996368
16913511000 -320246.580789566
16920312000 -323683.434169769
16927087000 -323287.99760437
16933879000 -325784.843852997
16940671000 -324282.863298416
16954315000 -326898.154628754
16961137000 -327207.57567215
16967956000 -328537.392614365
16974775000 -331868.392103195
16981599000 -330168.555347443
16988417000 -328508.32437706
16995243000 -332798.048316956
17002058000 -330159.392841339
17008870000 -332541.127721786
17015688000 -332885.625370026
17022503000 -332250.513368607
17029322000 -331590.972351074
17036141000 -330932.613876343
17042958000 -334288.242341995
17049778000 -334625.846586227
17056588000 -333028.652231216
17063398000 -333432.637298584
17070216000 -337786.589759827
17077415000 -332702.819181442
17084203000 -335251.236545563
17090997000 -335762.419874191
17097746000 -335562.813253403
17104571000 -336877.917022705
17111407000 -341123.800394058
17118221000 -339511.678443909
17125045000 -341836.736206055
17131861000 -342214.17773819
17138676000 -341599.200538635
17145541000 -340665.425033569
17152348000 -342104.014137268
17159092000 -342946.933956146
17165884000 -341483.85499382
17172710000 -343804.386695862
17179534000 -344138.900817871
17186336000 -342615.367343903
17193099000 -344342.547290802
17199922000 -341686.998054504
17206749000 -343007.040622711
17213579000 -345309.07493782
17220402000 -342657.079408646
17227225000 -346006.267812729
17234008000 -343612.533679962
17240791000 -343219.969640732
17247622000 -348521.520017624
17254394000 -347201.669462204
17261210000 -347601.532714844
17268042000 -351900.233898163
17274918000 -351918.6849823
17281724000 -350386.067173004
17288554000 -352701.124559402
17295373000 -352087.721870422
17302195000 -354456.314907074
17309017000 -354826.091533661
17315837000 -355209.842254639
17322656000 -356601.170959473
17329473000 -358006.472026825
17336300000 -357349.007572174
17343122000 -359724.701259613
17349942000 -360114.36730957
17356763000 -359498.822032928
17363618000 -362667.062534332
17370445000 -360015.526424408
17377267000 -362397.144107819
17384083000 -360818.306510925
17390923000 -365087.21006012
17397744000 -362478.773757935
17404567000 -363858.73469162
17411353000 -366476.414203644
17418144000 -364063.301555634
17424956000 -366517.119625092
17431775000 -363927.371646881
17438602000 -365287.669128418
17445418000 -365719.463512421
17452232000 -366165.222980499
17458983000 -366014.835098267
17465749000 -362769.734615326
17472513000 -361538.580905914
17479282000 -361276.635242462
17486023000 -359194.800861359
17492805000 -359852.101066589
17499616000 -357325.24407196
17506440000 -357716.491512299
17513259000 -355140.874416351
17520048000 -352758.141780853
17526869000 -350172.104789734
17533699000 -352529.743579865
17540440000 -350457.238204956
17547198000 -347277.269115448
17554002000 -345804.558242798
17560821000 -343237.189308167
17567591000 -347984.056789398
17574377000 -344629.870960236
17581175000 -345200.194133759
17587988000 -340675.867538452
17594803000 -338139.945072174
17601623000 -338573.263820648
17608413000 -335199.39995575
17615217000 -333737.281585693
17622055000 -334059.166561127
17628882000 -333452.500946045
17635695000 -332936.440368652
17642499000 -329479.042812347
17649315000 -329946.181274414
17656114000 -327523.073505402
17662932000 -325979.799175262
17669758000 -322386.616981506
17676581000 -323813.778015137
17683393000 -322312.367988586
17690215000 -316748.280712128
17697037000 -317185.377025604
17703854000 -314655.583869934
17710679000 -310075.890834808
17717508000 -309471.842258453
17724337000 -306868.979698181
17731163000 -309286.457237244
17737985000 -305730.657836914
17744805000 -302188.810718536
17751631000 -302609.841445923
17758452000 -298063.977149963
17765276000 -296500.144611359
17772101000 -293931.112697601
17778924000 -295376.032371521
17785748000 -291815.752674103
17792572000 -290256.657253265
17799395000 -289705.129074097
17806262000 -286873.942245483
17813046000 -287573.711448669
17819859000 -283089.560329437
17826681000 -285549.149276733
17833494000 -283067.360645294
17840321000 -282497.405609131
17847147000 -282935.01763916
17853963000 -277437.630363464
17860788000 -274883.992004395
17867612000 -273337.919494629
17874432000 -271818.555473328
17881257000 -273268.46995163
17888066000 -270821.660335541
17894883000 -272324.985542297
17901721000 -268695.505084991
17908538000 -266201.197635651
17915351000 -265733.592082977
17922170000 -265228.887966156
17928993000 -262699.847740173
17935815000 -263178.370937347
17942632000 -264689.974308014
17949443000 -262241.034389496
17956256000 -261780.516300201
17963047000 -263461.512233734
17969832000 -261181.952766418
17976615000 -260916.320991516
17983369000 -259836.8294487
17990172000 -261445.970684052
17996959000 -259158.335887909
18003768000 -260731.561782837
18010590000 -261223.058097839
18017411000 -260722.115409851
18024241000 -259164.960792542
18031054000 -256717.402690887
18037883000 -254168.994739532
18044686000 -253787.567562103
18051510000 -254273.409862518
18058327000 -249805.071071625
18065133000 -248408.052349091
18071942000 -245993.083580017
18085562000 -243153.931915283
18092389000 -244627.741569519
18099214000 -242115.487213135
18106036000 -238623.542976379
18112861000 -240113.657352448
18119683000 -236624.080802917
18126508000 -236116.563911438
18133335000 -235597.482719421
18140151000 -234149.70407486
18146969000 -234690.358695984
18153790000 -232213.073673248
18160611000 -231736.971889496
18167462000 -227070.845352173
18174279000 -226622.608955383
18181093000 -223194.674167633
18187907000 -225767.920188904
18194719000 -224355.092834473
18201527000 -218968.936531067
18208346000 -218513.860801697
18215172000 -221015.360916138
18221988000 -215581.768131256
18228808000 -214123.868694305
18242470000 -209071.441261292
18249279000 -210687.181018829
18256101000 -211221.272361755
18262921000 -207769.289638519
18269708000 -205528.732761383
18276516000 -202155.560005188
18283327000 -201764.454025269
18290155000 -198266.229663849
18296966000 -197877.486171722
18303778000 -198483.552318573
18310594000 -197065.318744659
18317390000 -191775.662399292
18324207000 -189353.418758392
18331017000 -189976.94304657
18337827000 -190601.646755219
18344618000 -184348.542678833
18351431000 -185956.495185852
18358240000 -181591.103153229
18365055000 -181188.67874527
18371872000 -178774.698699951
18378695000 -176323.691139221
18385515000 -174892.971675873
18392336000 -176457.067222595
18399098000 -173398.040763855
18405907000 -173040.902973175
18412727000 -171614.903282166
18419514000 -171400.203716278
18426347000 -168893.792881012
18433172000 -170439.504180908
18439987000 -168050.066795349
18446800000 -165674.543560028
18453619000 -165262.002857208
18460436000 -160863.376995087
18467245000 -160516.860790253
18474054000 -156171.523658752
18480863000 -155827.36561203
18487723000 -154159.748420715
18494530000 -153830.687927246
18501343000 -153464.61516571
18508152000 -149125.182609558
18514970000 -149729.646274567
18521783000 -147367.115085602
18528595000 -144012.128772736
18535411000 -140632.86561203
18549037000 -135916.067173004
18555848000 -131572.166091919
18562618000 -128490.350315094
18569404000 -125307.886100769
18576211000 -122992.965724945
18583021000 -119660.13463974
18589834000 -115309.394405365
18596706000 -111584.43629837
18603493000 -109401.492481232
18610314000 -107003.400665283
18617128000 -103651.027233124
18630697000 -98325.17004776
18644301000 -89781.3437461853
18651103000 -88511.1955795288
18657912000 -86197.696182251
18664714000 -82929.9025382996
18671516000 -81663.2855529785
18678336000 -78283.3542900085
18685154000 -74917.326789856
18691976000 -73527.0404434204
18698790000 -66188.8183784485
18705606000 -62839.0572929382
18712421000 -60496.8374595642
18719239000 -59136.7200813293
18726052000 -54809.5818634033
18732865000 -54483.6241149902
18739687000 -51101.6154060364
18746506000 -48739.8669090271
18753330000 -49347.5074501038
18760145000 -43013.5590133667
18766968000 -40629.924911499
18773765000 -36412.7874145508
18780579000 -35088.7387237549
18787390000 -32784.9443435669
18794200000 -27488.6873970032
18800975000 -27416.1219406128
18807793000 -24071.3592681885
18814574000 -19962.9930343628
18821357000 -17843.0822639465
18828157000 -14616.2760353088
18841801000 -11886.5076599121
18848610000 -3606.03044128418
18855456000 -6091.55648803711
18862249000 -1915.13871002197
18869050000 2310.95157623291
18882660000 6810.44651031494
18889469000 9083.84838867188
18896293000 10451.3971481323
18903104000 12735.1480522156
18909931000 17119.394657135
18916751000 22457.9741401672
18923571000 25795.3707275391
18930389000 25118.8760375977
18937204000 29422.1370697021
18944018000 34717.8630981445
18950841000 35069.5914077759
18957657000 38375.6612586975
18964425000 39375.5897331238
18971239000 40666.5985832214
18978055000 45969.1325874329
18984880000 48327.6603927612
18991693000 52608.7719154358
18998511000 55920.4652938843
19005326000 56211.9196014404
19012147000 60540.3054618835
19018962000 64829.3964157104
19025774000 64098.2508964539
19032596000 69429.4412384033
19039409000 73702.2851753235
19046232000 74037.4611587524
19053055000 78371.4532089233
19059877000 79697.9104232788
19066744000 84308.966884613
19073546000 89506.0380020142
19080359000 87771.7866744995
19087173000 93042.7050933838
19093986000 97306.0926628113
19100801000 97580.99949646
19107610000 101816.627033234
19114412000 105006.628871918
19121225000 109265.296836853
19128044000 107560.879356384
19134853000 113791.789363861
19141670000 114072.310882568
19148479000 118300.861347198
19155293000 119559.975120544
19162111000 124843.301292419
19168928000 127119.097141266
19175749000 129419.102966309
19182578000 131768.707817078
19189396000 137047.302944183
19196215000 137331.063312531
19203031000 138594.599342346
19209845000 141844.259693146
19216658000 144086.392311096
19223469000 146314.650981903
19230285000 147573.462730408
19237100000 153824.746574402
19243913000 156062.15681839
19250727000 157304.732646942
19257540000 159539.781784058
19264345000 163722.884830475
19271158000 165955.574424744
19277960000 165117.284622192
19284708000 171935.178165436
19291500000 173031.094264984
19298302000 172189.285568237
19305106000 175358.989547729
19311963000 177863.774333954
19318763000 183005.737167358
19325585000 180286.095264435
19332411000 187590.64566803
19339238000 185900.354892731
19346057000 192158.129795074
19353256000 188825.232177734
19360069000 193042.516475677
19366887000 194290.335788727
19373695000 193473.543674469
19380509000 192693.629325867
19387329000 197950.589622498
19394143000 197168.312610626
19400954000 197365.828098297
19407772000 198606.55821228
19414585000 200814.396709442
19421395000 202002.029613495
19428209000 201213.849239349
19435022000 205418.146690369
19441838000 202640.287246704
19448645000 206804.177146912
19455463000 210036.637939453
19462277000 213242.553855896
19475941000 217879.094882965
19482768000 218163.884059906
19489590000 221415.788043976
19496387000 223508.013385773
19503200000 227700.497871399
19509978000 228669.920917511
19516799000 232910.76480484
19523622000 231163.103675842
19530440000 236382.563930511
19537247000 240531.115592957
19550864000 245843.699005127
19557681000 246052.097427368
19564485000 251176.919082642
19571286000 251281.549694061
19578479000 255869.390151978
19585284000 259996.950508118
19592090000 261129.670539856
19598902000 262299.235706329
19605715000 270473.957775116
19612543000 269742.552112579
19619349000 270870.553924561
19626155000 275997.377693176
19632971000 279186.38671875
19639786000 279367.87808609
19646599000 281535.51632309
19653412000 287701.97410202
19660229000 289892.593955994
19667031000 290987.000019073
19673853000 294206.935218811
19680678000 298444.692176819
19687479000 300529.225894928
19694290000 302675.930995941
19707934000 305105.159183502
19714751000 307286.326656342
19728338000 310347.422603607
19735152000 311506.05147934
19741967000 315669.833095551
19748783000 316838.766944885
19755601000 318019.185703278
19762408000 320128.758861542
19769220000 325268.817951202
19776030000 322395.031539917
19782835000 326488.403118134
19789642000 328593.261692047
19796449000 330696.941875458
19803260000 336824.77166748
19810068000 335932.426212311
19816869000 339994.580459595
19823682000 340131.536148071
19830491000 344241.98614502
19837300000 346351.257064819
19844106000 345440.35602951
19850919000 349572.592453003
19864533000 353757.558631897
19871347000 354892.586009979
19878152000 358969.461734772
19884965000 361095.799125671
19891774000 363195.637069702
19898584000 368300.62550354
19905401000 370448.740318298
19912215000 371576.685600281
19919021000 376652.817638397
19926190000 375025.153808594
19932997000 377105.195636749
19939803000 380177.730545044
19946615000 381287.057537079
19953419000 384344.578968048
19960244000 384533.811183929
19967060000 389664.908283234
19973875000 385788.496212006
19980680000 389847.628128052
19987492000 390949.873542786
19994312000 396101.555950165
20001122000 397188.785804749
20007931000 399268.50944519
20014739000 398340.727386475
20021549000 401424.419483185
20028359000 406506.932159424
20035166000 406569.287109375
20041977000 406655.767379761
20048792000 408766.370891571
20055605000 412863.142086029
20062420000 412971.38363266
20069230000 416046.817848206
20076044000 415146.372882843
20082863000 417276.371543884
20089692000 419468.434803009
20096504000 424551.79485321
20103317000 424640.299160004
20110125000 423696.002025604
20116942000 425807.44234848
20123752000 426873.433887482
20130564000 431950.893352509
20137375000 432020.849197388
20144185000 435083.301937103
20151008000 433226.776264191
20157806000 436210.99213028
20164595000 434137.127445221
20171413000 431245.447036743
20178227000 432327.294578552
20185047000 433445.895042419
20191853000 432474.803001404
20198670000 434572.0742836
20205481000 436630.233100891
20212290000 438674.568958282
20219111000 438793.582801819
20225925000 437867.164669037
20232738000 441933.244644165
20239553000 444010.785961151
20246362000 448049.221748352
20253176000 447118.081233978
20259986000 452160.478374481
20266791000 454170.095043182
20273629000 455387.095214844
20280439000 460425.950099945
20287253000 459488.904315948
20294063000 462525.399654388
20300876000 464579.673595428
20307692000 463651.724586487
20314507000 465716.275074005
20321318000 467754.369110107
20328129000 469791.283374786
20334939000 472820.699386597
20341754000 472880.527500153
20348568000 473932.856319427
20355380000 472971.368412018
20362192000 474008.700386047
20369005000 478051.169857025
20375808000 480029.284488678
20382618000 479050.442966461
20389420000 482019.885292053
20396233000 482057.637062073
20403044000 486081.574874878
20409854000 489098.016342163
20416670000 484151.176780701
20423477000 490146.309684753
20430292000 490190.792617798
20437105000 492221.462638855
20443914000 490225.689369202
20450730000 493272.945747375
20457540000 494281.12846756
20464348000 495275.501392365
20471163000 493312.900672913
20477976000 495336.489116669
20484793000 497384.155757904
20491608000 499418.011562347
20498421000 499438.057571411
20505229000 504425.352386475
20512050000 508493.550109863
20518862000 505503.740406036
20525667000 509468.555202484
20532852000 513831.302639008
20539661000 513818.949363708
20546475000 518836.982494354
20553294000 518885.399429321
20560113000 518932.63381958
20566917000 523883.997013092
20573734000 525916.244110107
20580543000 529896.811508179
20587357000 530907.760116577
20594167000 537892.280380249
20600981000 540900.868057251
20607798000 540927.209537506
20614612000 543933.435073853
20621429000 547957.41337204
20628250000 550005.453887939
20635063000 552001.8244133
20641868000 557946.52910614
20648675000 561902.677101135
20655492000 565920.749958038
20662307000 565925.020656586
20669117000 572896.560310364
20675932000 578898.469562531
20682794000 580195.750305176
20689582000 583024.933750153
20696394000 586004.368206024
20703202000 586957.386104584
20710016000 585947.078895569
20716825000 589904.047054291
20723637000 590878.76190567
20730448000 588845.988220215
20737255000 588786.801784515
20744065000 589745.361175537
20750884000 587759.512229919
20757690000 594690.480312347
20764500000 595645.500564575
20771321000 593668.722557068
20778147000 596722.297336578
20784928000 598490.870697021
20791691000 600144.751167297
20798476000 599936.215579987
20805269000 601776.961338043
20812075000 604698.51600647
20818905000 605770.240680695
20825715000 606714.659091949
20832541000 609758.791233063
20839327000 608549.512443542
20846146000 610547.143249512
20852963000 608530.980903625
20859784000 612538.857219696
20866597000 614495.110656738
20873416000 614488.012321472
20880245000 612542.77753067
20887054000 614470.268016815
20893867000 616421.796474457
20900680000 614372.1444664
20907494000 617327.615913391
20914308000 616281.906543732
20921121000 616228.712791443
20927924000 620111.30462265
20934739000 618068.358119965
20941561000 617068.351810455
20948374000 621010.436031342
20955187000 618951.339782715
20962002000 616903.668132782
20968820000 619873.722389221
20975630000 622792.176990509
20982444000 621734.660202026
20989263000 625707.471782684
20996085000 626698.005805969
21002903000 625662.150287628
21009719000 628612.509941101
21016534000 632555.386947632
21023352000 631515.985702515
21030130000 632223.370407104
21036945000 634162.709831238
21043734000 635937.05638504
21050544000 636842.53660965
21057295000 638375.131206512
21064082000 642133.364341736
21070912000 639161.315689087
21077744000 642200.679851532
21084568000 643188.461650848
21091389000 643156.161457062
21098178000 642921.1079216
21104991000 646836.055660248
21111806000 646762.420368195
21118623000 648700.201015472
21125434000 648599.009571075
21132254000 649553.322154999
21139071000 651487.557765961
21145898000 651483.590057373
21153109000 651896.743869781
21159932000 651865.148860931
21166753000 655819.775276184
21173577000 652792.109897614
21180384000 654656.211662292
21187190000 655512.838233948
21193993000 657349.396881104
21200784000 659109.221042633
21207584000 659924.538906097
21214395000 661807.938026428
21221219000 662772.004558563
21228037000 663697.112228394
21234847000 664570.672977448
21241661000 665468.235969543
21248480000 667396.094367981
21255347000 669624.933570862
21262138000 671374.161468506
21268899000 672933.374790192
21275717000 673850.215049744
21282538000 673784.756244659
21289365000 671755.879421234
21296142000 675411.1157341
21302937000 675178.473480225
21309714000 674831.370643616
21316518000 677653.024654388
21323344000 680611.954799652
21330155000 680475.302474976
21336958000 678287.126430511
21343760000 681091.480564117
21350562000 683894.658042908
21357377000 685778.461029053
21364192000 685661.082859039
21371025000 689655.781826019
21377845000 688567.497989655
21384663000 687465.4477005
21391484000 691381.0900383
21398291000 693207.469062805
21405114000 693133.329868317
21411928000 696001.386959076
21418750000 694918.590549469
21425566000 697796.86611557
21432376000 696636.216770172
21439197000 696543.582332611
21446011000 701405.73311615
21452827000 702279.283184052
21459642000 704145.361869812
21466461000 706035.418197632
21473269000 704855.107189178
21480087000 705736.510978699
21486902000 707597.865032196
21493712000 708426.592895508
21500538000 709354.762672424
21507364000 708281.74747467
21514173000 712100.643032074
21520993000 710987.530956268
21527811000 713860.65970993
21534627000 714720.030334473
21541435000 713527.917106628
21548249000 714372.350868225
21555070000 716259.615940094
21561890000 715139.410503387
21568697000 716936.289878845
21575553000 718040.050254822
21582342000 721721.402824402
21589164000 718609.040367126
21595975000 722426.343856812
