39000 119890.548186351
6894000 114439.158739137
13713000 109753.218318257
27357000 102418.539605342
34126000 99405.8949137703
40963000 95834.5420093834
47797000 92243.0954647809
54626000 90618.5599737018
61459000 87019.4184879214
68290000 84406.6827232093
75130000 80851.8288356513
81972000 76309.3705803156
88781000 74551.8911049068
95589000 70787.3197698593
102328000 67573.8312270939
109083000 65463.7180944979
115836000 61340.0254887789
122587000 59202.753929317
129718000 57533.7912465781
136470000 56401.8152884543
143225000 53288.7456368804
149978000 52162.0973875225
156729000 49021.871059835
163476000 46855.0738690794
170225000 44700.6862462461
176975000 42552.2111932933
183728000 41422.641235441
190477000 38266.5014528334
197225000 38103.2815418243
203977000 36965.4624260664
210728000 35820.5628357828
217480000 32681.5749500394
224230000 32529.0108896792
230984000 30401.845893681
237735000 30254.6090230048
244488000 28119.7791241705
251241000 25984.3646238744
257992000 24835.3746415079
264741000 23672.8096962869
271500000 22574.6135146618
278256000 19456.3461505771
285010000 19324.5034775734
291764000 17192.0760300159
298513000 16026.5892035365
305266000 14886.497805357
312018000 13739.3270581365
318770000 12591.5718824863
325522000 11443.232278645
332274000 9294.30824649334
339028000 10157.7885891795
345774000 7968.72963726521
352530000 6844.0295804143
359287000 6725.23854440451
366041000 7586.38004857302
372801000 6485.90058994293
379633000 5852.3947827816
386498000 3432.58579206467
393327000 3778.39925974607
400189000 3337.90427744389
406951000 3247.45265311003
413738000 3318.75096714497
420565000 1649.19303965569
427379000 -105.374866724014
434205000 -782.619805574417
441033000 -3447.47586536407
447841000 -5242.78971397877
454657000 -6986.75437098742
461478000 -7698.85042887926
468306000 -8366.09371054173
475133000 -10040.4273079038
481954000 -9754.31380474567
488782000 -9423.34936285019
495606000 -10118.952156961
502439000 -10756.721149087
509272000 -12395.0886756778
516101000 -12060.0232630372
522941000 -12654.1432006955
529774000 -13294.3065936565
536607000 -12935.0685210824
543444000 -12550.4618587494
550281000 -13166.4544318914
557110000 -13834.9790869951
563938000 -12510.5930943489
570774000 -13134.8733146191
577601000 -14818.1746833324
584427000 -15508.5647912025
591249000 -15225.5168809891
598070000 -14949.556660533
604891000 -14674.1928739548
611720000 -17347.4982749224
618541000 -16073.3280559778
625365000 -16780.2820786238
632189000 -17487.8330602646
639043000 -17001.2643287182
645863000 -17735.9737247229
652695000 -18393.3948124647
659520000 -19096.8463107347
666341000 -19826.8557649851
673152000 -19622.3628354073
679971000 -21366.5443450212
686789000 -22117.8118826151
693608000 -20863.1854736805
700427000 -22609.1551491022
707248000 -21342.7415463924
714083000 -22986.0700666904
720916000 -23642.9764838219
734621000 -24705.5010308027
741445000 -26422.6096524
748273000 -26114.3586117029
755486000 -25308.4150985479
762317000 -25981.9261490107
769139000 -26714.4353734255
775947000 -26538.3844125271
782767000 -26285.063056469
789585000 -26045.3152111769
796417000 -25715.3237406015
803254000 -26353.4883769751
810083000 -25044.1591516733
816908000 -27761.3808621168
823739000 -26440.2705788612
830559000 -26191.1275836229
837394000 -25845.260654211
844225000 -26525.9443105459
851059000 -25187.762638092
857882000 -25921.544926405
864710000 -26623.4856853485
871535000 -28345.4868284464
878368000 -26016.1852046251
885207000 -27648.557716012
892037000 -28339.9156236649
905693000 -28750.3740152121
912511000 -28521.3701971769
919340000 -29221.6057025194
926163000 -27961.3602905273
932981000 -28734.1455996037
939804000 -27475.093318224
946636000 -28158.2583086491
953467000 -29848.5081833601
960289000 -29597.7341778278
967121000 -29282.6932830811
973946000 -29013.6545830965
980769000 -29758.1853667498
987591000 -29509.7990216017
994420000 -30216.6072864532
1001262000 -31839.6965265274
1008089000 -30560.6732465029
1014914000 -30295.218924284
1021744000 -30997.9334882498
1028566000 -30753.1305575371
1035387000 -31515.4097104073
1042205000 -31297.741459012
1049022000 -32087.1544171572
1055846000 -31831.7666231394
1062658000 -31654.7972877026
1069476000 -31439.5125871897
1076296000 -32211.8538957834
1083115000 -31991.2763264179
1089944000 -31706.4470882416
1096767000 -31461.1238105297
1103589000 -32222.8819167614
1110401000 -31050.081761837
1117217000 -30851.9387655258
1124032000 -29660.8756673336
1130852000 -29437.9866998196
1137672000 -28215.6939918995
1144492000 -28993.9975428581
1151311000 -29779.3813419342
1158148000 -31448.6510062218
1164971000 -29209.2932932377
1171787000 -31015.9184465408
1178600000 -29842.5900762081
1185415000 -30656.8896389008
1192218000 -29549.5861561298
1199055000 -29222.4411537647
1205875000 -31006.11130023
1212700000 -29757.9616975784
1219546000 -32374.2638351917
1226365000 -30166.2084958553
1233185000 -28952.2663018703
1240008000 -29719.4718124866
1246830000 -29493.756870985
1253660000 -30216.7771258354
1260471000 -29063.5645828247
1267676000 -30356.8419685364
1274505000 -29088.1698298454
1281337000 -29800.6485598087
1288541000 -30102.3354315758
1295363000 -29880.8648793697
1302175000 -29724.8114817142
1308990000 -30549.907043457
1315805000 -29375.5979902744
1322622000 -29188.9207377434
1329436000 -29022.284334898
1336256000 -28817.35343647
1343459000 -31130.5936398506
1350262000 -29037.0731916428
1357080000 -29846.9257707596
1363895000 -28676.8180496693
1370704000 -28546.1927702427
1377521000 -27364.3131182194
1384331000 -28228.3962101936
1391143000 -27080.1119861603
1397948000 -27977.788410902
1404762000 -27817.7318189144
1411580000 -26632.3478288651
1418393000 -26479.9625718594
1425197000 -25386.49664855
1432009000 -24241.7810676098
1438822000 -23091.180044651
1445635000 -24941.1740579605
1452446000 -22804.7233636379
1459258000 -24662.3873147964
1466121000 -22190.1685116291
1472924000 -22107.3454294205
1479739000 -22947.3582966328
1486553000 -21794.4462404251
1493370000 -22622.6905834675
1500180000 -22496.8872754574
1506995000 -23339.2813344002
1513802000 -23234.1055114269
1520616000 -23084.1688964367
1527430000 -21934.8274917603
1534628000 -23298.1156654358
1541442000 -22149.9982247353
1548256000 -24002.4759945869
1555064000 -23894.4218511581
1561873000 -22780.4831449986
1568675000 -23712.4892435074
1575486000 -22586.7814993858
1582301000 -22435.7545871735
1589110000 -23324.1933178902
1595936000 -23103.09547472
1602750000 -21960.3333563805
1609555000 -22876.469476223
1616371000 -23721.9409394264
1623184000 -23587.4417805672
1629995000 -24466.4933624268
1636805000 -23352.617395401
1643620000 -24206.9475529194
1650435000 -24061.8730957508
1657257000 -25872.0515043736
1664076000 -23702.2587680817
1670894000 -24539.5394437313
1677702000 -24442.1884343624
1684516000 -25306.5686678886
1691385000 -24815.3055078983
1698191000 -25732.6967902184
1705003000 -25611.8205420971
1711818000 -26472.108745575
1718649000 -27229.3648817539
1725466000 -28077.8919970989
1732281000 -27939.9679288864
1739092000 -27828.5450601578
1745893000 -28782.4805417061
1752707000 -29652.817335844
1759517000 -29549.6541073322
1766326000 -28453.5614953041
1773139000 -29332.1591520309
1779953000 -29204.8759148121
1786768000 -29071.7120456696
1793580000 -28958.5708270073
1800393000 -27839.548801899
1807207000 -28714.6462318897
1814014000 -27635.667324543
1820825000 -26531.380781889
1827638000 -26414.7382888794
1834450000 -26305.1660625935
1841261000 -25202.663841486
1848093000 -24964.7801220417
1854911000 -24818.1443254948
1861733000 -24646.2049121857
1868550000 -25507.2360780239
1875360000 -24414.1859254837
1882178000 -24269.9333298206
1888990000 -23165.1238355637
1895803000 -24054.4347579479
1902616000 -22944.3407158852
1909438000 -22776.5732803345
1916260000 -23609.4024538994
1923079000 -22462.2505214214
1929892000 -21354.5387189388
1936714000 -21189.1566698551
1943527000 -22082.6357252598
1950347000 -21931.3935980797
1957169000 -21767.8004140854
1963982000 -21663.065974474
1970797000 -21545.9796040058
1977628000 -21325.9142854214
1984448000 -20177.6535418034
1991264000 -20055.8819410801
1998075000 -19967.0715680122
2004885000 -19885.3289277554
2012078000 -18325.0384383202
2018895000 -18199.2081904411
2025714000 -18061.0281188488
2032535000 -16910.4987478256
2039350000 -14799.4014379978
2046161000 -13714.7895815372
2052975000 -13611.3551223278
2059793000 -13482.6265039444
2066611000 -12354.4937949181
2073809000 -12767.5342247486
2080622000 -11672.9869246483
2087814000 -11126.1521012783
2094625000 -12045.7717661858
2101462000 -12797.7190983295
2108279000 -10679.7000808716
2115095000 -10568.7484316826
2121909000 -10471.3354344368
2128723000 -10374.5176482201
2135530000 -9323.59467244148
2142344000 -9227.96669578552
2149173000 -10035.8659787178
2155985000 -8954.37195181847
2162811000 -8782.87847995758
2170014000 -8172.44099760056
2176833000 -7047.47102642059
2183651000 -6929.56789445877
2190472000 -6792.8486700058
2197283000 -4721.4316778183
2204474000 -4191.82311820984
2211292000 -6076.33587598801
2218111000 -3954.97422981262
2224925000 -2866.55979633331
2231743000 -3752.86002016068
2238549000 -2717.39676332474
2245366000 -2611.35772132874
2252183000 -505.914414405823
2258992000 -1452.82515144348
2265796000 567.321265697479
2272605000 619.222290039062
2279424000 1735.22424602509
2286243000 2850.63011837006
2293067000 3997.78666591644
2299877000 5053.77655076981
2306688000 5115.64110040665
2313501000 7189.84914398193
2320319000 7295.80716514587
2327126000 9330.01120758057
2333932000 9357.15243434906
2340744000 10422.5122923851
2347564000 12539.0265164375
2354382000 12642.0073494911
2361195000 12712.0498805046
2368014000 14820.3077225685
2374839000 14966.779302597
2381652000 15035.0351538658
2388465000 15102.6959686279
2395274000 16143.8895802498
2402091000 14236.2324905396
2408901000 16282.7045969963
2416107000 15889.8219809532
2422927000 16999.7473659515
2429738000 18050.8680930138
2436555000 17140.1992082596
2443378000 17267.7391400337
2450192000 18336.4762487411
2457007000 19411.0853972435
2463823000 18491.5663232803
2470637000 19558.5175385475
2477831000 20082.3281779289
2484650000 19180.3902587891
2491463000 20239.0554032326
2498278000 20310.0589547157
2505097000 20406.3336567879
2518722000 20513.0308380127
2525537000 20581.6529355049
2532356000 21675.5447854996
2539175000 20768.8405513763
2545990000 22835.6757941246
2552803000 19888.983607769
2559626000 22006.3557338715
2566441000 22071.4042973518
2573266000 22200.5150752068
2580096000 22361.3570833206
2586912000 23431.0828914642
2593731000 24519.6096324921
2600568000 24723.9176721573
2607341000 25513.8458170891
2614150000 25535.9343938828
2620965000 25596.2195258141
2627781000 25662.3743329048
2634599000 25740.8635277748
2641416000 26812.2919268608
2648236000 26902.5189881325
2655073000 27102.0498838425
2661879000 28100.5782051086
2668692000 29143.7644691467
2675518000 29270.393538475
2682326000 30280.0667862892
2689133000 30282.681596756
2695948000 29336.4159178734
2702756000 30344.3061532974
2709573000 30409.7783408165
2716390000 30474.6547937393
2723211000 32564.7908625603
2730028000 29628.4754962921
2736840000 31659.2460794449
2743651000 30682.9582257271
2750463000 31712.5391740799
2757289000 31832.0128760338
2764099000 33847.476252079
2770912000 33881.7347950935
2777735000 33980.0296916962
2784543000 35980.7820320129
2791358000 36026.1809592247
2798175000 36083.9102549553
2804988000 37115.1926579475
2811802000 37152.3427276611
2818609000 39143.6592826843
2825421000 38166.6944875717
2832238000 37221.4470319748
2839049000 39236.8297243118
2845869000 38309.7781205177
2852681000 36330.4328327179
2859496000 36369.8789553642
2866315000 35434.5777068138
2873125000 37440.52312994
2879940000 36478.1831846237
2886756000 36521.7095956802
2893570000 35551.7171382904
2900385000 35587.5910372734
2907198000 34609.9465923309
2914013000 36644.6298956871
2920836000 34730.4082489014
2927648000 36744.5164318085
2934467000 35803.2576608658
2941287000 35867.8638477325
2948094000 34847.8813624382
2954918000 34937.1396379471
2961728000 34935.3500328064
2968540000 34945.8873019218
2975354000 34968.7509202957
2982174000 36029.7824373245
2988988000 35051.4551110268
2995799000 36053.1515436172
3002613000 32073.6340584755
3016261000 33242.015080452
3023073000 32247.7902288437
3029888000 33272.3502349854
3036704000 31302.7746753693
3043518000 31319.6840920448
3050337000 29368.2965202332
3057150000 30377.555521965
3063959000 30360.3816099167
3070770000 29355.5321249962
3077583000 29363.0065436363
3084392000 27344.0490951538
3091205000 27350.333791256
3098021000 27375.4005513191
3104842000 28432.166478157
3112035000 26891.0303072929
3118845000 24875.5244131088
3125650000 25827.1306123734
3132459000 24803.9775385857
3139273000 23812.5226488113
3146083000 23794.6388807297
3152901000 22827.827237606
3159716000 21841.0449581146
3166537000 21892.4162216187
3173358000 20943.1910514832
3180167000 21915.8736886978
3186981000 20920.2514514923
3193796000 21930.4918088913
3200614000 19959.5099349022
3207430000 21975.016890049
3214241000 21957.6405701637
3221058000 20978.4142975807
3227864000 19927.5612382889
3234695000 20037.5463929176
3241508000 20030.7038798332
3248319000 20010.352118969
3255122000 18937.7495193481
3261933000 18916.2090830803
3268738000 16855.3328938484
3275548000 17826.1468520164
3282743000 17282.1832685471
3289553000 18251.7745923996
3296366000 16240.1408748627
3303178000 17221.4557185173
3310003000 17286.1078042984
3316827000 16343.7065281868
3323636000 17303.8661828041
3330452000 16308.6238746643
3337266000 16299.8740739822
3344081000 15296.9849414825
3350892000 14267.6772584915
3357707000 16263.5977053642
3364530000 15310.5676989555
3371341000 14279.4745593071
3378154000 15260.697617054
3384973000 15280.0577659607
3391791000 16292.3665633202
3398604000 15271.8035526276
3405422000 16282.9209675789
3412233000 14248.2574386597
3419059000 15309.8229870796
3425886000 16377.2460565567
3432702000 14373.0694742203
3439511000 15323.1147446632
3446359000 16524.2938222885
3453169000 15479.6014943123
3459985000 17473.0410118103
3466792000 16407.7962198257
3473594000 16309.6863474846
3480411000 17307.7953252792
3487263000 16531.2000880241
3494461000 16987.0707612038
3501276000 16970.44845438
3508085000 18914.5081048012
3514900000 18896.6955513954
3521712000 17858.9268078804
3528518000 18781.8421177864
3535378000 20052.6486563683
3542164000 19845.3048424721
3548982000 18843.8747692108
3555800000 19841.8487863541
3562618000 18839.2268939018
3569437000 19842.4620819092
3576258000 17858.0069904327
3583073000 18834.2385745049
3589886000 18796.9693183899
3596699000 18759.105026722
3603524000 18798.0763335228
3610349000 18836.4505066872
3623967000 18704.9341545105
3630784000 18689.9020996094
3637602000 18680.7264251709
3644418000 18658.0507845879
3651613000 19080.0643672943
3665240000 18999.4102468491
3672053000 18954.9646644592
3678866000 17909.9240465164
3685682000 18883.6428918839
3692499000 17863.2175884247
3699310000 18803.4886016846
3706118000 17723.8112158775
3712944000 20759.6603708267
3719759000 19723.950527668
3726572000 19674.7433485985
3733378000 18579.7849168777
3740217000 18697.1090941429
3747038000 20697.720852375
3753850000 20639.6805462837
3760658000 20555.2432250977
3767479000 20554.0676050186
3774285000 20455.5400958061
3781101000 21420.9215378761
3787919000 22398.6077971458
3794728000 20317.6472330093
3801550000 22319.9425168037
3808370000 19308.7413387299
3815185000 20264.6947040558
3821999000 20213.6029319763
3828866000 18503.7481617928
3835669000 17380.5159950256
3842487000 17353.4328804016
3849297000 15274.1586399078
3856108000 15200.7392020226
3862928000 12184.7681245804
3869747000 11161.7516479492
3876945000 10582.3290863037
3883758000 9519.39354896545
3890569000 8442.96522951126
3897378000 8353.04465150833
3904191000 9288.32453107834
3.911e+09 8197.21492910385
3917821000 7182.89327573776
3924640000 7155.07831525803
3931467000 7178.25406169891
3938283000 7129.90144968033
3945098000 6074.50510311127
3951911000 7005.61719799042
3958717000 3890.99826192856
3965529000 5814.47298431396
3972337000 4711.56154632568
3979157000 3685.42879581451
3985975000 2645.80448579788
3992790000 1586.24157857895
3999607000 1538.97823667526
4006422000 478.224383831024
4013244000 -2537.9937505722
4020060000 -1593.49177265167
4026872000 -2675.37385654449
4033688000 -4732.06264877319
4040491000 -2873.15736532211
4047302000 -4963.27046012878
4054507000 -5513.94928836823
4061324000 -6566.60605335236
4068140000 -5626.30514955521
4074960000 -7660.81376838684
4081774000 -8734.59717798233
4088585000 -9828.31480169296
4095399000 -9903.28837060928
4102214000 -12972.4109897614
4109029000 -12042.1289944649
4115837000 -13157.5642809868
4122657000 -15196.242954731
4129476000 -15241.963698864
4136291000 -15314.063419342
4143109000 -16367.4216175079
4149919000 -16472.940112114
4163537000 -17698.6513848305
4170357000 -17741.5003762245
4177209000 -16578.6992683411
4184025000 -16648.5240206718
4190839000 -17731.8343801498
4197654000 -17809.2950143814
4204466000 -16906.6855802536
4211280000 -16991.781484127
4218086000 -18129.0299944878
4224895000 -18247.5385565758
4231708000 -18340.8634567261
4238520000 -17441.2278046608
4245360000 -18361.7459135056
4252174000 -18450.413954258
4258990000 -18526.7889051437
4265805000 -18610.20347929
4272622000 -18681.3254876137
4279434000 -17785.262670517
4286248000 -18876.9071140289
4293067000 -18936.9282007217
4299882000 -18023.3198752403
4306713000 -18007.2103199959
4313532000 -19069.0203595161
4327175000 -18162.212310791
4333996000 -19212.9246635437
4340811000 -20302.8920574188
4347638000 -21316.1386709213
4354461000 -19355.7544727325
4361287000 -19376.6385421753
4368110000 -19417.4481744766
4374914000 -20581.2652053833
4381726000 -19694.1350870132
4388543000 -18775.3873825073
4395359000 -19863.6778154373
4402173000 -20965.4484376907
4408994000 -21022.7186784744
4415815000 -20080.5853538513
4422634000 -20151.9325695038
4429460000 -20178.7821130753
4436281000 -20238.4383544922
4443092000 -21363.1089286804
4449906000 -19469.0490818024
4456721000 -21569.142829895
4463539000 -19650.5073795319
4470349000 -19783.9993629456
4477170000 -20847.23097229
4483983000 -20962.5891427994
4490827000 -20878.8658208847
4497640000 -20995.4167709351
4504453000 -21112.5627555847
4511262000 -19256.0674419403
4518084000 -19316.4356899261
4524900000 -20416.0449953079
4531720000 -19490.487244606
4538536000 -19591.288020134
4545351000 -19699.1248340607
4552162000 -19833.3186006546
4558984000 -18897.2637052536
4565793000 -20045.5282402039
4572606000 -18168.6265916824
4579417000 -19305.2000656128
4586227000 -17448.808180809
4593041000 -17567.2513360977
4599862000 -15641.2112398148
4606675000 -15767.2851209641
4613492000 -14868.1956148148
4620310000 -14963.2623271942
4627120000 -14110.4403944016
4633938000 -15206.6982250214
4640757000 -13297.1127090454
4647575000 -13394.5624465942
4654392000 -13499.0471754074
4661205000 -12629.8836135864
4668019000 -12754.8761825562
4674830000 -11899.780418396
4681645000 -12019.5244140625
4688454000 -13178.4956617355
4695274000 -11267.2371168137
4702091000 -11375.8902406693
4708960000 -11150.3432292938
4715742000 -11485.5326776505
4722550000 -11653.9183597565
4729369000 -10752.0788812637
4736194000 -9812.20729160309
4743009000 -8937.31228733063
4749828000 -9037.26123714447
4756647000 -9137.80627155304
4763455000 -8309.76190376282
4770268000 -8450.12372016907
4777080000 -5597.51808071136
4783896000 -6719.75761795044
4790697000 -4939.15272331238
4797564000 -4734.2825088501
4804369000 -3929.12061691284
4811179000 -4092.36700630188
4817990000 -4249.7709236145
4824809000 -4356.27435398102
4831628000 -2463.37386894226
4838442000 -2603.25307750702
4845262000 -2705.10768890381
4852082000 192.441440582275
4858902000 -1910.60569000244
4865717000 -2046.43094062805
4872543000 -2112.05244255066
4879360000 -1236.19703102112
4893033000 -2235.26853752136
4899849000 -2367.63967227936
4906663000 -513.478060722351
4913480000 -2640.6043806076
4920290000 -813.376143455505
4927489000 -2483.30067443848
4934298000 -1663.73091411591
4941117000 -2780.4014339447
4947928000 -2949.15058422089
4954742000 -2099.18872833252
4961563000 -3204.77607631683
4968379000 -2343.13514041901
4975198000 -2462.78485870361
4982019000 -570.160897254944
4989212000 -1284.39092063904
4996023000 -2457.33937358856
5002841000 -3585.84021091461
5009649000 -3779.2822303772
5016462000 -3941.14621257782
5023287000 -3026.3930015564
5030105000 -4157.2767791748
5036921000 -2301.62482070923
5043736000 -2453.00251293182
5050547000 -1630.71160125732
5057370000 -3731.80839061737
5064174000 -1955.7446975708
5070983000 -3148.10576438904
5077834000 -2070.84772777557
5084623000 -1393.07245349884
5091443000 -2516.45018768311
5098257000 -1679.02452659607
5105069000 -1855.06068611145
5111888000 -1986.65918922424
5118706000 -2125.28690624237
5125525000 -1258.07749176025
5132345000 -2385.03120708466
5139152000 -596.208451271057
5145964000 -1775.81578540802
5152780000 -930.287211418152
5159980000 -1615.23484802246
5166801000 -1738.76838302612
5173624000 -850.03350353241
5180433000 -2051.9481344223
5187277000 -1029.32834243774
5194095000 -1174.54523944855
5200909000 -2346.08634662628
5207725000 -1505.35868930817
5214538000 -2684.52229309082
5221351000 -2864.28093242645
5228167000 -3025.33943080902
5234978000 -3219.15168094635
5241845000 -4053.39176654816
5248629000 -4422.04779243469
5255441000 -3611.21525859833
5262260000 -4755.95856380463
5269073000 -3939.88516235352
5275886000 -5124.40679550171
5282695000 -4335.24757385254
5289508000 -4520.95893001556
5296320000 -5713.69617366791
5303172000 -3649.79769420624
5309961000 -3991.63372993469
5316785000 -5108.98996257782
5323599000 -3291.24817943573
5330396000 -3583.41866588593
5344018000 -1989.48962783813
5350833000 -3167.69652271271
5357646000 -2359.35893726349
5364454000 -1583.76628017426
5371273000 -1738.03898048401
5378098000 -1854.32894134521
5384910000 -1054.80235099792
5391722000 -255.870621681213
5398534000 -457.533752441406
