38000 160986.094730293
6894000 154997.291934248
13717000 154689.24613018
20536000 154341.182066388
27357000 155010.867177125
34126000 156178.428966209
40963000 154999.144667253
47797000 144789.466248803
54626000 139530.142540783
61459000 143307.814098611
68290000 133064.721436858
75129000 128897.12505433
81972000 124766.51685451
88781000 127307.126155257
95586000 129807.733097702
102328000 128700.463245764
109083000 132716.844084099
115836000 130712.49810338
122587000 131687.426615745
129718000 121318.058311507
136469000 119289.952005893
143225000 119308.488387942
149978000 125296.676231533
156729000 120264.140779436
163476000 113191.637231171
170225000 104136.905234367
176981000 103148.056571901
190476000 95002.3479847908
197225000 90941.7151228487
203977000 85908.4724969864
210728000 89864.1320358515
217480000 86827.9370099604
224230000 85771.0234973431
230992000 79828.0849890709
237735000 67700.8734248877
244488000 65668.3938130438
251241000 70634.4374545217
257992000 75579.7643586099
264741000 72504.3758369684
271500000 57523.707899034
278255000 57503.0832324028
285010000 57480.9809442163
291763000 50438.1632310748
298513000 45365.0127216578
305266000 45319.2421711683
312018000 49262.3766281605
318770000 50204.0347758532
325522000 52144.2166141272
332274000 45082.9221431613
339028000 49039.3861053586
345774000 47917.4356622696
352529000 42880.5639401078
359287000 40871.0647422075
366041000 37821.6206243634
372801000 35828.3969885111
379633000 40526.0496836305
386497000 28529.897585392
393327000 24205.2889747024
400188000 20177.2468765378
406951000 21205.3937464356
413738000 17462.8183487058
420565000 17103.3405568004
427379000 21617.3648462892
434205000 24245.2570619583
441033000 29890.8685672283
447841000 27342.6933963895
454657000 27869.9263421893
461478000 22443.7218893766
468306000 28083.3030945659
481954000 28281.0343701839
488781000 13906.4756299853
495606000 13511.1829995513
502439000 15191.2786021829
509271000 19860.2504037619
516101000 26508.4874309301
522941000 21251.3280007839
529773000 14915.763974309
536607000 7597.91039389372
543453000 4393.87344741821
550281000 5015.32925951481
557110000 4644.88565003872
563938000 5263.3217792511
570774000 2957.12711238861
577601000 -2437.06763446331
584426000 -1851.99051892757
591249000 1712.35978472233
598070000 255.984602332115
604891000 -201.897216796875
611719000 3405.97411322594
618541000 1954.68579411507
625365000 1521.10659396648
632189000 8086.01943135262
639043000 4937.65399956703
645863000 4461.11454248428
652695000 -1901.64454102516
659519000 2657.22893321514
666341000 -2804.61909890175
673152000 2626.35372662544
679970000 -5876.93135511875
686788000 -7381.72174870968
693608000 -13868.8056761026
700427000 -11367.0014668703
707248000 -14847.4921165705
714083000 -11195.0162364244
720916000 -19563.2631933689
727753000 -22894.6029598713
734620000 -25939.3195973635
741445000 -23388.9455090761
748273000 -21811.2674688101
755486000 -17537.6009477377
762317000 -20934.2165037394
769139000 -19418.7741041183
775947000 -23039.2838970423
782767000 -29546.0585654974
789585000 -37073.5449912548
796417000 -30468.1008887291
803253000 -24825.7589325905
810083000 -18242.5429499149
816907000 -18718.448959589
823739000 -13119.0495306253
830559000 -9636.37904942036
837394000 -23011.1962672472
844224000 -23435.5313709974
851059000 -18813.3731381893
857882000 -21307.9345632792
864710000 -22756.0017672777
871534000 -22243.9792109728
878368000 -25637.4655557871
885207000 -26984.465862751
892036000 -19428.9754010439
898864000 -24884.5943546295
905688000 -19380.1191241741
912511000 -11886.7506562471
919339000 -20346.896812439
926163000 -17846.9461320639
939804000 -19918.7540737391
946636000 -26346.5441707373
953466000 -25795.0407161713
960289000 -18312.2286481857
967121000 -16744.5508122444
973946000 -17245.5621519089
980769000 -25767.2750761509
987591000 -25300.0918898582
994420000 -23767.2427461147
1001262000 -33111.156730175
1008089000 -21600.5222178698
1014914000 -16110.5879627466
1021744000 -7574.18579626083
1035386000 -20678.6200877428
1042205000 -25252.2863897085
1049022000 -21846.6472047567
1055846000 -28375.3537778854
1062658000 -38020.6955692768
1069476000 -27609.9777194262
1076296000 -19181.5781883001
1083115000 -22764.2781280279
1089944000 -12252.5532736778
1096767000 -11799.8955936432
1103589000 -8358.33804702759
1110401000 -7014.21149873734
1117217000 -2633.21892809868
1124032000 -5263.32273721695
1130852000 -9846.9718837738
1137672000 -17432.1272258759
1144492000 -18018.7887628078
1151311000 -18616.5475623608
1158147000 -12052.7677288055
1164971000 -18605.5886638165
1171787000 -15236.6407945156
1178600000 -16897.9679048061
1185415000 -15541.6181941032
1192218000 -22301.84938097
1199051000 -13775.8936061859
1205875000 -7337.75347685814
1212700000 -2891.5322303772
1219545000 -7255.0422270298
1226364000 1130.62596940994
1233185000 2533.96524405479
1240008000 -1045.02572774887
1246829000 7355.2998316288
1253660000 -1150.00371408463
1260471000 151.431039571762
1267676000 1228.7619497776
1274505000 699.672767877579
1281337000 197.833983421326
1288541000 8260.70987653732
1295363000 5659.90176677704
1302175000 10961.7247600555
1308989000 10281.2170126438
1315805000 1618.37720036507
1322622000 -1036.38152122498
1329436000 1278.59898972511
1336256000 3649.58642506599
1343458000 5680.48086714745
1350262000 -4104.9824450016
1357079000 -1767.34763813019
1363895000 -1440.80188465118
1370704000 817.151700496674
1377521000 -1849.72611689568
1384331000 6414.80654549599
1391143000 1697.00402832031
1397948000 5910.61728405952
1404762000 -1791.0232963562
1411580000 1544.16313409805
1418393000 -1170.0678396225
1425197000 -8972.04170084
1432009000 -1698.85887646675
1438822000 -2417.59695839882
1445634000 -1147.41968154907
1452446000 -1878.74506878853
1459257000 -7621.15421438217
1466121000 -4857.27926969528
1472924000 -13679.3497703075
1479739000 -18387.9537804127
1486553000 -13107.6419894695
1500180000 -12561.1088159084
1506994000 -10285.3074426651
1513801000 -8078.06491732597
1520616000 -2795.68998336792
1527429000 -4533.97681236267
1534628000 -9576.40368247032
1541442000 -9308.20344758034
1548256000 -18041.5067589283
1555064000 -13833.7815721035
1561873000 -25617.9795124531
1575486000 -9238.766071558
1582301000 -8970.0042655468
1589110000 -6760.20778799057
1595936000 -7389.10926961899
1602749000 -3144.01342654228
1609555000 -5967.45428490639
1616370000 -2706.21109223366
1623184000 -4456.04767370224
1629995000 -11236.1145002842
1636805000 -7027.25889492035
1643619000 1218.39542984962
1650435000 -4518.30398273468
1657256000 -8208.6344063282
1664076000 -13910.0459291935
1670894000 -3632.11213135719
1677702000 -2451.4238576889
1684516000 -3214.79367828369
1691385000 4546.87981200218
1698191000 6703.90390062332
1705003000 2916.86679625511
1711818000 5157.04577827454
1718649000 5548.88390421867
1725466000 10805.1963295937
1732281000 14040.8593769073
1745893000 14335.3808765411
1752706000 11547.3927485943
1759516000 9729.18739962578
1766326000 13909.4802694321
1773139000 9116.98415088654
1779953000 12332.555637598
1786768000 11556.1940677166
1793580000 11749.6177036762
1800393000 3951.10872459412
1807207000 5160.66646790504
1814013000 7292.16380786896
1820825000 12479.5774512291
1827638000 13675.0575966835
1834450000 18859.4656920433
1841261000 14032.8023986816
1848093000 5405.57546806335
1854911000 12642.8810791969
1861733000 16916.9536271095
1868550000 7141.67988991737
1875360000 2297.92793869972
1882178000 5529.21340632439
1888990000 10701.5904865265
1895803000 18882.0318617821
1902615000 23051.4033942223
1909438000 20324.5039539337
1916259000 18576.9644007683
1923078000 13808.786059618
1929892000 17991.2726912498
1936714000 18248.7808492184
1943527000 19418.6932098866
1950347000 25654.0588140488
1957168000 24897.4831943512
1963982000 24072.4476821423
1970796000 28245.9086241722
1977628000 33590.0235872269
1984448000 25817.8579945564
1991264000 27005.9307370186
1998074000 30135.117169857
2004884000 31262.8018214703
2012078000 29061.2533581257
2018895000 11252.7905743122
2025713000 15452.3856720924
2032534000 14679.1630511284
2039350000 7856.62224245071
2046161000 4984.76655626297
2052975000 15140.094255209
2059792000 16322.6033530235
2066611000 22522.7304356098
2073809000 14345.0467765331
2080622000 1484.7128200531
2087814000 2246.39888691902
2094625000 5363.85406374931
2101461000 5718.8145031929
2108279000 4900.18026947975
2115095000 3060.92100930214
2121909000 2201.03804636002
2128723000 -4660.34846258163
2135530000 -590.152886867523
2142344000 -4454.54494357109
2149173000 -1177.05923366547
2155985000 -7063.578758955
2162810000 -3827.34288477898
2170014000 -5970.1011300087
2176833000 -10794.3129768372
2183651000 -8629.58821487427
2190471000 -19447.2539319992
2197283000 -32342.8834104538
2204474000 -26617.9241962433
2211291000 -21468.8588938713
2218110000 -26302.1854186058
2224925000 -28175.2428998947
2238549000 -33983.2049827576
2245365000 -42851.2174634933
2252183000 -51701.6235370636
2258991000 -51649.0868973732
2265796000 -54626.7160897255
2272604000 -57577.1805882454
2279423000 -49424.0460863113
2286242000 -50272.4173388481
2293067000 -56064.9697780609
2299877000 -52002.3387246132
2306688000 -45931.655798912
2313501000 -49843.3682308197
2320319000 -56708.8177084923
2327126000 -51680.8554005623
2333932000 -45663.9463219643
2340750000 -53533.9066572189
2347564000 -49443.5816221237
2354381000 -46326.1038064957
2361195000 -51238.7865257263
2368013000 -50114.7661213875
2374839000 -47915.8394575119
2381652000 -46842.5875706673
2388465000 -58770.838789463
2395274000 -49738.7962498665
2402090000 -58641.4011044502
2408901000 -53593.2621026039
2416107000 -59774.3293857574
2422927000 -61643.332947731
2429738000 -59599.7897191048
2436555000 -53500.4520263672
2443377000 -58354.8730688095
2450192000 -50277.6442332268
2457007000 -52201.9193840027
2463823000 -51118.1499586105
2470637000 -65054.981648922
2477831000 -61365.0323243141
2484650000 -62257.2155046463
2491463000 -59208.1904563904
2498278000 -53141.5736141205
2505097000 -56038.2718467712
2511917000 -66926.9288253784
2518721000 -62969.840587616
2525536000 -66909.2392539978
2532356000 -65802.4101805687
2539174000 -60716.1795516014
2545990000 -58650.5460419655
2552802000 -62624.599694252
2559626000 -59485.6104598045
2566441000 -73434.0363621712
2573265000 -72298.0610632896
2580096000 -73096.7801299095
2586912000 -75040.1789326668
2593731000 -79956.449090004
2600567000 -74711.974673748
2607336000 -77108.4559221268
2614150000 -74076.9545359612
2620965000 -81037.4132204056
2627781000 -77989.8326368332
2634598000 -68934.2134475708
2641416000 -72870.5563149452
2648236000 -65789.3193082809
2655073000 -66547.3681750298
2661879000 -65602.7374258041
2668692000 -60592.8131799698
2675518000 -70460.3498129845
2682325000 -73510.6835784912
2689133000 -68552.9765338898
2695947000 -62539.5241007805
2702756000 -61575.2793502808
2709573000 -72536.2110862732
2716390000 -71498.6476922035
2723211000 -65424.4285078049
2730027000 -62399.4156813622
2736839000 -60414.0661787987
2743651000 -57430.2193398476
2750463000 -52447.8751654625
2757288000 -47343.025850296
2764099000 -52373.2287111282
2770912000 -54385.8565535545
2777736000 -50295.0651054382
2784543000 -56367.9306573868
2791358000 -59365.993001461
2798175000 -61346.4838571548
2804988000 -60366.629650116
2811802000 -62378.7412524223
2818609000 -68459.1159305573
2825421000 -60493.3067903519
2832237000 -68490.8537764549
2839049000 -61528.0508460999
2852681000 -65530.6651949883
2859496000 -63543.7647652626
2866315000 -64520.2261981964
2873125000 -66584.0111775398
2879940000 -62601.6224889755
2886756000 -65611.2029194832
2893577000 -65574.6145367622
2900385000 -72663.4803490639
2907198000 -64706.176024437
2914013000 -62731.3068318367
2920835000 -65691.2052674294
2927648000 -70738.4126844406
2934467000 -80729.9232616425
2941287000 -92713.4064888954
2948094000 -101822.323384285
2954918000 -103770.685483456
2961728000 -107854.009719849
2968540000 -113919.771296024
2975354000 -114967.971535206
2982174000 -112960.484645367
2988988000 -123011.693301678
2995799000 -119092.999516964
3002612000 -115156.745720387
3016261000 -108069.541900158
3023073000 -105147.332947254
3029888000 -113198.035955906
3036704000 -107240.712938309
3043518000 -103303.953934669
3050336000 -97330.5801897049
3057150000 -104396.82916069
3063959000 -96512.2273316383
3070770000 -91610.0690226555
3077583000 -92690.355556488
3084391000 -87819.7875409126
3091204000 -92903.0791816711
3098021000 -99949.7618160248
3104842000 -104959.838092804
3112035000 -107427.161273956
3118844000 -106554.661231995
3125649000 -101721.771061897
3132459000 -98842.7459058762
3139272000 -96936.642455101
3146083000 -106051.095052242
3152901000 -99100.3661170006
3159716000 -91179.7205834389
3166537000 -103203.424182415
3173358000 -102228.634418488
3180167000 -90369.6557002068
3186981000 -93464.5525875092
3193796000 -86551.4280939102
3200613000 -89620.7581772804
3207430000 -82691.5931315422
3214241000 -85821.0785398483
3221058000 -82894.9219098091
3227864000 -87075.0322012901
3234695000 -81018.5524549484
3241508000 -76135.0046219826
3255121000 -66496.2164950371
3261933000 -56626.6978292465
3268737000 -47834.8618211746
3275548000 -48977.8689966202
3282742000 -48475.4324178696
3289553000 -47621.528512001
3296365000 -48759.6052241325
3303178000 -40889.6632151604
3310003000 -33906.9703512192
3316827000 -33935.306833744
3323636000 -31107.9621005058
3330452000 -24215.4752001762
3337266000 -38343.5332889557
3344081000 -30463.5748643875
3350891000 -37632.7196221352
3357707000 -33746.2484507561
3364530000 -33794.645925045
3371340000 -34968.3002176285
3378154000 -43105.3804655075
3384973000 -41196.3705825806
3391791000 -38298.384967804
3398604000 -31449.4961342812
3405422000 -30554.5200390816
3412232000 -22737.1920762062
3419059000 -22759.5661530495
3425886000 -30783.4495177269
3432701000 -28923.0484471321
3439561000 -26635.8877830505
3446359000 -23940.2893233299
3453169000 -21131.9890298843
3459985000 -18268.0926790237
3466792000 -16491.3455290794
3473594000 -15763.6781654358
3480411000 -19894.7743797302
3487263000 -20694.3356380463
3494461000 -17203.1596045494
3501276000 -18357.8922014236
3508085000 -17571.21727705
3514900000 -11728.9565248489
3521711000 -11926.2569899559
3528518000 -12163.116024971
3535378000 -8897.24063205719
3542164000 -5336.89880895615
3548982000 -2473.61860322952
3555800000 388.156290531158
3562618000 4248.4258723259
3569437000 15116.7029042244
3576258000 13002.4992651939
3583073000 6829.71506738663
3589886000 -2363.59731769562
3596699000 4441.5871925354
3603524000 7359.40849781036
3610349000 15275.7213993073
3617164000 9095.41373252869
3623967000 15799.4701266289
3630784000 14635.1786847115
3637602000 13478.892926693
3644418000 18302.0811896324
3651613000 19728.0956029892
3658431000 23567.2111148834
3665240000 30319.2343792915
3672053000 28107.7940602303
3678866000 20894.8506355286
3685682000 21708.9310998917
3692498000 13521.5071353912
3699310000 294.544516563416
3706117000 4018.53755474091
3712944000 -68.8075618743896
3719759000 -271.756694793701
3733378000 213.251094341278
3740216000 6224.45876502991
3747044000 7139.08217477798
3753850000 -1156.9535241127
3760658000 -11435.476099968
3767479000 -4591.91703796387
3774284000 -901.96266412735
3781101000 -6099.43697214127
3787919000 -7288.91046380997
3794727000 -3574.94393062592
3801550000 -4719.89960956573
3808369000 -3904.38290834427
3815185000 -118.886371612549
3821999000 2646.09656858444
3828866000 -12086.6928572655
3835669000 -7429.27425003052
3849297000 5090.14827346802
3856108000 2819.0937795639
3862928000 3632.06638669968
3869746000 9424.52672386169
3876945000 5836.0524559021
3883758000 -6422.09486675262
3890576000 -3634.23347997665
3897378000 -2999.91168022156
3.911e+09 435.267784118652
3917815000 4188.61010456085
3924640000 -5964.53896427155
3931467000 1899.8056397438
3938283000 5658.131960392
3945098000 2405.45325565338
3951911000 -3867.73018980026
3958716000 -9218.41798734665
3965529000 -21494.6058773994
3972337000 -19819.7954473495
3979157000 -23032.4919838905
3985975000 -18265.6932621002
3992790000 -13528.8970098495
3999607000 -24774.6070818901
4006422000 -23040.8192462921
4013243000 -17251.5450553894
4020060000 -16501.7701792717
4026872000 -6800.9899187088
4033687000 -21073.2191371918
4040491000 -19451.4249281883
4047302000 -10764.6488432884
4054506000 -19347.0301837921
4061323000 -27606.3642220497
4068140000 -32867.2031302452
4074959000 -30110.554125309
4081775000 -35383.8993868828
4088585000 -28715.7247810364
4095398000 -31020.5647659302
4102213000 -30307.9168367386
4109029000 -27587.2776069641
4115837000 -24944.1033496857
4122656000 -29197.9866695404
4129476000 -25443.8811168671
4136291000 -23738.7537870407
4143109000 -28006.6478900909
4149919000 -31351.9990196228
4156739000 -34603.9144926071
4163536000 -44075.6871933937
4170357000 -39321.1166744232
4177209000 -45273.7672743797
4184025000 -49569.6811761856
4190839000 -42886.0847859383
4197654000 -32194.499522686
4204466000 -36532.8948411942
4218086000 -42252.1604971886
4224895000 -35623.5375342369
4231707000 -34967.9419631958
4238520000 -28304.357960701
4245360000 -28386.0234575272
4252174000 -22715.9609680176
4258990000 -35028.4211597443
4265804000 -38361.3662037849
4272622000 -44657.8548297882
4279434000 -42012.7873897552
4286248000 -41350.243514061
4293067000 -42641.756538868
4299882000 -40972.7317500114
4306713000 -47153.3887515068
4313532000 -50449.4208030701
4320364000 -52623.6088213921
4327175000 -49998.5610451698
4333995000 -43289.6234574318
4340811000 -50620.1431970596
4347637000 -56857.2917451859
4354461000 -61114.9238214493
4361287000 -59355.0896205902
4368109000 -62634.7118616104
4374913000 -64086.6013908386
4381726000 -62454.6119318008
4388543000 -54786.1806297302
4395359000 -55128.7402143478
4402172000 -51501.2616157532
4408994000 -55789.9159460068
4415815000 -51089.5627088547
4422634000 -44409.6863746643
4429460000 -42664.9214076996
4436280000 -45978.5734357834
4443091000 -41379.0918931961
4449905000 -40752.6598243713
4456720000 -48118.2472705841
4463538000 -47456.8872785568
4470349000 -46863.4177160263
4477169000 -43186.1000671387
4483983000 -43567.1874933243
4490826000 -46674.7736272812
4497640000 -43058.8745450974
4504452000 -49463.4439764023
4511262000 -54888.4805965424
4518084000 -56201.2344894409
4524899000 -52581.8682107925
4531720000 -53907.116314888
4538536000 -52281.2779550552
4545350000 -64675.9063434601
4552162000 -71091.0001554489
4558983000 -73422.2701683044
4565792000 -66868.8127841949
4572606000 -67269.4553575516
4579416000 -66709.5216999054
4586227000 -67141.6099901199
4593040000 -58556.2412700653
4599862000 -59887.0611085892
4606675000 -66304.7005853653
4613492000 -59685.92735672
4620310000 -61059.180264473
4627120000 -64509.7665758133
4633938000 -63886.028342247
4640757000 -67254.3173503876
4647572000 -66662.0235080719
4654391000 -75033.323141098
4661205000 -82453.5155639648
4668019000 -87875.2115335464
4674830000 -84326.8419475555
4681645000 -79742.0676021576
4688454000 -74215.6563940048
4695274000 -64586.5071773529
4702091000 -64987.2924060822
4715742000 -55632.2915611267
4722550000 -56122.8739433289
4729369000 -53510.730017662
4736194000 -54843.2419700623
4743009000 -57272.0099115372
4749828000 -53664.383687973
4756647000 -52058.2632188797
4763455000 -46557.8635625839
4770267000 -50021.0693025589
4777079000 -40485.7777051926
4790697000 -40476.5417881012
4797564000 -36424.7422504425
4804369000 -28961.7815179825
4811179000 -30452.9576053619
4817989000 -30945.6354751587
4824809000 -25345.0940275192
4831628000 -18755.5306634903
4838442000 -32214.8313932419
4845262000 -24618.8069858551
4852082000 -21024.288772583
4858902000 -22431.2767543793
4865717000 -32887.1248559952
4872543000 -26240.300740242
4879360000 -20680.2185573578
4886224000 -17676.5455255508
4893033000 -16195.2426614761
4899849000 -17649.1533794403
4906663000 -18123.5074453354
4913480000 -16570.9573402405
4920290000 -22086.195230484
4927489000 -19919.5752124786
4934298000 -11447.3710136414
4941117000 -11881.9847211838
4947927000 -12403.3172855377
4954742000 -9878.81212043762
4961562000 -11308.4725351334
4968379000 -23768.0415267944
4975198000 -18210.1809101105
4982019000 -19634.8920087814
4989212000 -16539.463139534
4996022000 -16071.4018974304
5002841000 -24519.6453342438
5009648000 -25082.9880123138
5016462000 -17581.5698223114
5023287000 -12977.5326700211
5030105000 -13441.2621536255
5036921000 -10925.4274311066
5043736000 -17420.5621566772
5050547000 -18955.0600690842
5057365000 -18424.8081512451
5064174000 -16981.2407684326
5070983000 -19539.1747274399
5084623000 -11451.3453397751
5091443000 -14909.6899385452
5098257000 -7426.32026100159
5105069000 -963.380197525024
5111887000 -2445.16591739655
5118706000 -1918.99435520172
5125525000 1605.67145347595
5132345000 -1861.70634174347
5145964000 5000.32358360291
5152780000 11490.5858850479
5159980000 3612.46844863892
5166801000 8146.94231128693
5173624000 13698.8311662674
5180432000 19107.3035984039
5187277000 13864.3089189529
5194095000 10364.3729095459
5200909000 9825.09186553955
5207725000 18303.2266960144
5214538000 21751.4786291122
5221351000 23198.2274580002
5228167000 13671.8503255844
5234978000 17096.6746282578
5241794000 25567.2897415161
5248629000 26216.1097536087
5255441000 31645.8791561127
5262260000 27140.3515043259
5269073000 26576.5717601776
5275886000 22011.2889108658
5282695000 24406.673828125
5289508000 19838.3856515884
5296319000 26249.6806879044
5303121000 20574.3639163971
5309960000 21247.4356851578
5316784000 16777.1501836777
5323599000 12220.2531032562
5330396000 2491.64876556396
5337214000 960.114233016968
5344018000 4294.70024204254
5350833000 -3268.20705032349
5357646000 3148.47195911407
5364454000 3516.3746919632
5371273000 2986.7750787735
5378098000 7512.39486885071
5384910000 14913.6046190262
5391722000 17313.3117055893
5398534000 24711.51612854
5405352000 28164.9377498627
5412173000 29645.2133264542
5418986000 31048.3593187332
5425792000 36383.8336677551
5432607000 25802.8798503876
5439426000 32258.2308721542
5446238000 36645.912238121
5453055000 38079.3497676849
5459868000 31473.4762477875
5466686000 39913.3562440872
5473496000 48276.1221017838
5480310000 46675.1897087097
5487121000 47044.4017829895
5493939000 46478.2647266388
5500754000 44882.271695137
5507584000 47426.5246763229
5514396000 48799.1710233688
5521214000 51227.0120563507
5528029000 48624.9997653961
5534845000 51030.9326038361
5541664000 46463.7077026367
5548474000 49809.9389677048
5555286000 59173.5653629303
5562106000 60611.2749671936
5568923000 63019.1343364716
5575735000 62378.2498731613
5582548000 69745.3103170395
5589361000 67110.8676567078
5596180000 67531.604675293
5602994000 62903.6013917923
5609803000 65226.8611154556
5616623000 73652.5306549072
5623434000 77991.6777677536
5630247000 75348.2147130966
5643870000 77028.442530632
5650680000 85352.1347265244
5657495000 84721.5508670807
5664305000 88042.2383966446
5671121000 84418.0923690796
5677940000 75820.7753629684
5684762000 79250.2853889465
5691596000 82791.6168289185
5698411000 87152.0033063889
5705226000 81510.8857965469
5712048000 82934.3679504395
5718861000 86271.3546047211
5725672000 83587.9522790909
5732487000 76940.8185987473
5739318000 77443.2608633041
5752928000 84952.625412941
5759739000 85261.7093286514
5766560000 88663.707157135
5773378000 97035.874171257
5780193000 99378.2123575211
5787006000 106700.164653778
5793824000 102067.817498207
5800641000 104424.524521828
5807455000 109751.405806541
5814283000 100208.944499969
5821095000 97513.9359102249
5827916000 105902.381295204
5834718000 115109.971331596
5841542000 121523.725195885
5848358000 120860.459383011
5855170000 129157.934165001
5861984000 125472.783329964
5868800000 133805.005555153
5875616000 136135.723349571
5882448000 119615.942489624
5889268000 112981.398454666
5896077000 113241.536616325
5902894000 114575.671024323
5909707000 108870.552652359
5916522000 107182.804689407
5923339000 110512.425811768
5930157000 116849.978380203
5936973000 121167.153446198
5943819000 113765.900294304
5950640000 113127.238142967
5957452000 114402.150470734
5964259000 113628.384078979
5971067000 112862.552218437
5977872000 118066.915148735
5984684000 112335.820350647
5991505000 112688.13185215
5998341000 102180.448335648
6005154000 102454.272154808
6011970000 102754.893868446
6018785000 108044.577707291
6025601000 102342.190783501
6032416000 93628.8664264679
6039236000 92961.2019996643
6046042000 96159.9754991531
6052852000 92394.9783506393
6059662000 89628.4794225693
6066484000 89973.6615247726
6073300000 93260.746468544
6080114000 94527.4640645981
6086923000 104745.521918297
6093735000 105990.371488571
6100551000 109271.441585541
6107369000 104569.868408203
6114180000 98800.7774248123
6120994000 100058.474625587
6127810000 99333.5281114578
6134610000 106456.202054024
6141420000 97671.673368454
6148233000 102913.930662155
6155042000 94116.9687175751
6161865000 101450.508808136
6175495000 106962.212498665
6182309000 108206.380212784
6189120000 109420.760591507
6195944000 108756.198963165
6202755000 116967.572029114
6209573000 104243.433745384
6216387000 108480.081963539
6223199000 96696.3729820251
6230014000 94939.4411535263
6236830000 85190.4317235947
6244030000 89059.562458992
6250851000 90354.5890674591
6257674000 87666.9604597092
6264490000 79911.845908165
6271302000 81117.5258541107
6278111000 72293.4279937744
6284930000 73562.0770654678
6291723000 74584.1806087494
6298531000 68746.1556625366
6305342000 60934.9023160934
6312157000 51159.8425283432
6318972000 50383.2787532806
6325805000 53774.8340597153
6332614000 51938.7186403275
6339424000 54110.5249433517
6346234000 59280.8294639587
6353049000 64496.7453117371
6359862000 70692.3123693466
6366680000 66933.4872217178
6373490000 65097.781088829
6387152000 76817.5672187805
6393971000 81062.1381454468
6400788000 86286.3611688614
6407602000 85480.8167572021
6414411000 79626.6656293869
6421227000 78836.9560565948
6428046000 80074.0026321411
6434868000 77337.8033704758
6441694000 74637.7760334015
6448519000 76926.8203191757
6455327000 82054.2279491425
6462132000 82151.8774118423
6468946000 85332.7971143723
6475759000 88502.7946224213
6482568000 90633.6153182983
6489381000 95800.6074991226
6496187000 98900.1706733704
6503020000 96252.5134916306
6509843000 89509.1689300537
6516663000 98736.0648794174
6523489000 91017.9572458267
6530311000 96260.6732406616
6543929000 95496.7565660477
6550741000 97640.7948770523
6557556000 91811.5785198212
6564373000 91999.6897325516
6571193000 97214.5427455902
6578010000 100399.643554688
6584842000 105724.46622467
6591654000 101859.479509354
6598477000 92096.5515422821
6612130000 93632.0726671219
6618946000 92798.7225170135
6625760000 76945.0403585434
6632569000 87042.7868051529
6639383000 85186.0986566544
6646195000 86309.0807056427
6653008000 87439.9729986191
6659862000 96955.282333374
6666651000 94857.2601966858
6673470000 85040.1128959656
6680285000 85183.8117446899
6687103000 95354.2420167923
6693923000 95541.9901418686
6700747000 95765.8775215149
6707564000 89922.378950119
6714389000 94152.6628704071
6721206000 93306.1527929306
6728026000 98486.3692808151
6734837000 91580.3872528076
6741643000 94625.8528156281
6748449000 97669.8183603287
6755264000 95796.9702568054
6762085000 95979.0744199753
6768901000 89112.6261720657
6775718000 95254.0824298859
6782527000 87318.7641096115
6789340000 77419.578420639
6796150000 78490.664809227
6802969000 78644.9218835831
6809783000 77750.6340484619
6816605000 79930.1035499573
6823415000 83995.1773004532
6830229000 86096.3779459
6837034000 88111.4125080109
6843848000 74209.6080474854
6850665000 81334.5195608139
6857483000 85467.332490921
6864303000 86617.4522390366
6871128000 92813.0950164795
6877941000 98894.361905098
6884757000 101002.341897964
6891576000 105137.033008575
6898386000 109185.573711395
6905199000 106260.826857567
6912012000 101334.576897621
6918822000 100378.61093235
6925640000 104496.375821114
6932456000 97593.8276815414
6939267000 96642.7569236755
6946087000 90774.8146982193
6952894000 89783.1247234344
6959711000 89883.9640512466
6966515000 92861.0626897812
6973328000 78921.2850065231
6980141000 82980.0042190552
6986949000 72990.209856987
6993763000 67055.3258361816
7000572000 69071.9300060272
7007376000 62040.0256738663
7014188000 61081.8318996429
7021029000 68394.7641954422
7027840000 70424.1579284668
7034649000 69433.2483406067
7041467000 72525.440369606
7048285000 77616.1270866394
7055097000 75648.9091691971
7061912000 74708.387588501
7068728000 73775.7614660263
7075550000 67898.026263237
7082364000 70943.5919494629
7089176000 65968.8565244675
7095991000 61020.8141231537
7102803000 70043.0727081299
7109619000 70101.4211149216
7116428000 70092.4797878265
7123238000 65091.434800148
7130058000 65182.8626298904
7136877000 64263.3870239258
7143689000 58276.6265392303
7150502000 59297.7601881027
7157316000 59326.7873086929
7164119000 64250.9509630203
7170940000 49342.7463693619
7177777000 56583.3697738647
7184592000 59615.7742109299
7191398000 61562.1154031754
7198208000 69544.5375881195
7205021000 67553.6430892944
7211836000 68580.0351085663
7218646000 72557.9501857758
7225455000 73524.9691104889
7232273000 72575.0340442657
7239087000 71586.0179491043
7245905000 66633.073141098
7252718000 69631.6555843353
7259529000 67609.9483880997
7266341000 62596.1320171356
7273153000 68580.8129806519
7279964000 64554.5986766815
7286787000 68639.5907640457
7293598000 75610.3693675995
7300417000 70654.7812948227
7307233000 55669.5122995377
7314043000 57626.3898677826
7320855000 66600.5482158661
7327676000 66657.723443985
7334485000 67600.7019615173
7341299000 70589.132232666
7348112000 65566.6685600281
7354929000 64580.2624950409
7361739000 71526.6218585968
7368559000 70565.3768062592
7375419000 78978.2061519623
7389058000 83038.7783317566
7395897000 76249.8880615234
7402722000 75328.0423746109
7409540000 70338.9694194794
7416356000 77329.6147756577
7429958000 81024.7597732544
7436791000 78170.4864244461
7443619000 73267.7646045685
7450446000 75354.1459693909
7457274000 75448.4049091339
7464047000 67024.8887357712
7470876000 69125.526799202
7477665000 69849.2065858841
7484464000 68665.2536706924
7491285000 70686.2905979156
7498107000 70715.2064294815
7504926000 69714.4592199326
7511740000 60665.2807598114
7518558000 63652.1382694244
7525376000 62637.4904661179
7532200000 61677.6439762115
7539008000 70566.1420593262
7545816000 79453.1392431259
7552638000 77470.0083856583
7566329000 59940.2420759201
7573155000 56990.1120443344
7579988000 58104.1533946991
7586804000 51057.1774339676
7593617000 49980.5496988297
7600430000 43902.4188594818
7607251000 42897.840970993
7614073000 36901.1382322311
7620891000 34865.4021539688
7627709000 22828.1607637405
7634522000 28742.5084428787
7641306000 18383.3068132401
7648078000 3910.04663276672
7654889000 10801.1395130157
7661710000 14784.5326051712
7668531000 16766.4190607071
7675361000 7831.21709251404
7682192000 13903.8840894699
7688973000 23506.0720443726
7695731000 11891.0507326126
7702526000 3621.57060623169
7709349000 -2386.80106067657
7716177000 -349.787850379944
7723010000 4732.60692119598
7729835000 3738.46545314789
7736666000 8799.08247756958
7743493000 9820.67806339264
7750324000 13878.2738571167
7757149000 10878.0956764221
7770722000 -3848.792719841
7777494000 -10350.4332294464
7784321000 -14337.8637504578
7791147000 -15336.1796121597
7797981000 -20260.997674942
7804800000 -24327.962264061
7811622000 -28368.3064413071
7818453000 -33325.7811870575
7825272000 -37397.2663497925
7832103000 -42357.7605571747
7838918000 -48469.7578954697
7852432000 -53785.6561183929
7859235000 -57014.6259813309
7866028000 -70338.8308057785
7872811000 -61758.2639970779
7879590000 -55216.6798353195
7886360000 -55760.9405288696
7899963000 -61263.4451570511
7906741000 -61737.1937665939
7913526000 -59146.8254528046
7920300000 -56661.0384778976
7927098000 -51951.8178548813
7933887000 -46328.4365882874
7940658000 -55875.2296361923
7947450000 -52226.716509819
7954251000 -53495.3603038788
7961001000 -57243.3999958038
7967778000 -55739.9161472321
7974549000 -61294.1402359009
7981334000 -66718.6704483032
7988126000 -73079.103723526
7994924000 -75384.8141336441
8001722000 -83692.0210371017
8008532000 -86888.2962837219
8015337000 -88132.9172706604
8022138000 -82416.5121212006
8028933000 -80757.8148965836
8035733000 -81053.7721862793
8042503000 -72632.2642030716
8049294000 -74015.5188646317
8056059000 -71643.8212337494
8062836000 -71161.198554039
8069639000 -78436.5202550888
8076417000 -76947.5109901428
8083199000 -87422.5230503082
8089978000 -96927.1236915588
8096768000 -104330.184764862
8103559000 -102725.372877121
8110312000 -108477.951603889
8117085000 -102044.697127342
8123867000 -96528.6406602859
8130688000 -107648.836419106
8137473000 -108107.672919273
8144285000 -101315.155546188
8151052000 -96945.5386734009
8157879000 -103015.554056168
8164693000 -110208.810143471
8171514000 -102338.023634911
8178330000 -104515.561333656
8185146000 -93694.6034593582
8191962000 -91875.1500139236
8198778000 -88057.2009983063
8212376000 -98744.138217926
8219146000 -91361.3557853699
8225965000 -91521.3209133148
8232787000 -91654.7065439224
8239547000 -91370.0141391754
8246310000 -86058.7176074982
8253057000 -86898.6796970367
8259810000 -83683.9506587982
8266630000 -89843.5344486237
8273454000 -88967.1827011108
8280276000 -92111.0593385696
8287101000 -95228.3630819321
8293925000 -91356.5349988937
8300731000 -100654.686777115
8307487000 -92422.3050985336
8314292000 -92732.8050031662
8321110000 -95923.1389083862
8327930000 -99096.2607870102
8334713000 -93617.15147686
8341479000 -87298.6219806671
8348241000 -83019.0069665909
8355066000 -81151.3317661285
8361903000 -79172.8741369247
8368729000 -72298.8610486984
8375556000 -84416.9996805191
8382381000 -81555.3614120483
8389208000 -82676.5181779861
8396040000 -86752.4019145966
8402869000 -83857.8658781052
8409732000 -83646.7353029251
8416559000 -76773.9387302399
8423378000 -78977.4960737228
8430178000 -83360.3109703064
8436932000 -90174.9596300125
8443784000 -82074.3033828735
8450597000 -76340.0006599426
8457395000 -76747.5181922913
8464193000 -76156.5322179794
8470967000 -80791.5396261215
8477735000 -83484.1558885574
8484490000 -84299.8522577286
8491277000 -79817.7180786133
8498084000 -78150.0123615265
8504862000 -83755.0423440933
8518460000 -76576.7604064941
8525270000 -81886.9897661209
8532085000 -82151.9606170654
8538897000 -74446.4909677505
8545692000 -68901.5014772415
8552482000 -72404.7641487122
8559275000 -65881.4662590027
8566079000 -74256.8021287918
8572886000 -66605.5849227905
8579647000 -64385.9919748306
8586454000 -57737.7655467987
8593248000 -58212.5905838013
8600055000 -53567.3622074127
8606861000 -55932.9839258194
8613671000 -63262.7079973221
8620484000 -63565.8862628937
8627305000 -74795.7758331299
8634114000 -70139.35709095
8640923000 -75484.4396877289
8647723000 -72915.1584472656
8654498000 -72581.076924324
8661304000 -66958.6976833344
8668101000 -67421.9473419189
8674914000 -58737.1341190338
8681721000 -59109.9072761536
8688524000 -57521.5688648224
8695341000 -53803.8743400574
8702145000 -46209.1898498535
8708945000 -50653.3898200989
8715770000 -39865.4344043732
8722584000 -40181.7921714783
8729386000 -46611.8015136719
8736193000 -47996.581867218
8743023000 -42167.9224376678
8749842000 -36443.5686950684
8756676000 -29580.5489196777
8763493000 -29877.8991260529
8770305000 -36223.4759216309
8777125000 -47495.8023948669
8783940000 -44816.3545742035
8790760000 -42091.6923351288
8797569000 -39471.3143596649
8804383000 -31805.7215232849
8811199000 -31122.9461917877
8817980000 -29768.6732769012
8824800000 -27051.52876091
8831613000 -23401.2869510651
8838435000 -30668.4690036774
8845252000 -28983.8677196503
8852002000 -27926.6650333405
8858793000 -17487.9371318817
8865581000 -16078.7264213562
8872356000 -13792.4413127899
8879156000 -23274.1220989227
8885980000 -21533.1258926392
8892792000 -15905.7221775055
8899599000 -9326.52191162109
8906407000 -8739.48216819763
8913232000 -17995.1681518555
8920039000 -22420.473449707
8926857000 -16744.5471858978
8940540000 -14958.2854785919
8947355000 -15314.9013595581
8954139000 -14962.5113334656
8960932000 -16527.5681037903
8967751000 -12851.332447052
8974539000 -9466.07217407227
8981315000 -17194.3541240692
8988131000 -19550.6312580109
8994975000 -32646.9748897552
9001796000 -36959.5828227997
9008615000 -37292.3706455231
9015415000 -35804.0559482574
9022213000 -42335.9109973907
9029020000 -36785.2388401031
9035837000 -28142.7096862793
9042650000 -20539.0275039673
9049471000 -20862.1659927368
9056281000 -26289.4970340729
9063104000 -35596.9766426086
9070315000 -28284.125295639
9077130000 -24669.3809375763
9083950000 -25009.4696273804
9090771000 -20341.7305469513
9097586000 -23731.500579834
9104395000 -20178.7757492065
9118020000 -9012.49852180481
9124792000 -8809.59523391724
9131590000 -10365.5282421112
9138381000 -12988.2847137451
9145526000 -7308.93609809875
9152333000 -9785.44567489624
9159165000 -20030.1619033813
9166001000 -27239.0635108948
9172840000 -26421.4844646454
9179679000 -20605.4200153351
9186525000 -14725.5541038513
9193363000 -21921.8510475159
9200203000 -24101.0013027191
9207037000 -23337.647808075
9213880000 -21491.8368797302
9220715000 -26722.1803874969
9227933000 -30380.8263244629
9234828000 -22054.522108078
9241696000 -24981.6425209045
9248533000 -25199.4849834442
9255369000 -23428.1697921753
9262208000 -23630.3826293945
9269015000 -26132.6122722626
9275801000 -28832.229839325
9282633000 -31104.2619190216
9289453000 -22489.7358951569
9296273000 -21876.7160625458
9303091000 -25283.8566074371
9309915000 -29636.5412445068
9316736000 -25018.7137928009
9323560000 -17374.413690567
9330393000 -22647.6856861115
9337224000 -16941.12159729
9344040000 -21375.9550380707
9350860000 -17774.9907302856
9357672000 -16250.1352062225
9364489000 -18680.156829834
9371310000 -26074.3837966919
9378126000 -26516.7407073975
9384946000 -28923.3042831421
9398578000 -38815.5420131683
9405402000 -46189.3272953033
9412220000 -42620.5618839264
9419033000 -44099.9184646606
9425854000 -37506.1932258606
9432669000 -37969.9119930267
9439491000 -39369.8760280609
9446303000 -34864.5716762543
9459948000 -44662.7087097168
9466774000 -43031.4119091034
9473605000 -36355.0161075592
9480434000 -38698.774061203
9487250000 -45165.216840744
9494068000 -50614.5222358704
9500889000 -55037.370885849
9507713000 -55433.7647781372
9514557000 -50645.261762619
9521383000 -42026.0359535217
9528212000 -46380.3595905304
9535036000 -40782.7912979126
9541875000 -49046.9405879974
9548699000 -46452.3915348053
9555521000 -47877.9882793427
9562347000 -52267.81731987
9569173000 -57659.1552047729
9575991000 -64126.5479679108
9582808000 -72604.7640743256
9589612000 -74205.6166172028
9596436000 -76621.6164512634
9603268000 -70964.5852851868
9610076000 -70532.6772098541
9616867000 -64260.6578388214
9623697000 -58626.780210495
9630529000 -51975.7802219391
9637359000 -44344.9242649078
9644182000 -40780.7912425995
9651006000 -38208.8499164581
9657853000 -46424.1576747894
9664670000 -54920.4450321198
9671460000 -57669.7466278076
9678256000 -54364.6515407562
9685074000 -51856.1281890869
9692281000 -52725.7718505859
9699086000 -58341.4304866791
9705902000 -55856.1341781616
9712727000 -59288.5178661346
9719561000 -66638.5875148773
9726394000 -59999.4829330444
9733208000 -56538.8403778076
9740027000 -49033.1366615295
9746878000 -53230.9316387177
9753706000 -45644.4340019226
9760530000 -44096.6952075958
9767353000 -40559.7764339447
9774179000 -54996.4296703339
9.781e+09 -54481.1498298645
9787807000 -54097.7361488342
9794596000 -58883.4240665436
9801341000 -70080.2865695953
9808087000 -76269.3115825653
9814862000 -70189.8052330017
9821678000 -70730.0630283356
9828481000 -72392.856256485
9835287000 -82029.2186107635
9842106000 -81546.0557060242
9848918000 -80129.5644645691
9855738000 -72640.1023273468
9862556000 -70170.7643318176
9869364000 -75796.0191841125
9876189000 -68264.5298786163
9.883e+09 -62864.8653411865
9889815000 -61429.470659256
9896649000 -62818.7304286957
9903468000 -63349.1173210144
9910226000 -63448.7631587982
9917038000 -59047.2985553741
9923851000 -58638.0296230316
9930649000 -64369.8653297424
9937437000 -63196.2630214691
9944234000 -64940.3958415985
9951053000 -69481.2903270721
9957882000 -61930.6316890717
9964699000 -59493.151222229
9971517000 -57047.8701782227
9978302000 -53911.1668834686
9985113000 -51534.0242156982
9991943000 -49981.5928630829
9998763000 -42523.7177581787
10005582000 -51076.6531906128
10012391000 -45724.135597229
10019217000 -35214.9530181885
10026028000 -39846.8344917297
10032854000 -34340.6662940979
10039672000 -30910.432849884
10053313000 -40007.9679107666
10060136000 -34535.7386264801
10066965000 -31009.2027339935
10073740000 -38986.492275238
10080558000 -36565.2858448029
10087375000 -31154.8864212036
10094180000 -20857.6095466614
10101001000 -28413.0122032166
10107820000 -31988.5235595703
10114626000 -32686.451215744
10121375000 -27916.0126266479
10128114000 -22240.0527839661
10135247000 -20901.3044643402
10141993000 -21163.2723846436
10148789000 -12961.7286930084
10155611000 -8519.89401817322
10162421000 -14191.1575813293
10169239000 -15789.530582428
10176060000 -7361.51242828369
10182887000 -5879.20930671692
10189698000 1452.81044578552
10196521000 -2105.09410858154
10203346000 2354.08969306946
10210169000 9793.16965293884
10216989000 7202.8496055603
10223817000 3685.40156745911
10230636000 4082.77030754089
10237463000 553.007963180542
10244284000 7965.95665550232
10251112000 9442.47345352173
10257943000 10945.3690299988
10264778000 12483.9373474121
10271602000 -81.2601718902588
10278427000 1361.32985496521
10285255000 3830.29733467102
10292074000 2214.09949684143
10298896000 624.28044128418
10305698000 3847.06183433533
10312522000 10272.8218421936
10319325000 4501.8960609436
10326142000 7859.5870552063
10332984000 13448.1166973114
10339785000 18654.0961112976
10346609000 21072.3236026764
10353430000 17461.163892746
10360252000 18857.7904090881
10367082000 23327.2509326935
10373903000 15711.5691070557
10380724000 17094.3806419373
10387546000 21484.9775161743
10394327000 24493.1054267883
10401152000 26908.5717983246
10407976000 28313.2384548187
10414805000 32762.852602005
10421623000 34108.7570095062
10428417000 41230.1805114746
10435159000 36867.0068798065
10441953000 37985.4523582458
10448796000 46557.6126556396
10455618000 48933.1714382172
10462445000 54353.6708812714
10469270000 51754.0823822021
10476088000 54087.9617366791
10482916000 55513.2246303558
10489739000 62890.5344753265
10496610000 66712.1820373535
10503765000 62170.1537513733
10510587000 71533.5690860748
10517405000 70858.3262672424
10524221000 73163.0030403137
10531039000 67484.750038147
10537898000 74185.7630462646
10544718000 69523.0641365051
10551535000 60830.9990444183
10558357000 57183.861289978
10565194000 53674.5097732544
10572019000 49052.2125511169
10578844000 52428.4069232941
10585673000 57840.235118866
10592494000 56176.270450592
10599324000 61594.3651866913
10606155000 59020.2342014313
10612983000 61416.7381401062
10619807000 63774.594537735
10626637000 65186.6483612061
10633464000 69569.3395385742
10640295000 78987.6565818787
10647130000 64441.5968399048
10653954000 72791.907459259
10660783000 77187.1257419586
10667633000 80775.7748355865
10674466000 92205.098859787
10681303000 96670.0407848358
10688141000 102142.751234055
10694979000 104613.947528839
10701810000 103018.657091141
10708645000 104458.981895447
10722285000 103056.659023285
10729120000 110492.451986313
10735944000 115824.644515991
10742780000 119266.694725037
10749618000 123725.792163849
10756441000 119044.175033569
10763273000 117444.568641663
10770105000 117843.450748444
10776953000 124389.291175842
10783785000 131785.146743774
10790619000 135198.048654556
10797462000 137692.946472168
