38000 -46428.3910740804
6893000 -51759.8085852955
13713000 -54414.325642623
20535000 -56053.6815978512
27357000 -57696.1600415185
34126000 -58826.1791863963
40962000 -60346.925210081
47797000 -62879.9456019998
54632000 -63416.1003941149
61459000 -64028.4946579114
68290000 -65607.4652848095
75129000 -64116.4689058661
81971000 -65601.2003225684
88781000 -68381.4341633171
95585000 -68219.5945834666
102327000 -68627.2552265227
109083000 -69910.076401934
115836000 -70223.3633978665
122587000 -70557.9781036228
129718000 -70424.895087406
136470000 -70756.6644748151
143225000 -72064.0946550369
149977000 -72401.9828774333
156728000 -72752.0615800917
163476000 -75132.5919831991
170228000 -75479.6541545093
176974000 -74884.5573662519
183728000 -76219.4744337201
190476000 -76612.2289185822
197225000 -75998.9094931483
203982000 -76315.617510885
210727000 -75744.9262258708
217479000 -77113.393673867
224230000 -78494.0470732152
230984000 -78850.378023535
237739000 -78200.6432170868
244488000 -78608.7249914408
251241000 -79983.3611811996
257991000 -78388.4318595231
264740000 -77805.6839595437
271500000 -79125.6276149154
278255000 -78494.2552033663
285009000 -77875.0673841238
291763000 -79258.9401150346
298512000 -77691.4845435619
305266000 -79081.4761093855
312017000 -77501.8921957612
318769000 -76916.245243609
325521000 -75333.6570294499
332274000 -76745.0075888634
339027000 -76159.4177923203
345773000 -75640.7210491896
352529000 -76033.8915526271
359286000 -74421.00626719
366040000 -73838.5373479128
372801000 -76195.3082601428
379633000 -74907.8540277481
393327000 -76068.8644355536
400188000 -74526.4720467329
406950000 -72889.618083179
413738000 -74018.8549346924
420565000 -73795.7355899811
427378000 -71703.3334761262
434205000 -71486.4618531466
441032000 -72272.7172974944
447840000 -71235.231800735
454657000 -72118.8502067327
461477000 -69978.2526382208
468305000 -69767.8890240192
475133000 -72560.6533931494
481954000 -70420.3151974678
488781000 -69228.4417903423
495606000 -69057.9134622812
502438000 -67826.7505347729
509271000 -68589.6111674309
516101000 -67382.9272585511
522941000 -67088.3014426827
529773000 -64869.6683210731
536607000 -64635.9543385506
543443000 -62387.1622459888
550280000 -63132.4001332521
557110000 -63944.5084098577
563937000 -62787.0597666502
570773000 -62550.8025228977
577601000 -64390.5086317062
584426000 -63260.6518639326
591249000 -62152.1255091429
598069000 -60074.0289523602
604891000 -60980.8497059345
611719000 -60836.1856530905
618541000 -59749.2541297674
625365000 -60647.2444945574
632239000 -59093.3671530485
639043000 -59179.6166825294
645862000 -58132.4883646965
652694000 -57970.1997199059
659519000 -58874.7287826538
666341000 -57809.6757329702
673152000 -56847.8132002354
679970000 -56825.3866378069
686788000 -56806.0789031982
693608000 -56771.698553443
700426000 -55758.6293895245
707247000 -53721.3946340084
714083000 -55550.8662288189
720916000 -54410.7548084259
727753000 -54237.4022316933
734620000 -52794.3967658281
741444000 -51745.5330697298
748273000 -52654.3334234953
755485000 -50084.186486125
762317000 -51972.1467865705
769139000 -51954.1452710629
775947000 -52066.5289959908
782767000 -51072.9455282688
789585000 -50100.6612823009
796416000 -51013.341150403
803253000 -50874.6215598583
810083000 -50802.6535496712
816907000 -50788.3400478363
823739000 -49704.4549392462
830558000 -48741.8264033794
837394000 -48627.854336381
844224000 -48571.5312824249
851058000 -45481.997413516
857882000 -47486.4440220594
871534000 -46468.3750618696
878367000 -45400.4465293884
885207000 -45272.0704963207
892036000 -46246.7399377823
898864000 -45233.6202288866
905687000 -44269.0359647274
912511000 -44298.4940696955
919339000 -42294.7541880608
926163000 -43330.4627635479
932980000 -42432.8532854319
939803000 -40483.8864984512
946635000 -39456.3344073296
953466000 -41440.9922519922
960289000 -40501.4034590721
967120000 -39492.3191025257
973946000 -39531.7500413656
980769000 -39601.5364956856
987590000 -37692.5983483791
1001262000 -39611.8343436718
1008089000 -37657.8269121647
1014914000 -37725.0948755741
1021743000 -36759.1932505369
1028565000 -35859.9332603216
1035386000 -36972.8685491085
1042205000 -36107.0700768232
1049022000 -37262.5350983143
1055846000 -36357.618106842
1062658000 -35564.6769587994
1069476000 -34720.4261307716
1076295000 -32870.2240849733
1083115000 -33014.0721936226
1089943000 -31088.4879171848
1096766000 -30211.3749849796
1103589000 -30337.385456562
1110401000 -28566.2646605968
1117217000 -28761.9880042076
1124032000 -27969.8951890469
1130852000 -26135.5865302086
1137672000 -25304.3985290527
1144492000 -24476.3311858177
1151310000 -22669.5145256519
1158147000 -24693.5901539326
1164970000 -21847.6993587017
1171787000 -22059.3137998581
1178600000 -22310.2988805771
1185414000 -20555.3354921341
1192217000 -18903.1722192764
1199050000 -18982.2597424984
1205875000 -20136.9706449509
1212700000 -19294.8067824841
1219545000 -19274.5594475269
1226364000 -18493.015075922
1233185000 -18696.4714078903
1240007000 -17893.9902508259
1246831000 -17076.5143742561
1253660000 -18216.8720872402
1267676000 -17264.4903619289
1274505000 -16414.3988018036
1281337000 -16540.2672741413
1288540000 -15309.5588936806
1295363000 -15523.3588511944
1302175000 -14839.8860077858
1308989000 -14141.417637825
1315804000 -11437.0104608536
1322621000 -11717.612329483
1329436000 -12019.4382345676
1343458000 -13084.0017073154
1350262000 -11494.9234070778
1357079000 -10791.2854411602
1363894000 -8108.86688780785
1370704000 -8474.81588220596
1377520000 -5789.57737469673
1384330000 -5161.75213694572
1397947000 -3942.58159565926
1404762000 -3278.84948587418
1411580000 -2591.09080815315
1418393000 -1951.68642449379
1425197000 -1396.81602501869
1432009000 227.317782402039
1438822000 857.383972167969
1445634000 1475.29064083099
1452446000 1090.08396863937
1459257000 2692.71960353851
1466070000 4310.33060097694
1472923000 5286.5647892952
1479744000 4970.27281188965
1486552000 7533.30650162697
1493370000 7183.6511387825
1500180000 7758.54410171509
1506994000 8366.49014782906
1513801000 8908.03618073463
1520616000 10518.7953228951
1527429000 12108.358825922
1534628000 11183.9808764458
1541442000 12776.1782643795
1548255000 14356.2221026421
1555064000 13896.9999911785
1561873000 15434.6672804356
1568674000 17896.9278876781
1575485000 17446.4507403374
1582300000 18029.0055522919
1589109000 18554.2304439545
1595935000 20229.9428324699
1602749000 20794.112382412
1609554000 21273.8583550453
1616370000 22849.869301796
1623184000 22404.6965432167
1629995000 23929.3099269867
1636805000 24441.7784440517
1643619000 25987.2633776665
1650435000 26547.6961922646
1657256000 26150.1673460007
1664075000 28731.4557068348
1670894000 29309.624325037
1677701000 31776.3168578148
1684516000 30312.1345276833
1691334000 31871.9224567413
1698190000 33771.6678030491
1705002000 34271.0335114002
1711817000 34794.3680989742
1718648000 35459.0177853107
1725466000 34003.1923630238
1732281000 35517.1700115204
1739091000 35982.9036934376
1745892000 36364.2997806072
1752706000 35859.9132022858
1759516000 36316.3146293163
1766326000 37769.6045434475
1773138000 39237.8295295238
1779953000 38730.0096802711
1786768000 39219.0737476349
1793580000 38677.95596838
1800393000 40142.7463121414
1807207000 40613.443407774
1814013000 42008.8609354496
1820824000 42446.2710702419
1827638000 41907.6276865005
1834449000 43338.811596632
1841260000 44766.8830797672
1848092000 45381.2256860733
1854910000 45866.1873633862
1861733000 45393.1169557571
1868549000 46853.8049087524
1875360000 47266.2936930656
1882177000 48729.7659125328
1888990000 48154.0581407547
1895802000 48566.2210514545
1902615000 48984.2852265835
1909438000 48489.3766269684
1916259000 49973.3172433376
1923078000 51436.1098217964
1929891000 53841.7060060501
1936714000 52334.3111150265
1943526000 54724.6623573303
1950347000 55193.0028882027
1957168000 56658.2218458652
1963982000 57057.2458152771
1970796000 57453.1546151638
1977628000 57008.1205635071
1984448000 58451.8454866409
1991264000 58856.4151217937
1998074000 59203.8185546398
2004884000 59548.1104745865
2012078000 59348.0841529369
2018895000 59749.0252244473
2025713000 59155.854729414
2032534000 59586.5830733776
2039349000 59960.1572561264
2046161000 59303.6004316807
2052975000 59661.9393010139
2059792000 60044.1751811504
2066610000 61432.2967512608
2073808000 62238.4897890091
2080622000 61584.1892266273
2087814000 61329.6022922993
2094625000 62641.8934116364
2101461000 63176.1037321091
2108278000 65536.1634159088
2115095000 64893.1051867008
2121909000 65219.9293677807
2128723000 64543.6383793354
2135530000 65801.2393736839
2142344000 66118.7212464809
2149173000 66568.0589051247
2155984000 68852.3107635975
2162810000 68268.4074251652
2170014000 68082.122045517
2176833000 68428.8198404312
2183650000 70754.4063920975
2190471000 70112.856200695
2197282000 72378.2360858917
2204474000 71067.3568429947
2211291000 70380.3011422157
2218110000 71708.1144046783
2224925000 72996.8360023499
2231742000 73300.4265627861
2238548000 74501.9864802361
2245365000 73799.3462457657
2252182000 75093.588098526
2258991000 74312.7864789963
2265796000 74492.9133067131
2272604000 74696.902534008
2279431000 76068.5792388916
2286242000 75293.3070168495
2293067000 75640.7600984573
2299883000 77904.1963839531
2306688000 77065.6532297134
2313500000 79286.9123973846
2320319000 77567.9642887115
2327125000 79729.0768327713
2333932000 77896.0671858788
2340743000 79095.8896074295
2347563000 81373.4623780251
2354381000 80629.9458999634
2361194000 82838.3914060593
2368013000 83097.6229405403
2374838000 84407.6322689056
2381651000 84606.7267808914
2388465000 83811.6890459061
2395273000 84959.6468343735
2402090000 84185.3247866631
2408900000 85345.0203666687
2416107000 86066.7307529449
2422927000 86309.8188810349
2429737000 87459.9939622879
2436555000 86678.8877868652
2443377000 86930.5760807991
2450192000 88116.2968196869
2457007000 88298.9014749527
2463822000 89478.3900461197
2470637000 89654.7625336647
2477830000 90220.9564743042
2484650000 88435.8017339706
2491463000 89584.7006516457
2498277000 90739.4599556923
2505096000 91935.9750065804
2511917000 91147.3177657127
2518721000 91202.9933876991
2525536000 93354.2639117241
2532356000 93547.2801232338
2539174000 93719.2318835258
2545989000 95861.1504979134
2552802000 93982.0110635757
2559628000 95216.3741974831
2566441000 95331.0003108978
2573265000 95541.177877903
2580096000 94811.0151848793
2586911000 95934.2226648331
2593731000 96099.1552438736
2600567000 97404.4516167641
2607336000 96105.8021426201
2614149000 98198.6206989288
2620965000 96315.2242283821
2627781000 96428.7107591629
2634598000 96548.0457859039
2641416000 96673.2279372215
2648236000 95813.2204194069
2655072000 97093.5181860924
2661879000 96110.7344031334
2668692000 96178.6210918427
2675517000 95350.9465193748
2682325000 95367.7877511978
2689133000 96381.519297123
2695947000 95445.909430027
2702756000 95462.3797855377
2709573000 93547.4232573509
2716390000 93629.3488168716
2723211000 93743.9946603775
2730027000 92810.7234721184
2736839000 93838.5007462502
2743650000 92854.2065024376
2750462000 91875.7575516701
2757288000 92019.5969471931
2764098000 92017.0013041496
2770912000 92047.1195445061
2777734000 93145.7697458267
2784542000 93115.9213848114
2791357000 93145.6481795311
2798174000 93190.1679296494
2804987000 92195.7535171509
2811802000 92216.132060051
2818608000 93152.8161840439
2825421000 92149.0612912178
2832237000 92169.0488467216
2839049000 92150.1122961044
2845869000 90199.6729636192
2852681000 90174.5060739517
2859495000 91164.1266546249
2866314000 89195.3818063736
2873125000 89151.9212899208
2879940000 89141.1444816589
2886756000 88136.2001662254
2893570000 88110.2426142693
2900385000 87090.1175546646
2907198000 87048.9820017815
2914012000 88013.6789412498
2920835000 87055.7773241997
2927647000 87996.3481450081
2934467000 86005.3686299324
2948093000 85888.8251757622
2954917000 85924.2661066055
2961728000 83840.3166213036
2968540000 83762.1977982521
2975353000 83689.9082660675
2982174000 83686.0418782234
2988987000 83607.5201792717
2995799000 83516.9429650307
3002612000 82432.1932125092
3009472000 83764.5254044533
3016260000 84450.0284876823
3023072000 83346.9864840508
3029888000 84276.5870323181
3036704000 82203.0705823898
3043517000 84099.6229577065
3050336000 84046.6866879463
3057150000 82945.9449543953
3063958000 84788.4679284096
3070770000 83663.626139164
3077582000 83535.67100811
3084391000 83377.7965874672
3091204000 83252.5510053635
3098021000 83159.9287772179
3104842000 83099.924413681
3112034000 84351.1174530983
3118844000 83186.437107563
3125649000 82973.9825086594
3132459000 81803.0814218521
3139272000 82655.8637256622
3146082000 83478.7382416725
3152901000 81378.8777279854
3159716000 81240.1764202118
3166536000 83143.0080561638
3173358000 81060.5777292252
3180167000 80858.9493408203
3186981000 80698.8525209427
3193796000 80544.5685091019
3200613000 80405.0234503746
3207430000 80262.360478878
3214240000 82054.0933637619
3221058000 79914.1239147186
3227863000 80655.0016665459
3234694000 79624.8285336494
3241507000 80430.8787264824
3248318000 80215.9660277367
3255121000 78926.5500102043
3261934000 80723.2629227638
3268737000 78427.6321020126
3282742000 77386.9418582916
3289553000 78153.1859760284
3296365000 76925.2387609482
3303178000 74703.098842144
3310002000 75575.9666485786
3316826000 75445.7101354599
3323635000 76178.540336132
3330455000 74006.3668227196
3337265000 74741.8891496658
3344081000 73527.8073239326
3350891000 73257.1038837433
3357707000 74036.7908053398
3364530000 71875.7763781548
3371340000 71595.7297172546
3378153000 71339.3183655739
3384972000 72133.2836575508
3391790000 71915.2145142555
3398604000 69658.3696036339
3405422000 69434.0646343231
3412232000 69135.3342747688
3419059000 68985.0110759735
3425886000 67831.5608096123
3432701000 66568.0401134491
3439560000 67693.5088334084
3446359000 66281.1593632698
3453169000 64963.7247433662
3459984000 65687.7291946411
3473594000 63948.2057857513
3480411000 63680.6886234283
3487263000 63721.8436217308
3494460000 64833.0448994637
3501276000 63547.0768418312
3508085000 64195.6435608864
3514900000 63894.5382752419
3521711000 61554.6930046082
3528518000 62176.1132335663
3535327000 61812.2348132133
3542164000 61694.5747089386
3548981000 62395.6954674721
3555800000 61111.5056891441
3562617000 61806.3897066116
3569437000 60524.8641314507
3576258000 60249.1202144623
3583073000 58916.8435740471
3589886000 57563.6480484009
3596698000 58198.4373226166
3603524000 56954.7200713158
3610349000 57698.9766402245
3623967000 57893.3424348831
3630783000 58548.1500368118
3637602000 57226.5352406502
3644418000 56875.1074738503
3651612000 58883.7317662239
3658431000 57552.5875487328
3665240000 58129.3601360321
3672053000 57738.6056780815
3678866000 57344.7369651794
3685682000 56974.4389204979
3692498000 57601.023876667
3699309000 58180.0215358734
3706117000 56729.2259602547
3712943000 56435.3973202705
3719759000 54049.5156550407
3726571000 54624.9480690956
3733377000 54143.9164991379
3740216000 53953.1905093193
3747038000 52608.1818814278
3753850000 53171.1467633247
3760658000 52695.4385299683
3767478000 53323.2944498062
3774284000 52823.583304882
3781100000 53409.6500263214
3787919000 53019.2640938759
3794727000 52527.9941854477
3801549000 53158.0354008675
3808369000 51767.1806430817
3815184000 52328.7738013268
3821999000 50887.2508749962
3828815000 49451.4972362518
3835668000 50341.3683552742
3842486000 48917.1327066422
3849297000 47427.5902557373
3856107000 47926.0518374443
3862928000 45519.1158137321
3869746000 45082.4103431702
3876944000 46017.804754734
3883757000 44530.279378891
3890568000 45021.8772926331
3897378000 42501.482008934
3904191000 42004.6161527634
3.911e+09 40469.1166157722
3917815000 38983.7828774452
3924640000 37584.1224756241
3931467000 38199.0938057899
3938283000 37713.2797832489
3945098000 37215.4711933136
3951911000 36696.7922954559
3958717000 37112.8625574112
3965529000 36579.0821509361
3972337000 36006.6854381561
3979157000 35537.682451725
3985975000 34047.8091545105
3992790000 35528.1939220428
3999606000 36014.3365182877
4006421000 35488.4886608124
4013243000 35021.6357007027
4020059000 34498.4250149727
4026872000 33945.4810829163
4033687000 32407.1661472321
4040490000 34759.2811045647
4047302000 34188.1273527145
4054506000 34090.9950170517
4061323000 33557.7842812538
4068140000 34021.4556322098
4074959000 33499.7467832565
4081773000 32930.5761961937
4088585000 31340.5545554161
4095398000 32756.2870588303
4102213000 31186.6393632889
4109029000 31622.7421541214
4115837000 30984.799038887
4122656000 31441.2684607506
4129475000 32894.618139267
4136291000 32318.2538514137
4149919000 33120.718972683
4156739000 31570.4589977264
4163536000 31813.2313728333
4170408000 31717.5882196426
4177209000 30989.5750875473
4184024000 32382.5202121735
4190838000 31763.4881706238
4197653000 32150.2015843391
4204466000 30516.0785799026
4211279000 30878.8413200378
4218085000 30176.4750318527
4224894000 30497.5772752762
4231707000 27851.0022783279
4238520000 28201.3130269051
4245359000 28778.8025574684
4252173000 28131.7298769951
4258990000 24508.1115546227
4265804000 24854.8071641922
4272624000 24251.5211715698
4279434000 23556.5631494522
4286248000 21893.9123363495
4293066000 23263.5632457733
4299881000 23603.5340309143
4306712000 22082.0416574478
4313583000 20911.5324578285
4320363000 21932.2884111404
4327175000 21233.2221403122
4333995000 19601.8543453217
4340811000 18931.9618139267
4347637000 19347.457903862
4354460000 19733.2775316238
4361286000 17142.5226926804
4368109000 16522.0941390991
4374913000 14730.4162960052
4381725000 16006.4186172485
4388543000 13332.3945007324
4395359000 13637.5568361282
4402172000 12913.0614671707
4408994000 11265.0698490143
4415814000 11596.2637681961
4422634000 9924.33702945709
4429459000 10293.5149936676
4436280000 8624.18926525116
4443091000 7863.3003950119
4449905000 8125.83019924164
4456720000 7394.08807659149
4463538000 7685.75822639465
4470348000 6903.57092189789
4477169000 6215.53268814087
4490826000 4962.70582675934
4497640000 4203.4125289917
4504452000 4423.3239812851
4511262000 3622.44292640686
4518084000 3924.51987171173
4524899000 3161.60365009308
4531720000 1448.60061168671
4538535000 1679.44948005676
4545350000 1907.182264328
4552162000 105.288446426392
4558983000 1379.80872631073
4565792000 -454.823660850525
4572605000 742.775224685669
4579416000 -1080.41016674042
4586227000 -1906.70798492432
4593040000 -718.450036048889
4599862000 -2453.80358982086
4606675000 -4271.77826595306
4613492000 -4057.53629779816
4620309000 -3846.41224384308
4627120000 -5691.39696216583
4633938000 -6477.67463684082
4640757000 -7258.24024391174
4647571000 -6086.07778167725
4654391000 -7864.0506067276
4661205000 -9698.12122821808
4668019000 -10535.30701828
4674829000 -9410.92241477966
4681645000 -11236.6804113388
4688453000 -12136.1769647598
4695273000 -12932.8563489914
4702090000 -13759.1367311478
4708909000 -13570.8823804855
4715742000 -15262.185667038
4722550000 -17177.2566862106
4729368000 -15007.1878862381
4736194000 -17769.6419763565
4743009000 -17632.2865962982
4749828000 -19462.752989769
4756647000 -19296.3391265869
4763455000 -19230.0942964554
4770267000 -20131.6703262329
4777079000 -18036.3596963882
4783895000 -19908.8772420883
4790697000 -20908.0034732819
4797563000 -19345.7297964096
4804369000 -20315.8139753342
4811178000 -20262.5476303101
4817989000 -22194.7538766861
4824809000 -23050.7056264877
4831628000 -22918.5961236954
4838442000 -22833.6945228577
4845262000 -25699.0050439835
4852082000 -23567.4362230301
4858902000 -25438.9880590439
4865717000 -26357.7395629883
4872543000 -27182.6383619308
4879360000 -28089.9972887039
4886224000 -29586.1960287094
4893032000 -29579.1380004883
4899849000 -30495.8680467606
4906663000 -30442.1551704407
4920290000 -32352.8870658875
4927489000 -33916.0261297226
4934297000 -33927.8166885376
4941116000 -35845.7987537384
4947927000 -37837.3828487396
4954741000 -37805.6498842239
4961562000 -40715.3664865494
4968379000 -40663.4403171539
4975198000 -41597.0151481628
4982019000 -41516.0937232971
4989212000 -44161.8931598663
4996030000 -45113.8063011169
5002840000 -45139.2910833359
5009648000 -46185.499669075
5016461000 -46190.7894992828
5023286000 -47093.5308170319
5030104000 -48061.0307788849
5036920000 -48049.2581987381
5043735000 -49049.4064750671
5050547000 -50079.081038475
5057365000 -53059.051279068
5064174000 -53121.3627271652
5070982000 -53195.58680439
5077834000 -54885.6514053345
5084623000 -56133.3361225128
5091443000 -57111.2927837372
5098257000 -57145.1713018417
5105068000 -57208.5642194748
5111887000 -57204.6752767563
5118706000 -59203.9060754776
5125524000 -58215.0549888611
5132345000 -60202.9289903641
5139151000 -58325.8864030838
5145963000 -59399.1696777344
5152779000 -59440.3801250458
5159980000 -61098.2198915482
5166800000 -61110.6579914093
5173623000 -61099.8313179016
5180432000 -62215.2536582947
5187281000 -63982.0174512863
5194094000 -63068.5041818619
5200908000 -63149.3118543625
5207725000 -65206.8561286926
5214537000 -64311.4803085327
5221350000 -64410.4258871078
5228167000 -66477.3197841644
5234977000 -65608.8687839508
5241794000 -67681.995306015
5248628000 -66608.8078384399
5255440000 -66732.1262321472
5262260000 -67788.2443914413
5269072000 -67917.7931232452
5275885000 -69041.6669139862
5282695000 -70195.0184354782
5289514000 -70272.3951539993
5303121000 -69708.8879013062
5309960000 -69619.8897247314
5316784000 -70665.8126888275
5330395000 -71092.062666893
5337214000 -72191.2624874115
5344017000 -72434.121424675
5350833000 -74565.9031734467
5357646000 -74727.1503105164
5364454000 -74935.4234037399
5371273000 -77050.2054672241
5378098000 -78115.4187259674
5384909000 -77306.6907606125
5391721000 -76492.2947120667
5398533000 -77681.012005806
5405352000 -79811.3854637146
5412172000 -78936.0995264053
5418986000 -80116.6063346863
5425792000 -80370.4541082382
5432607000 -81548.4098300934
5439426000 -81694.3723945618
5446238000 -82904.8926725388
5453055000 -83074.6443119049
5459868000 -82282.6176176071
5466686000 -83449.8277721405
5473495000 -83699.1319704056
5480309000 -83907.6739311218
5487120000 -83145.6533918381
5493939000 -85316.5560560226
5500754000 -88525.6712446213
5507583000 -85615.0841884613
5514395000 -86856.7547855377
5521214000 -89040.1359643936
5528029000 -89261.7223463058
5534845000 -91477.6539039612
5548474000 -92945.1779947281
5555286000 -93205.5373210907
5562106000 -93398.8573541641
5568922000 -93630.3725318909
5575734000 -95900.0773668289
5582548000 -96155.3601264954
5589361000 -98422.5253067017
5596180000 -99640.2039823532
5602994000 -100904.834078789
5609803000 -101216.40873909
5616623000 -103434.674359322
5623434000 -105734.945315361
5630247000 -105020.799682617
5637064000 -107274.712104797
5643870000 -108628.141962051
5650680000 -109949.627132416
5657495000 -111230.410419464
5664304000 -111566.883123398
5671120000 -111845.134069443
5677940000 -114091.456783295
5684762000 -115323.378455162
5691596000 -117453.297915459
5698411000 -118752.789592743
5705225000 -119064.156831741
5712048000 -120299.808065414
5718861000 -121626.168317795
5725672000 -122973.159036636
5732487000 -125288.231591225
5739318000 -126466.305189133
5746121000 -125892.698018074
5752928000 -129287.170861244
5759739000 -129649.729197502
5766560000 -130927.846341133
5773378000 -131235.349770546
5780192000 -130580.989815712
5787006000 -131929.745030403
5793824000 -134246.601284027
5800641000 -136575.329440117
5807454000 -136942.185980797
5814283000 -138172.122211456
5821095000 -138553.96627903
5827915000 -137868.913723946
5834717000 -138344.496013641
5841542000 -141621.924881935
5848357000 -140989.977719307
5855169000 -142387.394890785
5861983000 -142770.427483559
5868800000 -144130.329738617
5875616000 -145502.097951889
5882447000 -145745.769358635
5896076000 -147531.144512177
5902894000 -148897.893776894
5909707000 -150311.490655899
5916522000 -149710.711190224
5923339000 -148095.558121681
5930157000 -148474.778581619
5936972000 -145883.349653244
5943818000 -145023.989239693
5950639000 -143386.348584175
5957452000 -144821.769933701
5964259000 -143312.75812149
5971067000 -141798.113441467
5977872000 -141312.801997185
5984684000 -139769.412408829
5998341000 -138403.559462547
6005154000 -136860.785625458
6011970000 -135294.90935421
6018785000 -134740.888520241
6025601000 -134181.245788574
6032415000 -133642.195104599
6039236000 -133045.100118637
6046042000 -132582.175853729
6052852000 -132087.414833069
6059662000 -131595.7653265
6066483000 -129011.13970089
6073299000 -129473.309555054
6080114000 -129947.330732346
6086922000 -127485.605064392
6093735000 -127983.322029114
6100550000 -126466.68734169
6107369000 -125918.238755226
6114180000 -124442.766220093
6120994000 -122944.211366653
6127810000 -121431.309432983
6134610000 -121061.21517849
6141420000 -121606.921191216
6148233000 -119129.549454689
6155042000 -119690.209161758
6161865000 -119131.775708199
6168682000 -118628.835950851
6175494000 -117172.653729439
6182308000 -116702.129914284
6189120000 -116252.175290108
6195944000 -115700.615365982
6202755000 -113265.61900425
6209572000 -112781.381236076
6216386000 -111326.436924934
6223198000 -110892.057232857
6230013000 -109434.618078232
6236830000 -108962.847388268
6244030000 -109153.155534744
6250850000 -106661.62723732
6257673000 -105147.052362442
6264489000 -103696.654569626
6271301000 -102284.259762764
6278110000 -100901.14141655
6284930000 -99425.2072572708
6291722000 -97196.5572834015
6298531000 -96822.7679948807
6305342000 -95434.6508798599
6312156000 -93023.4899215698
6318972000 -91598.0075359344
6325805000 -91027.4388561249
6332614000 -89669.2199230194
6339424000 -88305.3946647644
6346234000 -85944.6809186935
6353049000 -84543.4986228943
6359862000 -83162.8635206223
6366680000 -81741.7671842575
6373490000 -79393.5068006516
6387151000 -76349.0578184128
6393971000 -76923.0180358887
6400787000 -73534.9501485825
6407602000 -73158.7116117477
6414410000 -70846.5724258423
6421227000 -69459.1399803162
6428045000 -68066.1144666672
6434868000 -67632.6551656723
6441693000 -65184.8991384506
6448519000 -64731.5587396622
6455327000 -63438.1091861725
6462131000 -60182.6040906906
6468945000 -58843.1226606369
6475758000 -57515.464179039
6482568000 -58217.0419197083
6496187000 -54638.2383489609
6503019000 -53157.6192464828
6509842000 -51758.4812250137
6516663000 -51379.8766765594
6523488000 -48969.5753917694
6530311000 -47579.8075819016
6537127000 -45254.0888080597
6543928000 -44062.0351104736
6550741000 -43768.6517190933
6557555000 -41469.6802911758
6564372000 -41147.7185306549
6571193000 -39794.0691766739
6578010000 -38478.3450717926
6584842000 -37035.231962204
6598477000 -32410.6874923706
6605293000 -33116.1414451599
6612130000 -33642.0411558151
6618946000 -31353.7387094498
6625760000 -30085.9486923218
6632569000 -28864.760134697
6639383000 -26603.1981706619
6646195000 -27362.1440639496
6653008000 -26115.5074110031
6659811000 -24958.9393177032
6666651000 -23483.762339592
6673470000 -24194.309135437
6680285000 -22942.7519016266
6687103000 -21668.2299528122
6693923000 -21379.4405469894
6700747000 -20059.0010623932
6707564000 -18802.5314836502
6714389000 -19479.6456632614
6721205000 -17238.1068811417
6728026000 -17956.2308263779
6741643000 -16619.0919237137
6748449000 -15476.9113969803
6755264000 -14259.6374864578
6762085000 -13993.3482456207
6768900000 -11782.3092451096
6775718000 -11548.3233671188
6782527000 -11395.6410903931
6789340000 -12211.3224515915
6796150000 -12056.1769180298
6802968000 -8834.6562871933
6809783000 -10642.3105897903
6816605000 -8392.28659820557
6823415000 -8249.59853839874
6830229000 -8075.28600406647
6837034000 -6982.24050045013
6843847000 -5822.83727359772
6850665000 -4623.13517189026
6857483000 -5426.55189800262
6864303000 -5215.72403049469
6871128000 -4964.6105556488
6877941000 -4820.79185962677
6884757000 -4654.04640388489
6891576000 -3464.37830352783
6898386000 -3355.9447593689
6905199000 -1224.58582782745
6912012000 -2096.34115028381
6918821000 -1005.92294025421
6925640000 -1831.83936977386
6932455000 1304.4159040451
6939267000 1411.52505016327
6946087000 584.930647850037
6952894000 2642.43062210083
6966515000 4808.8282289505
6973328000 4909.0450668335
6980141000 6006.14764976501
6986947000 6039.42160320282
6993763000 6156.31795024872
7000572000 7209.38932418823
7014188000 10288.8569669724
7021029000 10610.0757493973
7027839000 12659.3617591858
7034649000 12705.5362558365
7041466000 13809.2880125046
7048284000 13918.5912227631
7055097000 13981.4310569763
7061911000 15049.8250904083
7068728000 14141.1079387665
7075550000 13272.6105632782
7082364000 14331.6540575027
7089175000 16361.5825128555
7095991000 15431.7293729782
7102803000 17464.0963983536
7109619000 16528.0110902786
7116427000 19519.4904270172
7123238000 18533.8530921936
7130057000 19614.4143762589
7136877000 19700.5193405151
7143688000 21705.5369558334
7150502000 20733.4296712875
7157311000 20714.8969573975
7164119000 21684.5920505524
7170989000 23188.1679115295
7177777000 22978.4017486572
7184592000 23999.3701524734
7191398000 24939.2845897675
7198208000 24910.7284011841
7205021000 25905.0372533798
7211836000 26913.5486373901
7218646000 25875.6542549133
7225454000 26817.333398819
7232272000 26842.4730863571
7239086000 27829.867685318
7245905000 26857.42765522
7252717000 28821.2783269882
7259528000 28773.3604660034
7266341000 27739.6396493912
7273153000 30694.1502990723
7279964000 28636.893784523
7286787000 28680.365228653
7293598000 29616.8783769608
7300417000 28619.4987049103
7307232000 29584.3913164139
7314042000 29502.9101648331
7320854000 29435.6196575165
7327676000 26451.722029686
7334485000 26352.2497758865
7341299000 26292.9154624939
7348111000 28213.1674776077
7354928000 27173.5501194
7361738000 28070.2764968872
7368608000 29482.764005661
7375419000 28381.8873596191
7382244000 28398.9557418823
7389058000 29317.7873544693
7395897000 28449.6549329758
7402717000 29414.1183004379
7409540000 30401.3963985443
7416356000 29325.0383911133
7423177000 29288.7844572067
7429958000 30903.6586332321
7436791000 28964.8994731903
7443619000 28979.7935342789
7450446000 28982.9172277451
7457274000 28991.5557813644
7464047000 29521.785484314
7470876000 27532.8342809677
7484463000 29932.0980758667
7491285000 29873.3151922226
7498106000 28802.7706336975
7504925000 29711.8270435333
7511740000 28583.2106218338
7518558000 28477.3915615082
7525376000 30368.4536724091
7532199000 29299.5814552307
7539007000 30098.0391988754
7545816000 29902.0232429504
7552640000 30832.4296169281
7559505000 31113.749499321
7566329000 31037.8884630203
7573155000 30976.1714105606
7579987000 31963.1303691864
7586804000 30817.459145546
7593617000 30634.1388940811
7600430000 29447.7043867111
7607250000 31318.5786762238
7614072000 29203.59512043
7620890000 31050.9652805328
7627709000 29903.8471050262
7634521000 31693.1989459991
7641305000 31237.8092508316
7648078000 29684.4113855362
7654889000 29455.8251571655
7661710000 30310.4086093903
7668530000 31153.2427349091
7675361000 30087.8564462662
7682191000 30010.7125883102
7688973000 29516.3726959229
7695730000 30803.2986488342
7702525000 30414.9293136597
7709349000 27273.5875940323
7716177000 28163.6197795868
7723009000 28085.0203733444
7729835000 26951.5474805832
7736665000 27849.441163063
7743493000 27726.9595832825
7750324000 27627.2168149948
7757149000 27472.6124725342
7763971000 29289.0188474655
7770721000 28481.5983638763
7777493000 28860.7706956863
7784320000 30710.9653673172
7791146000 28549.413444519
7797981000 29462.3069820404
7804799000 31225.5497570038
7811621000 31020.146314621
7818452000 29889.1796331406
7825272000 29660.2926216125
7832102000 31514.4527378082
7838918000 29244.854552269
7845687000 30567.1937046051
7852432000 29679.6887750626
7859234000 31280.1841526031
7866027000 29800.0448074341
7872810000 30230.6689977646
7879590000 28632.3655233383
7886360000 27944.8465137482
7893167000 28572.9216861725
7899963000 28103.1536130905
7906741000 28475.2749481201
7913525000 28895.9818372726
7920300000 27236.1031827927
7927098000 26771.1842412949
7933887000 27225.6752033234
7940658000 26522.1029148102
7947450000 25996.2444877625
7954251000 24544.7682228088
7961001000 26651.174120903
7967778000 26986.9303512573
7974549000 25267.9618253708
7981334000 24666.4120502472
7988125000 25113.4114284515
7994924000 25626.1634645462
8001721000 24118.6032371521
8008532000 23728.4125442505
8015337000 23283.4825191498
8022138000 22801.0294361115
8028932000 25255.2480545044
8035732000 23757.9884614944
8042502000 24999.546661377
8049293000 23418.6761388779
8056059000 21619.6676549911
8062835000 22903.6007156372
8069639000 20425.2768335342
8076417000 20720.2368955612
8083199000 19046.5143432617
8089978000 19343.9073820114
8096768000 18732.8064069748
8103558000 19118.6121683121
8110312000 18191.7926673889
8117085000 17425.2681274414
8123867000 17733.0406208038
8130688000 18373.0002479553
8137473000 17700.3719081879
8144285000 17256.7423715591
8151052000 17423.2075109482
8157879000 18102.2956790924
8164693000 16666.528758049
8171513000 17279.2107048035
8178330000 15862.9913482666
8185146000 15435.0609884262
8191961000 15995.4209947586
8198778000 14569.8492708206
8205593000 15123.9761953354
8212376000 14400.0666074753
8219145000 15552.7987918854
8225965000 14140.5648937225
8232787000 12742.3901290894
8239546000 12799.9581890106
8246303000 11837.2831907272
8253057000 11845.7793169022
8259810000 10842.6268110275
8266629000 11403.1980228424
8273454000 10012.172492981
8280275000 9583.67489242554
8287101000 9194.98697376251
8293925000 8786.00131893158
8300731000 8219.3552980423
8307487000 8220.35734367371
8321109000 8157.41136646271
8327929000 7698.52134609222
8334713000 5927.52067661285
8341478000 6990.36276912689
8348241000 5032.97003650665
8355065000 6595.99186992645
8361902000 6267.44540977478
8368729000 4849.9549741745
8375555000 5420.75715637207
8382375000 3936.95403671265
8389207000 4552.98306751251
8396039000 4165.88044929504
8402918000 3178.83483600616
8409732000 2631.04296684265
8416559000 3191.644282341
8423378000 3680.5016708374
8430178000 3003.28295135498
8436931000 2919.88059806824
8443784000 1690.99279785156
8450597000 3115.94285964966
8457394000 3400.58146858215
8464193000 3699.26917076111
8470967000 2780.50755310059
8477735000 2807.22646999359
8484489000 4710.85003566742
8491277000 3902.87986373901
8498084000 4254.68807506561
8504862000 5354.80996227264
8511655000 4580.41729164124
8518459000 4897.20663928986
8525270000 4270.88185691833
8532084000 5667.15408992767
8538897000 5051.7417974472
8545692000 5278.97503757477
8552482000 6460.26822757721
8559274000 6655.60413455963
8566079000 6959.22289562225
8572886000 7276.86886501312
8579647000 7197.34146881104
8586453000 8500.22473526001
8593254000 9757.17159175873
8600055000 10011.0151557922
8606861000 10304.5794115067
8613670000 11620.7288303375
8620483000 11968.0231838226
8627304000 11380.7106904984
8634114000 11696.0839710236
8640923000 11999.7832260132
8654498000 12229.7011499405
8661304000 12498.4048175812
8668100000 12678.3937454224
8674914000 12009.3681125641
8681720000 11268.7491188049
8688523000 11499.3443088531
8695341000 9855.21730041504
8702145000 11088.1538085938
8708945000 11283.7524929047
8715769000 12681.6285839081
8722583000 12990.8100242615
8729385000 13194.1973800659
8736192000 13437.261133194
8743023000 13882.5520114899
8749842000 15222.0497112274
8756675000 16678.1941184998
8763492000 15994.3373508453
8770305000 16273.1473484039
8777125000 15608.7167072296
8783940000 16898.4008255005
8790760000 17227.7311553955
8797568000 17451.3168067932
8804383000 18731.6535892487
8811199000 18017.4253749847
8817980000 18000.8080596924
8824800000 20314.5625553131
8831613000 20565.348367691
8838434000 20881.4140110016
8845252000 21168.7116737366
8852002000 20871.6028614044
8858793000 21921.9008483887
8865581000 19943.4623451233
8872355000 20842.2746219635
8879155000 20960.2179546356
8885979000 21280.1646137238
8892792000 20502.985212326
8899599000 20671.4206161499
8906406000 20836.7472496033
8913232000 20161.3057174683
8920038000 21311.8623428345
8926856000 18561.8310470581
8933671000 18783.052312851
8940540000 18462.4477176666
8947355000 18677.4121246338
8954139000 19624.4740638733
8960931000 19636.7765369415
8967751000 18885.120306015
8974539000 18857.0593318939
8981314000 20714.891160965
8988131000 18928.2905387878
8994975000 19369.1184825897
9001795000 19601.8845844269
9008615000 19831.5300292969
9015415000 17887.3071060181
9022213000 17922.9079418182
9029019000 19023.7000083923
9035836000 19215.2803993225
9042650000 18378.1361980438
9049471000 18597.6225395203
9056280000 19711.5715789795
9063104000 16950.422826767
9070314000 18480.1640415192
9077129000 18635.7907142639
9083950000 15839.4980316162
9090771000 15040.083776474
9097586000 15186.356710434
9104395000 14278.3250656128
9111212000 14435.4304924011
9118019000 15504.1129894257
9124792000 14279.6651325226
9131590000 14265.3792896271
9138381000 13188.2889404297
9145526000 14127.2530632019
9152333000 13180.2642803192
9159165000 14443.3602809906
9166001000 13737.4337673187
9172839000 14045.4255847931
9179679000 15367.3329792023
9186519000 12686.1013870239
9193362000 14027.3071479797
9200203000 11348.3211917877
9207037000 12606.5236225128
9213879000 12929.7851371765
9220715000 12198.7641582489
9227933000 9720.44753456116
9234828000 11485.8180732727
9241696000 11017.8994503021
9248532000 12274.1202602386
9255369000 11535.7270412445
9262208000 10811.2392425537
9269015000 11810.9615249634
9275801000 9628.6568145752
9282632000 9826.63814735413
9289452000 11927.7797527313
9296273000 10034.3192424774
9303091000 10112.1829013824
9309915000 10238.0335006714
9316735000 9326.69109916687
9323560000 9454.81160163879
9330393000 9647.93689537048
9337225000 9829.41382789612
9344040000 9862.99838256836
9350859000 8927.52637290955
9357672000 8937.84808540344
9364489000 8979.11140441895
9371309000 10042.797334671
9378126000 9077.82345581055
9384945000 9126.75684928894
9391769000 9215.13117980957
9398578000 7172.70601844788
9405402000 8254.83857727051
9412220000 6282.78223609924
9419032000 7256.54523277283
9425854000 7312.29337501526
9432669000 7305.35329246521
9439488000 7329.332862854
9446303000 6316.15878486633
9453126000 6367.93277359009
9459948000 6408.07579803467
9466773000 7470.61764526367
9473605000 6589.5807723999
9480434000 5679.89369010925
9487249000 6647.99750137329
9494068000 5647.00631904602
9500889000 4659.90502166748
9507712000 6686.69086456299
9514557000 4897.43906021118
9521382000 5934.97490310669
9528211000 6003.39743423462
9535036000 3034.68097496033
9541875000 3181.86818695068
9548699000 3198.39323997498
9555521000 3194.79167556763
9562347000 2222.0703868866
9569172000 2237.72271347046
9575990000 2190.75137901306
9582808000 1140.66121673584
9589612000 968.468172073364
9596436000 -36.8628196716309
9603268000 -1977.33456611633
9610076000 -2124.87766647339
9616866000 -1428.47703552246
9623696000 -2395.30662536621
9630528000 -3348.27379989624
9637358000 -2321.36393737793
9644181000 -3357.05029296875
9651006000 -4378.87056732178
9657852000 -3225.43611907959
9664670000 -3312.97325706482
9671460000 -2641.44355964661
9678256000 -2922.04964256287
9685074000 -2018.92039299011
9692280000 -1824.01930427551
9699086000 -4029.20339202881
9705902000 -3152.58474349976
9712724000 -2228.13948059082
9719561000 -4179.46455574036
9726394000 -4167.88460350037
9733207000 -4329.2217502594
9740077000 -4009.81336021423
9746878000 -6279.2647895813
9753705000 -4331.13533592224
9760530000 -5403.10773658752
9767353000 -4495.17924690247
9774178000 -4573.40120315552
9787806000 -2925.90321731567
9794595000 -3318.95466995239
9801340000 -4088.42328262329
9808087000 -4843.97588348389
9814861000 -4373.52145004272
9821678000 -3541.3641204834
9828480000 -4839.56722640991
9835286000 -3106.94502449036
9842105000 -3267.16570091248
9848918000 -4481.39490318298
9855737000 -1647.85232162476
9869364000 -4083.40739440918
9876188000 -1216.82083511353
9.883e+09 -2455.10871887207
9889814000 -679.552501678467
9896648000 -737.546211242676
9903467000 -925.840454101562
9910226000 -1625.89535522461
9917037000 -888.216781616211
9923851000 -2128.221326828
9930649000 -1506.95671653748
9937436000 -982.023435592651
9944234000 -1366.95491981506
9951052000 -1585.49472236633
9957882000 -2705.46350860596
9964699000 -1938.72015190125
9971516000 -2175.09470748901
9978301000 -2685.71620559692
9985112000 -1979.14590835571
9991942000 -4114.72253417969
9998763000 -4329.67166519165
10012390000 -1895.99208068848
10019217000 -4069.47883796692
10026027000 -2390.07553100586
10032853000 -2578.277759552
10039672000 -2828.88679695129
10046505000 -2964.06066703796
10053313000 -1314.06084632874
10060135000 -548.628604888916
10066957000 -786.318853378296
10073739000 634.213266372681
10080557000 356.432661056519
10087374000 2067.06776237488
10094180000 3681.4698600769
10101001000 4419.73237037659
10107820000 6137.94512176514
10114626000 6743.01085662842
10121374000 9854.10417366028
10128113000 11885.9777908325
10135246000 12248.9374465942
10141992000 14333.7715835571
10148789000 13847.0810852051
10155611000 15568.8131351471
10162421000 17185.8975391388
10169239000 16867.5502147675
10176060000 17571.4626083374
10189698000 17936.0882740021
10196521000 17647.5540618896
10203345000 18364.3541316986
10210169000 17078.0298805237
10216989000 16754.754234314
10223816000 16487.5521087646
10230635000 18149.5760917664
10237463000 16884.5788917542
10244284000 17557.2691459656
10251112000 17286.0191860199
10257943000 18037.0033073425
10264778000 17818.6709461212
10271602000 17504.220035553
10278427000 16195.0974521637
10285255000 16908.206199646
10292074000 17542.1213874817
10305698000 16682.2810993195
10312522000 16349.0952606201
10319325000 17835.3371562958
10326141000 20428.3167304993
10332983000 21237.85297966
10339784000 22697.8587207794
10346609000 24357.5149230957
10353430000 24980.2554321289
10360251000 28599.8743667603
10367082000 28300.8387203217
10373903000 29914.2099342346
10380723000 30516.0137901306
10387546000 30140.0329666138
10394327000 31406.2442245483
10401152000 32040.9246463776
10407975000 34655.59192276
10414805000 34326.240272522
10421623000 33892.4423408508
10428417000 35252.9035930634
10435159000 35171.2772026062
10441953000 33525.5683403015
10448796000 34290.3822460175
10455618000 30874.7984962463
10462444000 30489.8534603119
10469270000 27101.7822723389
10476088000 23643.0698547363
10482915000 23257.188955307
10489738000 20834.4271125793
10496610000 17822.0043544769
10503764000 15185.7988204956
10510587000 11753.492811203
10517404000 10267.4437198639
10524221000 6778.27671432495
10531038000 7285.99179840088
10537898000 6153.30426979065
10544717000 3671.63342094421
10551534000 2169.97418212891
10558357000 1715.8002243042
10565194000 1376.57056617737
10572018000 1924.57634162903
10578844000 2486.32277870178
10585672000 2061.80713272095
10592494000 2583.57405090332
10599323000 2161.23630332947
10606155000 1761.06163215637
10612983000 1324.03450965881
10619807000 3850.16043281555
10626637000 1423.73774528503
10633470000 2019.47171974182
10640294000 2536.21781730652
10647130000 2150.97451400757
10653954000 1661.46647834778
10660783000 3210.96909141541
10667633000 1934.30002784729
10674466000 2511.23952293396
10681303000 2118.74891853333
10688148000 2790.52334022522
10694979000 2341.20840263367
10701810000 1888.76273155212
10708645000 3466.88145828247
10715474000 3991.32584190369
10722285000 2361.02972984314
10729119000 2921.33660507202
10735943000 3394.29049301147
10742780000 1973.59946060181
10749618000 2558.19322967529
10756441000 13.3412208557129
10763273000 541.146865844727
10770105000 65.8208618164062
10776952000 713.651205062866
10783785000 -759.526233673096
10790618000 764.163763046265
10797462000 -622.682750701904
