39000 318663.575540861
6894000 311683.794033145
13713000 305481.127022516
27357000 295122.556527391
34126000 290615.10467086
40963000 285537.558438011
47797000 280444.225574575
54626000 277322.54390762
61459000 272229.022486746
68290000 268125.986829743
75130000 263082.518855214
81972000 257054.664559633
88781000 253822.580789521
95589000 248587.239616513
102328000 243921.450499102
109083000 240359.145981729
115836000 234787.251887351
122587000 231205.765572831
129718000 228015.159522191
136470000 225446.071064204
143225000 220898.811111748
149978000 218341.957127869
156729000 213775.506469518
163476000 210186.884132475
170225000 206613.8045609
176975000 203049.983334899
183728000 200507.996779144
190477000 195943.833261073
197225000 194376.352644652
203977000 191836.997722864
210728000 189294.327463955
217480000 184760.919954121
224230000 183217.906082273
230984000 179703.026713014
237735000 178172.249956787
244488000 174657.029176742
251241000 171144.7832039
257992000 168622.927345306
264741000 166091.458958536
271500000 163625.894128382
278256000 159144.428388834
285010000 157653.351882279
291764000 154165.251063883
298513000 151648.650984526
305266000 149160.203909576
312018000 146668.435771048
318770000 144179.641558707
325522000 141693.821272671
332274000 138210.974912763
339028000 137743.697744131
345774000 134229.011680305
352530000 131780.279390275
359287000 130340.823505163
366041000 129885.447767913
372801000 127470.84673202
379633000 125512.846764565
386498000 121765.815641403
393327000 120795.016488552
400189000 119035.212978721
406951000 117648.274416208
413738000 116421.881228685
420565000 113450.610886335
427379000 110400.436751544
434205000 108428.937500119
441033000 104473.086292088
447841000 101394.181706905
454657000 98368.7419843078
461478000 96377.8609337807
468306000 94434.1573610306
475133000 91487.1885287166
481954000 90505.4183196425
488782000 89570.8349383473
495606000 87614.0614215732
502439000 85717.1002227068
509272000 82823.1847311258
516101000 81907.0782120228
522941000 80063.4197587371
529774000 78178.6427262425
536607000 77296.9114009738
543444000 76443.4696513414
550281000 74593.0771759748
557110000 72695.2391031981
563938000 72794.1308686733
570774000 70946.5658838749
577601000 68045.2305202484
584427000 66140.621876955
591249000 65213.7963604927
598070000 64283.6922223568
604891000 63356.6231033802
611720000 59483.1123696566
618541000 59562.1168483496
625365000 57663.1052793264
632189000 55767.1313993931
639043000 55063.7112816572
645863000 53148.5555411577
652695000 51312.2510528564
659520000 49434.7616044283
666341000 47535.0347988605
673152000 46575.1487247944
679971000 43668.8477611542
686789000 41759.259718895
693608000 41859.0247893333
700427000 38961.8230992556
707248000 39080.2979538441
714083000 36290.3171993494
720916000 34490.7388468981
734621000 31147.3333045244
741445000 28299.9945046902
748273000 27480.990708828
755486000 27100.0710573196
762317000 25306.2969812155
769139000 23458.6356179714
775947000 22525.4442811012
782767000 21671.1953475475
789585000 20807.3264958858
796417000 20035.0745583773
803254000 18297.5070126057
810083000 18512.3618524075
816908000 14704.9436101913
823739000 14938.5394561291
830559000 14105.5525611639
837394000 13370.5519236326
844225000 11613.2764241695
851059000 11878.0379503965
857882000 10076.1998039484
864710000 8309.05807721615
871535000 5525.96049332619
878368000 6796.56400859356
885207000 4108.21279811859
892037000 2365.90928161144
905693000 -134.907042384148
912511000 -944.103754997253
919340000 -2680.57775425911
926163000 -2452.02521049976
932981000 -4252.11775708199
939804000 -4017.49384045601
946636000 -5722.79771065712
953467000 -8431.39447915554
960289000 -9193.9907579422
967121000 -9890.16508293152
973946000 -10627.667943716
980769000 -12374.8112152815
987591000 -13125.2576277256
994420000 -14828.28543365
1001262000 -17445.8402876854
1008089000 -17155.4605722427
1014914000 -17874.7239409685
1021744000 -19559.2378909588
1028566000 -20291.449713707
1035387000 -22026.9686853886
1042205000 -22778.4831466675
1049022000 -24533.3092055321
1055846000 -25240.6930574179
1062658000 -26021.1772680283
1069476000 -26760.5627744198
1076296000 -28484.2244778872
1083115000 -29211.1982233524
1089944000 -29871.6725640297
1096767000 -30567.1871352196
1103589000 -32266.012414217
1110401000 -32025.28130126
1117217000 -32756.1295893192
1124032000 -32490.2961471081
1130852000 -33189.6865963936
1137672000 -32886.0429167747
1144492000 -34579.3651077747
1151311000 -36276.0037896633
1158148000 -38855.2900540829
1164971000 -37520.4482064247
1171787000 -40227.0332510471
1178600000 -39949.6449255943
1185415000 -41656.523006916
1192218000 -41436.6108727455
1199055000 -41997.6527814865
1205875000 -44663.666475296
1212700000 -44294.8729176521
1219546000 -47789.5842998028
1226365000 -46452.8373303413
1233185000 -46106.7011604309
1240008000 -47738.4616439342
1246830000 -48373.5421793461
1253660000 -49954.7284352779
1260471000 -49653.6687455177
1267676000 -51844.4529271126
1274505000 -51422.7101273537
1281337000 -52978.8478794098
1288541000 -54166.1845803261
1295363000 -54779.6670839787
1302175000 -55453.7182948589
1308990000 -57105.6597731113
1315805000 -56754.5715696812
1322622000 -57387.7300941944
1329436000 -58036.9438769817
1336256000 -58644.9527614117
1343459000 -61812.8441832066
1350262000 -60522.7955951691
1357080000 -62134.2673494816
1363895000 -61761.800216198
1370704000 -62424.4929919243
1377521000 -62033.2384097576
1384331000 -63683.513112545
1391143000 -63318.0300474167
1397948000 -64994.0869307518
1404762000 -65609.8186397552
1411580000 -65197.0511636734
1418393000 -65813.0915513039
1425197000 -65483.4204146862
1432009000 -65099.7779247761
1438822000 -64706.7390446663
1445635000 -67310.6722605228
1452446000 -65924.3181004524
1459258000 -68528.5671057701
1466121000 -66804.8602280617
1472924000 -67460.376940012
1479739000 -69036.4101040363
1486553000 -68615.7860743999
1493370000 -70173.0144519806
1500180000 -70771.8250145912
1506995000 -72335.7412288189
1513802000 -72947.6218936443
1520616000 -73511.8570110798
1527430000 -73073.0633356571
1534628000 -75183.0057444572
1541442000 -74737.9837970734
1548256000 -77289.9330565929
1555064000 -77877.1152720451
1561873000 -77454.8966243267
1568675000 -79074.2985489368
1575486000 -78633.2777309418
1582301000 -79163.7158482075
1589110000 -80729.3993580341
1595936000 -81183.6049175262
1602750000 -80711.3318347931
1609555000 -82293.4545748234
1616371000 -83802.3659923077
1623184000 -84327.3910441399
1629995000 -85862.151884079
1636805000 -85400.268887043
1643620000 -86903.4469799995
1650435000 -87403.5953905582
1657257000 -89856.0287513733
1664076000 -88324.5784106255
1670894000 -89796.479344368
1677702000 -90329.1975104809
1684516000 -91820.5798020363
1691385000 -91957.7116217613
1698191000 -93494.1022379398
1705003000 -93989.150737524
1711818000 -95462.0106716156
1718649000 -96829.6388680935
1725466000 -98283.6561784744
1732281000 -98747.4190645218
1739092000 -99233.7081196308
1745893000 -100780.865113735
1752707000 -102241.936806917
1759517000 -102725.540887594
1766326000 -102212.510469437
1773139000 -103670.890968084
1779953000 -104119.851934671
1786768000 -104559.392035961
1793580000 -105015.080006361
1800393000 -104461.34800005
1807207000 -105898.194684267
1814014000 -105376.769526243
1820825000 -104826.744619131
1827638000 -105260.904107809
1834450000 -105698.430876017
1841261000 -105139.326256275
1848093000 -105442.877991676
1854911000 -105832.93616581
1861733000 -106194.374139547
1868550000 -107584.763242483
1875360000 -107016.905848265
1882178000 -107394.836846828
1888990000 -106808.12794137
1895803000 -108211.992835522
1902616000 -107612.82982564
1909438000 -107953.03824234
1916260000 -109290.210750103
1923079000 -108643.550242424
1929892000 -108032.264950514
1936714000 -108360.335071325
1943527000 -109742.989971638
1950347000 -110077.797766209
1957169000 -110396.76505518
1963982000 -110770.329132557
1970797000 -111128.057151318
1977628000 -111380.283130169
1984448000 -110699.919834137
1991264000 -111042.144058943
1998075000 -111413.366997004
2004885000 -111787.970109701
2012078000 -110705.759792089
2018895000 -111029.291784286
2025714000 -111336.976996899
2032535000 -110628.812760592
2039350000 -108956.06480217
2046161000 -108305.923135996
2052975000 -108633.527029514
2059793000 -108932.462599993
2066611000 -108228.365820408
2073809000 -109085.138520241
2080622000 -108406.864241362
2087814000 -108295.528412342
2094625000 -109623.854196548
2101462000 -110782.426252127
2108279000 -109066.209958792
2115095000 -109353.375695467
2121909000 -109650.338730812
2128723000 -109944.272973061
2135530000 -109280.082186937
2142344000 -109567.96195507
2149173000 -110756.57723856
2155985000 -110051.225068569
2162811000 -110253.013449192
2170014000 -110032.530563831
2176833000 -109272.994758606
2183651000 -109516.843676567
2190472000 -109738.405023098
2197283000 -108021.119869709
2204474000 -107861.471439838
2211292000 -110093.026843548
2218111000 -108315.129686356
2224925000 -107566.302564621
2231743000 -108788.762252331
2238549000 -108085.24811697
2245366000 -108308.070429802
2252183000 -106527.861283302
2258992000 -107796.003693581
2265796000 -106093.238359928
2272605000 -106355.334292889
2279424000 -105550.163779736
2286243000 -104741.960028172
2293067000 -103898.597537994
2299877000 -103142.15498209
2306688000 -103376.261199951
2313501000 -101594.488426208
2320319000 -101777.553360939
2327126000 -100028.286487103
2333932000 -100282.424806118
2340744000 -99494.972181797
2347564000 -97653.0633049011
2354382000 -97820.9784989357
2361195000 -98018.0090637207
2368014000 -96173.4317927361
2374839000 -96287.2386789322
2381652000 -96475.177532196
2388465000 -96660.0884809494
2395274000 -95867.698595047
2402091000 -98020.8266673088
2408901000 -96215.9518728256
2416107000 -96860.5390291214
2422927000 -95985.1021356583
2429738000 -95164.537252903
2436555000 -96302.3394846916
2443378000 -96398.5008273125
2450192000 -95549.5435190201
2457007000 -94691.1216239929
2463823000 -95823.2338080406
2470637000 -94965.1887874603
2477831000 -94658.0017352104
2484650000 -95761.5422348976
2491463000 -94900.6777467728
2498278000 -95023.9083824158
2505097000 -95118.3536119461
2518722000 -95381.8620171547
2525537000 -95492.9743690491
2532356000 -94575.2942023277
2539175000 -95654.5807967186
2545990000 -93756.60054636
2552803000 -96868.4747009277
2559626000 -94912.8960719109
2566441000 -95005.8241086006
2573266000 -95031.2886867523
2580096000 -95021.4955687523
2586912000 -94098.8791770935
2593731000 -93153.8980755806
2600568000 -93089.8708844185
2607341000 -92435.3130025864
2614150000 -92545.7050909996
2620965000 -92614.3938937187
2627781000 -92673.6060800552
2634599000 -92716.8929381371
2641416000 -91763.5952692032
2648236000 -91787.9213356972
2655073000 -91699.5851354599
2661879000 -90808.1236042976
2668692000 -89868.4931702614
2675518000 -89841.984210968
2682326000 -88928.5446529388
2689133000 -89018.5325703621
2695948000 -90053.8868689537
2702756000 -89131.3742623329
2709573000 -89147.7677702904
2716390000 -89161.1298179626
2723211000 -87145.6477680206
2730028000 -90152.9451160431
2736840000 -88189.4812455177
2743651000 -89229.444852829
2750463000 -88259.9273972511
2757289000 -88197.0075798035
2764099000 -86234.3415255547
2770912000 -86249.2814207077
2777735000 -86196.6262545586
2784543000 -84237.7916989326
2791358000 -84230.7304506302
2798175000 -84207.7234215736
2804988000 -83207.5189080238
2811802000 -83197.8275518417
2818609000 -81230.3230819702
2825421000 -82227.49690485
2832238000 -83189.3423571587
2839049000 -81186.9206438065
2845869000 -82123.3223619461
2852681000 -84108.382791996
2859496000 -84071.0300588608
2866315000 -85004.7976665497
2873125000 -82993.6984853745
2879940000 -83947.25715065
2886756000 -83891.322306633
2893570000 -84845.2854361534
2900385000 -84789.7550554276
2907198000 -85744.125316143
2914013000 -83682.5364613533
2920836000 -85566.1895189285
2927648000 -83517.9372291565
2934467000 -84421.3893456459
2941287000 -84315.3408374786
2948094000 -85290.3399834633
2954918000 -85152.3559041023
2961728000 -85101.8961997032
2968540000 -85035.4729318619
2975354000 -84953.0834345818
2982174000 -83828.8448324203
2988988000 -84740.3950824738
2995799000 -83668.3293623924
3002613000 -87573.8233599663
3016261000 -86246.2794742584
3023073000 -87155.6236438751
3029888000 -86042.5213041306
3036704000 -87919.9156732559
3043518000 -87807.2275791168
3050337000 -89659.1381998062
3057150000 -88546.8652405739
3063959000 -88457.4659266472
3070770000 -89352.0906000137
3077583000 -89230.736594677
3084392000 -91132.2615671158
3091205000 -91004.8535318375
3098021000 -90854.9847655296
3104842000 -89669.6951584816
3112035000 -91071.3643660545
3118845000 -92951.1078457832
3125650000 -91860.2231454849
3132459000 -92740.398226738
3139273000 -93585.1474580765
3146083000 -93452.7908744812
3152901000 -94265.5595417023
3159716000 -95094.7407603264
3166537000 -94881.9998269081
3173358000 -95666.2238736153
3180167000 -94525.2085199356
3186981000 -95348.7517557144
3193796000 -94162.7823419571
3200614000 -95954.3303418159
3207430000 -93755.8154845238
3214241000 -93586.6960091591
3221058000 -94375.6365971565
3227864000 -95232.8925995827
3234695000 -94924.9638185501
3241508000 -94730.7565684319
3248319000 -94546.4962415695
3255122000 -95411.1126484871
3261933000 -95220.8036231995
3268738000 -97066.4009456635
3275548000 -95876.5315227509
3282743000 -96185.1229519844
3289553000 -94989.032022953
3296366000 -96770.4442129135
3303178000 -95555.3194909096
3310003000 -95252.779074192
3316827000 -95953.6919603348
3323636000 -94748.9520640373
3330452000 -95495.7384209633
3337266000 -95252.4806375504
3344081000 -95999.7004022598
3350892000 -96769.8669033051
3357707000 -94511.0290818214
3364530000 -95197.2016263008
3371341000 -95958.2826390266
3378154000 -94703.3457598686
3384973000 -94406.4030103683
3391791000 -93112.9237947464
3398604000 -93848.8983139992
3405422000 -92549.3566217422
3412233000 -94292.2693238258
3419059000 -92934.6776366234
3425886000 -91567.5474824905
3432702000 -93268.8708262444
3439511000 -92012.6627984047
3446359000 -90499.917514801
3453169000 -91231.1426892281
3459985000 -88920.3352999687
3466792000 -89665.0123281479
3473594000 -89439.1773281097
3480411000 -88112.7858986855
3487263000 -88555.7580323219
3494461000 -87745.4707779884
3501276000 -87422.8078041077
3508085000 -85136.1413025856
3514900000 -84807.4216332436
3521712000 -85495.1880245209
3528518000 -84218.9615516663
3535378000 -82588.3819761276
3542164000 -82436.2198076248
3548982000 -83072.8288702965
3555800000 -81706.4055833817
3562618000 -82336.9499464035
3569437000 -80957.9535984993
3576258000 -82562.9063997269
3583073000 -81203.8796854019
3589886000 -80854.8426790237
3596699000 -80502.7777690887
3603524000 -80069.5579452515
3610349000 -79633.2995424271
3623967000 -78960.0484070778
3630784000 -78566.7874155045
3637602000 -78163.9821562767
3644418000 -77771.1710510254
3651613000 -76906.633626461
3665240000 -76138.094587326
3672053000 -75752.5400724411
3678866000 -76363.9576535225
3685682000 -74952.7994990349
3692499000 -75532.0943851471
3699310000 -74147.4588093758
3706118000 -74779.3489379883
3712944000 -71290.8966150284
3719759000 -71871.1046614647
3726572000 -71461.3202486038
3733378000 -72094.1413192749
3740217000 -71508.7971963882
3747038000 -69037.7610592842
3753850000 -68622.3734207153
3760658000 -68230.0421071053
3767479000 -67749.9107012749
3774285000 -67364.5701398849
3781101000 -65910.9862122536
3787919000 -64441.326488018
3794728000 -66027.3419318199
3801550000 -63525.5275020599
3808370000 -66033.7250576019
3815185000 -64571.5104436874
3821999000 -64112.7909836769
3828866000 -65305.2027621269
3835669000 -65912.18516922
3842487000 -65418.2559714317
3849297000 -66973.507361412
3856108000 -66519.2064523697
3862928000 -69003.1318640709
3869747000 -69490.551097393
3876945000 -69500.6704173088
3883758000 -70021.0277748108
3890569000 -70551.4158473015
3897378000 -70091.8373003006
3904191000 -68603.1136126518
3.911e+09 -69137.4845895767
3917821000 -69590.4581785202
3924640000 -69053.4598116875
3931467000 -68461.1723914146
3938283000 -67937.7012529373
3945098000 -68417.7324094772
3951911000 -66907.8005056381
3958717000 -69440.5769824982
3965529000 -66931.1265807152
3972337000 -67444.7877368927
3979157000 -67877.0043797493
3985975000 -68319.2579593658
3992790000 -68778.0871219635
3999607000 -68220.8137578964
4006422000 -68673.5826673508
4013244000 -71077.5607147217
4020060000 -69517.7293915749
4026872000 -69981.0203003883
4033688000 -71415.1296138763
4040491000 -68931.2165188789
4047302000 -70391.9681372643
4054507000 -70272.9373841286
4061324000 -70688.2190084457
4068140000 -69107.0100650787
4074960000 -70496.6052007675
4081774000 -70922.4169011116
4088585000 -71364.8264875412
4095399000 -70784.5819354057
4102214000 -73194.7654747963
4109029000 -71601.9193325043
4115837000 -72051.8515381813
4122657000 -73420.2268996239
4129476000 -72792.1130261421
4136291000 -72187.1472668648
4143109000 -72559.5144762993
4149919000 -71981.2191567421
4163537000 -71828.6470346451
4170357000 -71175.8012876511
4177209000 -69310.385204792
4184025000 -68677.6507716179
4190839000 -69054.9835615158
4197654000 -68422.738216877
4204466000 -66807.1125469208
4211280000 -66175.3594017029
4218086000 -66592.9828586578
4224895000 -65987.9312753677
4231708000 -65353.6490931511
4238520000 -63722.8910136223
4245360000 -63905.6372556686
4252174000 -63255.7069087029
4258990000 -62589.6410841942
4265805000 -61927.0984754562
4272622000 -61248.4177212715
4279434000 -59599.478887558
4286248000 -59934.402797699
4293067000 -59233.5200901031
4299882000 -57555.8281822205
4306713000 -56770.2033143044
4313532000 -57060.2173295021
4327175000 -54598.3566913605
4333996000 -54866.1522932053
4340811000 -55170.2649555206
4347638000 -55392.6384410858
4354461000 -52638.2098464966
4361287000 -51861.0644054413
4368110000 -51100.5608778
4374914000 -51461.6777439117
4381726000 -49767.2839136124
4388543000 -48037.054101944
4395359000 -48310.3550682068
4402173000 -48593.7508268356
4408994000 -47828.1759033203
4415815000 -46059.5659608841
4422634000 -45301.0490341187
4429460000 -44493.5476322174
4436281000 -43715.8312969208
4443092000 -44000.733464241
4449906000 -41262.9121170044
4456721000 -42515.4957351685
4463539000 -39745.349615097
4470349000 -39024.7081861496
4477170000 -39228.7982006073
4483983000 -38482.397351265
4490827000 -37529.3461942673
4497640000 -36776.8757600784
4504453000 -36021.3774223328
4511262000 -33289.1303749084
4518084000 -32468.44581604
4524900000 -32684.1494789124
4531720000 -30870.5380382538
4538536000 -30080.1787805557
4545351000 -29293.3609743118
4552162000 -28529.8033533096
4558984000 -26690.9175806046
4565793000 -26934.4495306015
4572606000 -24148.6619310379
4579417000 -24372.9949159622
4586227000 -21600.8764648438
4593041000 -20799.4322414398
4599862000 -17948.9301786423
4606675000 -17148.0012817383
4613492000 -15317.7386102676
4620310000 -14477.8675670624
4627120000 -12687.5830278397
4633938000 -12841.6508426666
4640757000 -9986.10806274414
4647575000 -9134.11073303223
4654392000 -8285.66018772125
4661205000 -6460.49650478363
4668019000 -5625.72489070892
4674830000 -3807.66589164734
4681645000 -2960.25711345673
4688454000 -3149.30679893494
4695274000 -262.932312965393
4702091000 606.729559898376
4708960000 1821.72294807434
4715742000 2467.06101512909
4722550000 3286.57259368896
4729369000 5181.5319185257
4736194000 7119.03131198883
4743009000 8993.72012042999
4749828000 9897.78005409241
4756647000 10804.8732271194
4763455000 12642.5508861542
4770268000 13516.1854782104
4777080000 17386.2608346939
4783896000 17285.7135400772
4790697000 20089.3764038086
4797564000 21330.8957185745
4804369000 23166.9780321121
4811179000 24039.0279579163
4817990000 24920.6929292679
4824809000 25858.1060419083
4831628000 28798.5523939133
4838442000 29709.0762777328
4845262000 30662.1784706116
4852082000 34618.3147935867
4858902000 33577.4852457047
4865717000 34506.7252225876
4872543000 35511.521903038
4879360000 37460.0137557983
4893033000 38623.285194397
4899849000 39574.2936229706
4906663000 42515.1414394379
4913480000 41478.8061590195
4920290000 44399.3269710541
4927489000 43889.0817489624
4934298000 45809.2284498215
4941117000 45798.3778905869
4947928000 46737.7743005753
4954742000 48699.9930200577
4961563000 48711.4347419739
4968379000 50692.9133939743
4975198000 51697.2228040695
4982019000 54717.7664690018
4989212000 55196.9039525986
4996023000 55157.668964386
5002841000 55167.6731615067
5009649000 56114.6866073608
5016462000 57097.7372837067
5023287000 59163.0542545319
5030105000 59185.1842927933
5036921000 62197.1385040283
5043736000 63205.5187530518
5050547000 65190.5087718964
5057370000 64257.7899866104
5064174000 67202.5965223312
5070983000 67183.4545202255
5077834000 69444.8206338882
5084623000 71299.6019620895
5091443000 71362.2268772125
5098257000 73388.2373809814
5105069000 74404.0596075058
5111888000 75469.1717033386
5118706000 76530.7076129913
5125525000 78601.8857431412
5132345000 78682.7074241638
5139152000 81680.6233816147
5145964000 81714.6179199219
5152780000 83778.0860595703
5159980000 84383.6326227188
5166801000 85486.3954467773
5173624000 87605.4193029404
5180433000 87634.8916444778
5187277000 89898.8746891022
5194095000 90993.9403476715
5200909000 91065.5792121887
5207725000 93153.4773302078
5214538000 93224.5589933395
5221351000 94298.6685609818
5228167000 95395.6557245255
5234978000 96462.5884160995
5241845000 96903.1246995926
5248629000 97797.4512243271
5255441000 99880.0935230255
5262260000 100012.09435463
5269073000 102107.413025856
5275886000 102205.759602547
5282695000 104280.653596878
5289508000 105385.054203987
5296320000 105485.861704826
5303172000 108854.554451942
5309961000 109809.130041122
5316785000 109998.494277954
5323599000 113124.668304443
5330396000 114141.276153564
5344018000 118369.008328438
5350833000 118513.911870003
5357646000 120648.595071793
5364454000 122753.17890358
5371273000 123933.671086311
5378098000 125156.954576492
5384910000 127297.128382683
5391722000 129440.329204559
5398534000 130586.557041168
5405353000 130782.208748817
5412173000 132987.522265434
5418987000 135156.095836639
5425792000 137268.03309536
5432608000 136455.920053482
5439427000 138666.728617668
5446238000 140827.524102211
5453055000 142031.133118629
5459868000 144211.246879578
5466686000 145427.549161911
5473496000 147593.823249817
5480310000 148789.654623985
5487121000 152968.614420891
5493939000 154197.037652016
5500754000 156408.590194702
5507584000 158722.694284439
5514396000 160920.407152176
5521214000 161160.961116791
5528029000 163384.639057159
5534845000 163617.983247757
5541664000 164874.269053459
5548475000 166080.488425255
5555286000 169289.733923912
5562106000 170561.75067997
5568923000 171816.885184288
5575735000 173041.85496521
5582553000 174309.6898489
5589361000 177514.155820847
5596180000 178794.691529274
5602994000 181045.055399895
5609804000 181271.882224083
5616623000 184561.511422157
5623435000 184807.677418709
5630248000 188063.513223648
5637064000 189342.30664444
5643871000 190564.337496758
5650680000 193802.679175377
5657496000 194090.557195663
5664305000 196334.95068264
5671121000 197628.886733055
5677940000 200945.79106617
5684763000 200292.314036369
5691596000 202708.341753006
5698411000 204007.764853477
5705226000 206310.217636108
5712048000 207662.237002373
5718861000 209957.455113411
5725672000 210242.403092384
5732487000 212556.975047112
5739318000 212980.975204468
5746122000 215228.459760666
5752929000 215498.916614532
5759739000 216792.349761009
5766560000 216161.976678848
5773379000 218521.334355354
5780193000 219850.462398529
5787007000 221182.619234085
5793824000 221537.765254021
5800642000 221902.596642494
5807455000 223237.188614845
5814283000 225674.630457878
5821095000 227008.629663467
5834718000 231679.052987099
5841542000 233102.011705399
5848358000 233474.751943588
5855170000 235823.892889023
5861984000 237189.376669884
5868800000 239571.205953598
5875616000 240956.065807343
5882448000 241450.504141808
5889268000 243868.07101059
5896077000 244215.410531998
5902894000 247619.059029579
5909707000 248999.094894409
5916523000 248402.143066406
5923339000 248808.221809387
5930157000 247230.655838013
5936973000 245642.796611786
5943819000 245257.865375519
5950640000 243709.399095535
5957452000 243103.990595818
5964259000 241468.286200523
5977872000 239199.279661179
5984684000 238605.972111702
5991505000 237075.688804626
5998341000 235648.44258213
6005155000 234077.565239906
6011970000 233516.384385109
6018785000 231958.233211517
6025601000 230409.780303955
6032416000 228857.688939095
6039236000 228341.974618912
6046042000 226735.915589333
6052852000 225159.559687614
6059662000 225586.229024887
6066484000 224095.978593826
6073303000 224588.748987198
6080114000 222031.175505638
6086923000 221463.28298378
6093735000 219918.433895111
6100551000 218403.305708885
6114180000 216362.117966652
6120995000 214849.4053545
6127811000 214346.397674561
6134611000 212739.609452248
6141421000 210202.59896946
6148234000 209688.643472672
6155048000 208184.392907143
6161866000 208709.881022453
6168682000 208225.045654297
6175495000 208723.205773354
6182309000 208231.072601318
6189120000 207721.930473328
6195944000 207302.650501251
6202755000 208799.566401482
6209573000 206346.272515297
6216387000 206869.286864281
6223199000 205381.967061043
6230014000 204917.720024109
6236830000 204463.185030937
6244030000 202577.883214951
6250851000 201162.996483803
6257674000 200764.512215614
6264490000 199322.275579453
6271302000 197856.331069946
6278111000 196373.358412743
6284930000 195960.265097618
6291723000 195376.370483398
6298531000 192895.781821251
6305342000 192438.277113914
6312157000 190010.547636986
6319023000 187926.92166996
6325805000 188284.56470871
6332615000 185832.489226341
6339425000 184383.438981056
6346235000 183937.413974762
6353049000 183521.173978806
6359862000 183101.272388458
6366680000 181717.852864265
6373491000 179290.626749992
6387152000 178706.247405052
6393971000 176341.657897949
6400788000 175966.71551609
6407602000 174574.724088669
6414411000 174152.291721344
6421227000 173779.744438171
6428046000 172430.312232018
6434868000 172103.999109268
6441694000 170807.504796982
6448519000 170507.353783607
6462132000 168668.376262665
6468946000 167303.651971817
6475759000 165935.258525848
6482568000 164543.099413872
6489381000 164180.759997368
6496187000 164774.553518295
6503020000 162552.261314392
6509843000 161266.01309967
6516663000 160962.699834824
6523489000 159702.627067566
6530312000 158425.489250183
6543929000 156685.954529762
6550742000 154350.88580513
6557556000 155025.548267365
6564373000 153723.350708008
6571193000 154444.297129631
6578011000 152154.868444443
6584842000 153955.637933731
6591655000 151638.752187729
6598477000 151385.247921944
6605344000 149436.567558289
6612130000 146947.708711624
6618947000 145669.779735565
6625760000 143368.051285744
6632570000 143049.226207733
6639384000 140760.260854721
6646195000 139454.197096825
6653011000 138184.707016945
6659862000 136153.09598732
6666651000 136708.501773834
6673470000 135468.239500999
6680286000 134210.876597404
6687103000 133963.255998611
6693923000 132738.80340004
6700748000 131550.94805336
6707564000 131305.713658333
6714389000 130123.931463242
6721206000 129891.476172447
6728026000 129682.19555378
6734838000 127422.2302742
6741643000 127118.284960747
6748449000 126824.076180458
6755265000 125600.050893784
6762085000 125405.922680855
6768901000 123187.960313797
6775719000 122986.463549614
6782527000 122720.819537163
6789340000 121491.791004181
6796151000 119252.352678299
6802969000 121062.975528717
6809783000 118849.751778603
6816605000 119693.318279266
6823416000 117465.993790627
6830229000 117255.137570381
6837034000 115993.53713131
6843848000 115795.455122948
6850666000 114627.291523933
6857483000 114455.437427521
6864303000 112306.78467083
6871128000 113194.784739494
6877941000 111005.133179665
6884757000 110838.683408737
6891576000 109695.439427376
6912012000 107142.652378082
6918822000 105950.990358353
6925641000 103822.899230003
6932456000 104670.930381775
6939267000 103495.078478813
6946087000 102382.810359001
6952894000 102186.098415375
6959711000 100059.704218864
6966516000 100855.581938744
6973328000 99701.593296051
6980142000 96564.0933685303
6986947000 96369.0405826569
6993763000 95251.057718277
7000572000 93088.9801435471
7007376000 92896.2637805939
7014239000 93103.8186168671
7021029000 90822.8990087509
7027840000 88686.4000787735
7034650000 87546.1928710938
7041467000 86456.1548528671
7048285000 84375.8835926056
7055097000 84258.2302408218
7061912000 81163.8124570847
7068728000 81079.160984993
7075550000 78037.9625272751
7082364000 75945.8998270035
7089176000 74843.3899946213
7095992000 71770.8608064651
7102804000 72674.4067821503
7109619000 68601.1976604462
7116428000 68490.5797767639
7123238000 67389.7264270782
7130058000 65359.3046112061
7136877000 64325.1758489609
7143689000 63246.8896913528
7150502000 61178.3725128174
7157311000 60085.9136066437
7164119000 57989.736199379
7170940000 56984.2451038361
7177777000 56089.6889009476
7184593000 53056.55402565
7191398000 52952.2587747574
7198208000 51884.7096967697
7205022000 49847.1679363251
7211836000 49812.6549682617
7218646000 47754.1851596832
7225455000 46691.9937343597
7232273000 44693.5523347855
7239087000 44671.1523160934
7245905000 42678.7738370895
7252718000 41655.6845502853
7259529000 39622.1250171661
7266341000 37598.3411312103
7273153000 39577.5842590332
7279965000 33559.8544034958
7286787000 34612.6600942612
7293598000 33594.23741436
7300418000 30639.606543541
7307233000 30654.2488632202
7314043000 29638.1577072144
7320855000 27638.5979394913
7334485000 24689.083240509
7341299000 23712.1160058975
7348112000 22731.4227075577
7354929000 21780.77850914
7361739000 19785.8755683899
7368559000 19861.5597410202
7375419000 19210.5434045792
7382245000 17332.8561134338
7389058000 16370.3604621887
7395897000 14586.599943161
7402717000 13677.4805650711
7409540000 12791.6718988419
7416357000 10868.3441972733
7423177000 9968.32720565796
7429959000 9814.45695781708
7436791000 8001.61898136139
7443619000 7164.78148365021
7450446000 6324.22370815277
7457274000 4493.4682674408
7464047000 4293.82105541229
7470877000 3482.64934539795
7477665000 1390.46179485321
7484464000 375.681199073792
7491286000 519.492513656616
7498107000 -1340.42490196228
7504926000 -210.837465286255
7511740000 -2112.04442977905
7518558000 -2983.15871143341
7525377000 -5844.47422504425
7532200000 -4675.68904972076
7539008000 -6605.37668228149
7545816000 -7532.04085445404
7552638000 -7360.92683029175
7559505000 -8882.18799304962
7566329000 -9691.4439458847
7573155000 -11484.1231422424
7579988000 -11226.3730106354
7586804000 -13080.6743984222
7593617000 -13952.2578220367
7600430000 -15820.8133430481
7607251000 -14632.1668949127
7614073000 -16433.7132234573
7620891000 -16259.3142356873
7627709000 -18081.8828983307
7634522000 -18935.2869005203
7641306000 -19982.1084403992
7648078000 -21107.220864296
7654889000 -22965.1219949722
7661710000 -22752.2438936234
7668531000 -23536.3307733536
7675361000 -24256.3968238831
7682192000 -24966.6431951523
7688973000 -26012.7001886368
7695731000 -26211.6408662796
7702526000 -27156.8173589706
7709349000 -28909.1862316132
7716177000 -28624.6239871979
7723010000 -30303.1239433289
7729835000 -32032.8162336349
7736666000 -32718.7887420654
7743493000 -32428.8399095535
7750325000 -35101.9452610016
7757149000 -34826.2580900192
7763977000 -35520.4053030014
7770722000 -35774.4525194168
7777494000 -37842.3946723938
7784321000 -37534.2633514404
7791147000 -39229.8754243851
7797982000 -40861.3902263641
7804802000 -39591.6272249222
7811622000 -40318.8300924301
7818453000 -41968.3579425812
7825272000 -42696.2736377716
7832103000 -42339.7189865112
7838918000 -43088.7103500366
7845688000 -44140.1011486053
7852432000 -45364.9837236404
7859235000 -45186.3959665298
7866031000 -45052.3096628189
7872811000 -47023.8358612061
7879591000 -47992.3634176254
7886360000 -49032.5819540024
7893168000 -50804.9856481552
7899963000 -49662.6469736099
7906742000 -50625.9571008682
7913526000 -50552.3107833862
7920300000 -50543.5840826035
7927099000 -53362.0484905243
7933887000 -51252.2211513519
7940659000 -54248.0842180252
7947451000 -54105.0767173767
7954252000 -54897.9104042053
7961002000 -55034.2634897232
7967779000 -53984.1719655991
7974549000 -54978.6544809341
7981334000 -55868.204788208
7988126000 -56707.1758012772
7994925000 -57495.558218956
8001722000 -58294.5201454163
8008532000 -58002.0952234268
8015338000 -59733.8385791779
8022138000 -59503.3531866074
8028933000 -59303.8477649689
8035733000 -61067.3318710327
8042503000 -61031.8041782379
8049294000 -61850.4742202759
8056060000 -63836.1617889404
8062836000 -64750.8483133316
8076417000 -66373.9675378799
8083200000 -69232.0362892151
8089978000 -71121.1199836731
8096768000 -71925.5625190735
8103559000 -73720.1934261322
8110312000 -74770.3898267746
8117085000 -78681.5111083984
8123867000 -79528.3908119202
8130688000 -81106.8399124146
8137473000 -82927.2824993134
8144285000 -84560.9386968613
8151052000 -85497.8933868408
8157879000 -87023.4003982544
8164693000 -87634.3726387024
8171514000 -90194.6561203003
8178330000 -91785.949640274
8185146000 -92374.2125892639
8191962000 -93959.4449672699
8198778000 -94541.646774292
8212376000 -98928.5406112671
8219146000 -99815.0028924942
8225965000 -100364.681628227
8232788000 -103884.076870918
8239547000 -103836.467751503
8246303000 -105806.318874359
8253057000 -106786.820317268
8259810000 -108771.160398483
8266630000 -109295.936132431
8273455000 -112783.601654053
8280276000 -113295.491243362
8287102000 -114770.26527977
8293925000 -116262.449501991
8300731000 -117867.485865593
8307487000 -118810.372460365
8314292000 -120416.205532074
8321110000 -122930.379584312
8327930000 -124427.883746147
8334713000 -125174.664692879
8341479000 -126034.378471375
8348241000 -126918.386359215
8355066000 -128369.717590332
8368729000 -129174.585710526
8375556000 -129603.151660919
8382375000 -130083.255828857
8389208000 -131464.808016777
8396040000 -131850.137710571
8402869000 -132252.893566132
8409733000 -133413.763591766
8416559000 -133830.89322567
8423378000 -133292.758366585
8430179000 -134874.448203087
8436932000 -133780.763140678
8443835000 -134660.154353142
8450597000 -135499.012652397
8457395000 -136089.108491898
8464194000 -136669.36208725
8470967000 -137424.13085556
8477736000 -138203.221339226
8484490000 -139081.757657051
8491278000 -139725.117844582
8498085000 -141235.704792976
8504862000 -140948.178556442
8511655000 -141548.364257812
8518460000 -142063.565422058
8525270000 -142541.587574005
8532085000 -142982.424050331
8538897000 -143440.728441238
8545692000 -143012.166408539
8552482000 -143614.759541512
8559275000 -145193.843597412
8566080000 -146687.90583992
8572887000 -146165.277786255
8579647000 -145960.881180763
8593248000 -146989.422962189
8600055000 -147454.731258392
8606862000 -148917.016981125
8613671000 -147362.605311394
8620484000 -149777.817874908
8627305000 -149135.296143532
8634114000 -150571.804318428
8640924000 -150998.44895649
8647724000 -150490.464672089
8654498000 -152157.305950165
8661304000 -151602.257377625
8668101000 -153105.755765915
8674914000 -153496.777986526
8681721000 -154925.82339859
8688524000 -154379.215406418
8695341000 -155733.790077209
8702145000 -155174.294649124
8708946000 -156632.310186386
8715770000 -154929.894880295
8722584000 -155292.88703537
8729386000 -155734.989902496
8736193000 -156139.847623825
8743024000 -156377.382440567
8749843000 -156694.028848648
8756676000 -155911.787687302
8763493000 -156236.055757523
8770306000 -156584.682876587
8777126000 -155882.345586777
8783940000 -156218.065273285
8790761000 -156502.813432693
8797569000 -156873.568855286
8804383000 -155200.201717377
8811199000 -155510.105194092
8817980000 -156056.753953934
8824800000 -155333.207122803
8831613000 -154654.587551117
8838435000 -154911.271432877
8845253000 -155192.329469681
8852002000 -154943.209337234
8858793000 -154403.275182724
8865581000 -154880.894178391
8872356000 -154444.613153458
8879156000 -153833.969724655
8885980000 -153055.785795212
8892792000 -153356.83159256
8899600000 -154682.274621964
8906407000 -154011.550697327
8913233000 -155207.522138596
8920039000 -154537.602025986
8926857000 -155782.366153717
8933671000 -157051.531068802
8940540000 -156940.437007904
8947355000 -158196.660713196
8954140000 -158655.643356323
8960932000 -159063.602493286
8967751000 -159283.318685532
8974539000 -159712.691127777
8981315000 -160221.39455986
8988182000 -161102.675695419
8994975000 -161488.689884186
9001796000 -159679.537553787
9008616000 -160874.213376999
9015415000 -160209.991037369
9022213000 -160549.617284775
9029020000 -159824.448411942
9035837000 -160027.607477188
9042650000 -160255.196659088
9049471000 -160424.831232071
9056281000 -158666.959896088
9063104000 -159816.795871735
9070315000 -159299.127134323
9077130000 -158497.657960892
9083950000 -158658.818668365
9090771000 -157810.076713562
9097586000 -157999.513605118
9104395000 -157227.137340546
9111212000 -156396.777803421
9118020000 -156625.219596863
9124793000 -158091.114280701
9131590000 -157389.107845306
9138381000 -158725.317541122
9145526000 -158625.798053741
9152333000 -159845.873403549
9159166000 -160884.22836113
9166002000 -161898.917291641
9172840000 -160896.810066223
9179679000 -159884.778341293
9186519000 -160862.820781708
9193368000 -160775.934247971
9200203000 -161782.247127533
9207037000 -160792.388633728
9213880000 -161737.594472885
9220715000 -160734.761758804
9227933000 -161094.811559677
9234879000 -160322.262943268
9241696000 -160433.878307343
9248533000 -160404.885753632
9255369000 -160379.723194122
9262208000 -159330.873106003
9269015000 -158499.137104034
9275801000 -157808.871192932
9289453000 -155868.808286667
9296273000 -154935.509256363
9303091000 -154012.940860748
9309915000 -153046.043153763
9316736000 -152096.757574081
9323560000 -151123.785820007
9330393000 -149085.818910599
9337224000 -148058.575508118
9344041000 -147124.678943634
9350860000 -146173.979923248
9357672000 -144268.449264526
9364490000 -144318.573265076
9371310000 -143351.89125061
9378127000 -144402.836940765
9384946000 -140436.975723267
9391769000 -139440.528600693
9398578000 -140537.485244751
9405402000 -139528.081697464
9412220000 -137556.977468491
9419033000 -137617.290622711
9425854000 -135619.452747345
9432669000 -135659.924865723
9439488000 -133669.802181244
9446303000 -133704.213157654
9453126000 -132680.4570961
9459948000 -132660.556850433
9466774000 -131610.048456192
9473605000 -130522.033063889
9480434000 -129444.761648178
9487250000 -129454.075241089
9494068000 -127446.568582535
9500890000 -128408.448432922
9507713000 -125360.396642685
9514557000 -124164.488349915
9521383000 -122089.663747787
9528212000 -119991.108470917
9535036000 -119923.998620987
9541875000 -118750.381700516
9548699000 -116677.189792633
9555521000 -113614.757894516
9562347000 -113521.692909241
9569173000 -112425.5884552
9575991000 -110381.646007538
9582808000 -109341.571840286
9589612000 -107388.180168152
9596436000 -105293.738235474
9603268000 -105141.0429039
9610077000 -104144.058158875
9616867000 -101275.20324707
9623697000 -99127.209028244
9630529000 -97962.3642940521
9637359000 -93808.2831172943
9644182000 -93699.4913406372
9651006000 -91580.7576847076
9657853000 -90300.1592922211
9664670000 -89223.681804657
9671460000 -86330.6460170746
9678256000 -84393.1616001129
9685074000 -83300.7037773132
9692281000 -81518.0958137512
9699086000 -79509.207075119
9705902000 -77421.3022937775
9712725000 -75282.0032138824
9719561000 -74049.8431911469
9726395000 -71828.4547767639
9733208000 -69749.1390228271
9740027000 -66625.3300590515
9746878000 -65277.3252601624
9753706000 -64085.2295875549
9760530000 -61917.7415523529
9767354000 -60747.2158298492
9774179000 -57566.7393035889
9.781e+09 -56410.8784294128
9787807000 -53348.7785682678
9794596000 -52408.116153717
9801341000 -50768.702123642
9808087000 -49119.4050045013
9814862000 -46266.5820350647
9821678000 -44127.2002277374
9835287000 -39998.4381980896
9842106000 -38829.2222747803
9848918000 -35705.3990287781
9855743000 -34488.6091403961
9862557000 -33344.8883304596
9869364000 -33246.5739879608
9876189000 -31020.681268692
9.883e+09 -30888.632938385
9889815000 -27725.8758583069
9896649000 -25428.5881710052
9903468000 -23232.0770950317
9910226000 -21454.7741451263
9917038000 -18300.6807498932
9923852000 -18129.7145843506
9930649000 -14073.4160747528
9937437000 -12076.4177341461
9944234000 -10014.0958175659
9951053000 -6796.41789627075
9957882000 -3506.4557762146
9964699000 -296.558012008667
9971517000 2923.29719924927
9978302000 4917.6125869751
9985113000 10095.0297107697
9991947000 12434.8012695312
9998763000 16652.9196796417
10005582000 20894.8532829285
10012391000 26070.5336036682
10019217000 31367.0329208374
10026028000 39562.6285743713
10032854000 46865.2001514435
10039672000 53115.3677406311
10046508000 52493.3234729767
10053313000 52659.4565811157
10060136000 51953.3822803497
10066957000 52236.4803524017
10073740000 53259.1725406647
10080558000 55527.5244464874
10087375000 58791.9751605988
10094181000 58983.1834659576
10101001000 58274.4955043793
10107820000 57561.9067955017
10114627000 55769.1274662018
10121375000 55570.1606674194
10128114000 53311.7384624481
10135247000 51789.3202323914
10141993000 52585.5559444427
10148789000 51731.6377067566
10155611000 51061.1201229095
10162421000 51310.3771762848
10169240000 49625.109418869
10176061000 51956.7535572052
10182887000 52326.1315860748
10189699000 53601.3860187531
10196521000 54949.074098587
10203346000 55320.6214122772
10210169000 57681.3242015839
10216990000 59031.1797885895
10223817000 61425.7250595093
10230636000 63767.767578125
10237464000 66175.3333396912
10244284000 68530.39012146
10251112000 70944.0348243713
10257943000 75381.5547904968
10264779000 76856.8442592621
10271602000 80244.8898086548
10278428000 81656.8101787567
10285256000 84085.6629219055
10292074000 88448.0879459381
10298896000 90841.3346881866
10305698000 94098.6616172791
10312522000 95511.8677349091
10319325000 96782.189371109
10326142000 96152.8176860809
10332984000 94700.2165737152
10339785000 94965.7187767029
10346610000 93401.0491065979
10353430000 91804.663520813
10360252000 93225.2147521973
10367083000 91711.3679962158
10373904000 93131.0428161621
10380724000 95546.7999744415
10387547000 94986.4506378174
10394327000 97130.1346626282
10401152000 96589.7478084564
10407976000 98045.4450759888
10414805000 97538.9545440674
10421623000 98958.9973316193
10428417000 100215.13347435
10435159000 101112.556583405
10442004000 101729.482198715
10448796000 103980.736774445
10455618000 105443.727539062
10462445000 106944.544265747
10469270000 107434.484437943
10476088000 108878.750888824
10482916000 109395.6431427
10489739000 109880.777694702
10496610000 111703.04044342
10503765000 111505.220685959
10510587000 111992.673614502
10517405000 114455.316070557
10524221000 113907.066795349
10531039000 114375.773057938
10537899000 116139.954778671
10544718000 116621.707801819
10551535000 119092.566419601
10558358000 122608.242097855
10565195000 125224.460552216
10572019000 128753.181219101
10578845000 130298.870782852
10585673000 133861.53191185
10592495000 136385.435329437
10599324000 139961.143228531
10606155000 142553.828041077
10612983000 144128.653287888
10619808000 147685.614959717
10626637000 150273.490091324
10633465000 152857.438201904
10640295000 156458.366786957
10647131000 158104.158752441
10653954000 160662.382555008
10660784000 163272.43979454
10667633000 166017.99656868
10674466000 169655.063863754
10681303000 172323.066013336
10688142000 175008.062906265
10694979000 177682.164495468
10701810000 181317.473609924
10708645000 183983.722930908
10715475000 186618.147161484
10722285000 189116.115203857
10729120000 192791.493621826
10735944000 196393.185157776
10749618000 201787.076608658
10756441000 204390.91560173
10763274000 206067.56772995
10770106000 209740.287485123
10776953000 212520.729949951
10783785000 217199.546024323
10790619000 219895.365749359
10797463000 221664.030715942
