38000 -208336.523849841
6893000 -208222.753693378
13713000 -209534.162719838
20535000 -208827.52937917
27357000 -210126.81013681
34126000 -209066.667726062
40963000 -208198.122173026
47797000 -208371.435857758
54626000 -205610.545297757
61459000 -204807.695783928
68290000 -205034.720316648
75129000 -204171.918067142
81972000 -204267.184659511
88781000 -202775.307846159
95585000 -202349.157420844
102328000 -202658.822097778
109083000 -200830.681724489
115836000 -201032.268630013
122587000 -200263.577665478
129718000 -198954.871880472
136469000 -197198.090189099
143225000 -197387.295593023
149978000 -196618.181364924
156729000 -194878.780589491
163476000 -194193.00478825
170225000 -193489.098808616
176975000 -191779.024415582
183728000 -190038.87266013
190476000 -188364.290489644
197225000 -187683.540763855
203977000 -186972.719679773
210727000 -184291.59660843
217479000 -183592.360513866
224230000 -182910.868386239
230984000 -181199.318627268
237735000 -179529.412347108
244488000 -177841.401623845
251241000 -178159.185969532
257991000 -175518.604355514
264741000 -174883.812662691
271500000 -173147.309420526
278255000 -171464.386544108
285009000 -167799.205060303
291763000 -167139.820361853
298512000 -163545.938320637
305266000 -163898.142901659
312018000 -161280.023184538
318770000 -159667.696820199
325521000 -157073.101551116
332274000 -156460.42415005
339028000 -155841.605791748
345774000 -155324.065565228
352529000 -153704.899601042
359287000 -152055.731783569
366041000 -150460.097992003
372801000 -148798.670577765
379633000 -148284.027563214
386497000 -147393.556129456
393327000 -145914.662047088
400188000 -144071.920005023
406950000 -141415.971333086
413746000 -141360.33105433
420565000 -140036.269560337
427378000 -136789.665755093
434205000 -136382.02540344
447845000 -133751.423771083
454657000 -132540.359556198
461478000 -131227.907919049
468305000 -128849.851056218
475133000 -129465.798233747
481954000 -127171.094958603
488781000 -125810.802070022
495606000 -124480.264209151
502439000 -124060.323562264
509271000 -122658.230493307
516101000 -121285.895921946
522941000 -119800.362770915
529773000 -117416.069259107
536607000 -116013.885359526
543443000 -113593.816282749
550281000 -112155.867241025
557110000 -111831.034883142
563938000 -109524.036211848
570774000 -107127.709429502
577601000 -104844.472420216
584426000 -103590.96786499
591249000 -100367.190559745
598070000 -99173.1353023052
604891000 -96984.9924094677
611719000 -95719.4522641897
618541000 -93531.2396614552
625365000 -91325.1418781281
632189000 -90124.9616612196
639043000 -88573.7619174719
645862000 -85444.9280204773
652694000 -84167.352846384
659519000 -82978.9762128592
666341000 -81832.2021764517
673152000 -79822.1714650393
679970000 -78734.7868896723
686788000 -76653.3094792366
693608000 -75553.9572989941
700426000 -74484.2959514856
707247000 -72384.8740662336
714083000 -73113.0390502214
720916000 -70882.8049218655
727753000 -70610.957465291
734620000 -67988.4774171114
741444000 -66883.0398330688
748273000 -67724.0997105837
755486000 -65007.9645072222
762317000 -64837.4456324577
769139000 -63779.788787365
775947000 -61894.3730831146
782767000 -59872.291572094
789585000 -58879.878233552
796417000 -58727.0814101696
803253000 -57532.7078992128
810083000 -56415.5297790766
816907000 -56375.5314270258
823739000 -54246.4551918507
830559000 -51265.7931652069
837394000 -51112.9513235092
844224000 -51025.4052774906
851059000 -48884.4324121475
857882000 -47891.8373003006
864710000 -46845.8118978739
871534000 -45853.1844286919
878368000 -44747.7996331453
885207000 -44589.0166609287
892036000 -43554.8348100185
898864000 -42538.4440845251
905688000 -41575.4339314699
912511000 -39630.2044947147
919339000 -38631.5794776678
926163000 -38686.3246256113
932980000 -36830.0111780167
939804000 -35896.5853887796
946636000 -34874.2066546679
953466000 -33881.4752608538
960289000 -32977.671389699
967120000 -30984.9336639643
973950000 -31009.9809936285
980769000 -30171.3555275202
987591000 -29303.0781316757
994469000 -27776.9614789486
1001262000 -28264.2650530338
1008089000 -26354.4983366728
1014914000 -26474.3546643257
1021744000 -25540.8839467764
1028565000 -24719.9768204689
1035386000 -24904.9820586443
1042205000 -23119.5929987431
1049022000 -23363.8044418097
1055846000 -22531.0067664385
1062658000 -19846.2554849386
1069476000 -20096.3417541981
1076295000 -18340.4928513765
1083115000 -17578.7113765478
1089944000 -14716.2751069069
1096767000 -13930.8034880161
1110401000 -12519.6637701988
1117217000 -11834.7891960144
1124032000 -10167.654592514
1130852000 -9447.24493551254
1137672000 -8732.74591016769
1144492000 -6024.15751552582
1151311000 -4333.31255602837
1158147000 -3447.23357629776
1164970000 -720.896869659424
1171791000 -24.1363983154297
1178600000 1524.75968313217
1192217000 6593.04950022697
1199050000 8408.11344385147
1205875000 8122.63724374771
1212700000 9831.24174261093
1219545000 9770.40962767601
1226364000 12396.2185819149
1233185000 13039.7634379864
1240008000 13701.038995266
1246829000 15332.7573883533
1253660000 15076.7614018917
1260470000 16566.6381485462
1267676000 16730.5661828518
1274505000 18432.8394665718
1281337000 19164.6353514194
1288540000 21274.0091071129
1295363000 21887.2895162106
1302175000 22364.7041406631
1308989000 21859.8475263119
1315805000 23372.7144775391
1322622000 22891.4887633324
1329436000 24368.9271121025
1336255000 26899.5117366314
1343458000 25958.6173033714
1350262000 26299.9385666847
1357079000 28788.8634347916
1363895000 29260.077080965
1370704000 30642.7525601387
1377520000 32102.1648695469
1384331000 30496.6575174332
1391143000 33897.0574510098
1397948000 33208.9503791332
1404762000 34621.1640195847
1411580000 36074.6763448715
1418393000 35463.2871861458
1425197000 37739.8175325394
1432009000 38104.8420236111
1438822000 39475.7660102844
1445634000 39828.9960901737
1452446000 41176.32939744
1459257000 42505.972260952
1466121000 43454.7386114597
1472924000 43678.2100470066
1479739000 44037.2931125164
1486553000 46378.6840078831
1493370000 45749.5426769257
1500180000 46031.9766199589
1506994000 48355.6676740646
1513801000 47590.9513146877
1520616000 49914.6338322163
1527429000 52208.8443658352
1534628000 52045.8259291649
1541442000 53339.6884942055
1548255000 54615.8684618473
1555068000 54886.1499249935
1561873000 56056.287838459
1568674000 59173.4220249653
1575486000 58414.2463901043
1582301000 59684.508089304
1589109000 61866.4276320934
1595935000 63254.4307961464
1602752000 62530.534001112
1609555000 63635.8877782822
1616370000 64876.6448349953
1623184000 66099.727083683
1629995000 66281.5931739807
1636805000 67445.7931132317
1643619000 68651.1807157993
1650438000 68909.5149681568
1657256000 68150.1718120575
1664076000 70408.4567785263
1677702000 71742.5720608234
1684516000 71912.5469923019
1691385000 72723.6514120102
1698191000 72787.6717839241
1705003000 74916.3804254532
1711817000 77062.7154481411
1718649000 77414.8430120945
1725466000 76584.6415047646
1732281000 77725.0166127682
1739091000 78800.6991994381
1745892000 79764.6732599735
1752706000 78875.6025381088
1759516000 79933.6095201969
1766326000 79985.7231912613
1773139000 81067.2049052715
1779953000 81154.541033268
1786768000 82247.7289783955
1793580000 82299.7613961697
1800393000 83357.6473619938
1807207000 84421.3842790127
1814013000 84385.2322428226
1820825000 85413.6801664829
1827638000 85447.9781763554
1834450000 85464.6316888332
1841261000 87463.643301487
1848093000 88703.3893480301
1854910000 89761.053062439
1861733000 89883.2665035725
1868551000 89940.8558154106
1875360000 90886.8708178997
1882177000 91920.9136693478
1888990000 91902.0948400497
1895803000 92877.3775067329
1902615000 92835.0243382454
1909438000 93915.8755078316
1916259000 93967.3396513462
1923078000 93989.4219689369
1929891000 95935.1922020912
1936714000 96992.3939151764
1943527000 96926.3584825993
1950347000 96936.5434062481
1957168000 97952.5480973721
1963982000 99880.5336983204
1970796000 100802.619063616
1977628000 99929.9045877457
1984448000 99910.5354888439
1991264000 100838.351496935
1998074000 101689.912605286
2004884000 103535.580402851
2012078000 102877.15783906
2018895000 103792.764590025
2025713000 104714.187596798
2032534000 104664.865902901
2039350000 105551.032070398
2046161000 105372.699091196
2052975000 106223.625742674
2059792000 107103.804230928
2066611000 106001.510269165
2073809000 107333.519925117
2080622000 107148.791490078
2087814000 106397.702558517
2094625000 107177.423126221
2101461000 108244.050249815
2108278000 109082.226274729
2115095000 108914.496867418
2121909000 109705.733637094
2128723000 108491.070170641
2135530000 110188.552340984
2142344000 109962.09446454
2149173000 109905.32635498
2155984000 111631.939617634
2162810000 111528.221847534
2170014000 110842.458735228
2183650000 112417.536372185
2190471000 112231.316697121
2204474000 114064.47734642
2211291000 113813.41524601
2218110000 115579.842191696
2224925000 115293.574748516
2231742000 116024.796350956
2238549000 115633.166111469
2245365000 116340.891736507
2252183000 117066.099480629
2258991000 116668.479626179
2265796000 117229.896385193
2272604000 117820.499427795
2279423000 119533.796550274
2286242000 119241.184775352
2293067000 120012.790387154
2299876000 120591.487138271
2306688000 120199.350259304
2313501000 121813.00172472
2320319000 120479.175940037
2327125000 122999.242371559
2333932000 121525.104933739
2340744000 123103.487653732
2347563000 123757.739123344
2354381000 123394.401773453
2361194000 124966.761978149
2368013000 125603.292819977
2374838000 127303.978701115
2381652000 126870.304266453
2388465000 129419.054005146
2395273000 130903.531612873
2402090000 131487.184110641
2408901000 130994.893215179
2416107000 132107.188082695
2422927000 132707.806133747
2429737000 134185.810098171
2436555000 132751.276594162
2443377000 132357.510377407
2450192000 132876.155837536
2457007000 132388.899330616
2463823000 131907.406869888
2470637000 133396.680412769
2477831000 134312.472019196
2484650000 132847.932890415
2491463000 134307.509851933
2498277000 134772.849946022
2505097000 135302.254424572
2511917000 134825.748271942
2518721000 136156.786890984
2525536000 135610.182482243
2532356000 135115.962636471
2539174000 136592.51928091
2545989000 138028.202041149
2552802000 135434.673418999
2559626000 137963.438543797
2566441000 137381.409338951
2573265000 138898.347135067
2580096000 139490.926041603
2586912000 139902.819655418
2593731000 141343.758089542
2600567000 140976.814484119
2607336000 140823.531674862
2614150000 140188.537454128
2620965000 140559.28904295
2627781000 139935.783843994
2634598000 139318.019258022
2641416000 138705.992686749
2648236000 139111.344110966
2655073000 138708.694013119
2661879000 138939.237604618
2668695000 140280.294615269
2675517000 140685.282608032
2682325000 139921.421041012
2689133000 140151.669624329
2695947000 139445.847462654
2702756000 139675.946807384
2709573000 139993.232861519
2716390000 140304.613482952
2723211000 140656.620883465
2730027000 139944.554988861
2736839000 142180.060112476
2743650000 141398.038008213
2750463000 140633.380041599
2757288000 141002.368245602
2764098000 142191.019311428
2770912000 142420.285031796
2777735000 142748.285634995
2784543000 142895.991540909
2791358000 143119.178348541
2798175000 143359.710241318
2804987000 143536.223399639
2818608000 144836.696609974
2825421000 145007.142111301
2832237000 145206.546702862
2839049000 145353.574266434
2845869000 144587.644785881
2852681000 144722.871879101
2859496000 144887.04940176
2866314000 146080.169559956
2873125000 147186.084542274
2879940000 146332.557027817
2886756000 146484.739815235
2893570000 145607.796095848
2900385000 145736.562678337
2907198000 144836.207948685
2914013000 145953.172327995
2920835000 145145.490316391
2927647000 147215.823478222
2934467000 145373.109525681
2941287000 146524.484941959
2948093000 148507.487085342
2954917000 148693.467806339
2961728000 146722.695317268
2968540000 147757.629663944
2975353000 148798.268249512
2982174000 147925.809489727
2988987000 148954.64414072
2995799000 148965.981874466
3002612000 147983.020382404
3009472000 148539.204274654
3016260000 151254.509800911
3023072000 151242.23880291
3029888000 151270.447357655
3036704000 150292.752211571
3043518000 151285.968668938
3050336000 150319.650821209
3057150000 150301.063343048
3063958000 151207.037121773
3070770000 150153.476594925
3077583000 150105.607316494
3084391000 149993.903759956
3091204000 149934.241802216
3098021000 149915.023033142
3104842000 149936.237057209
3112035000 149260.662385464
3132459000 149818.46511507
3139272000 149717.187232018
3146082000 152575.272898674
3152901000 150531.671301365
3159716000 151435.850475311
3166536000 154392.011264324
3173358000 153365.4131217
3180167000 153182.426096916
3186981000 153051.418085575
3193796000 152926.083090305
3200613000 152817.990899563
3207430000 152703.993276596
3214240000 154503.095644474
3221058000 152388.863008976
3227864000 153129.896141052
3234695000 152154.244297504
3241508000 151964.453356266
3248318000 151734.064939976
3255121000 151416.825000763
3268737000 149880.338815689
3275548000 150637.949539661
3282742000 148817.901123524
3289553000 149563.39027071
3296365000 149314.544595242
3303178000 148071.36149931
3310003000 148960.981729031
3316827000 147833.125040054
3323635000 150514.442756653
3330452000 148293.873607159
3337266000 148032.733963966
3344081000 149777.248239994
3350891000 148458.09410429
3357707000 149202.361197472
3364530000 148021.585486412
3371340000 147684.734975815
3378153000 148376.640629292
3384972000 149131.941531181
3391791000 147881.333535194
3398604000 147555.533287048
3405422000 148281.566334724
3412232000 146909.328268051
3419059000 146727.455561638
3425886000 145539.660084248
3432701000 146207.427129269
3453169000 144440.743207932
3459985000 144096.421888828
3466792000 143642.349827766
3473594000 144124.701166153
3480411000 143774.22549963
3487263000 143821.603060722
3494460000 145842.612455845
3501276000 144462.526806831
3508085000 144995.80426693
3528518000 146629.471471786
3542164000 147965.803359032
3548981000 147555.926856995
3555800000 146163.199422836
3562618000 146753.036707401
3569437000 146348.492343903
3576258000 144961.088383675
3583073000 144498.629354954
3589886000 144007.222521782
3596698000 144498.395131588
3603524000 143144.967577934
3610349000 143774.098670959
3617164000 144282.115947247
3623967000 142646.008213043
3630784000 142165.267389774
3637602000 142690.137988091
3644418000 142186.069445133
3651613000 143040.319555283
3658431000 142547.143756866
3665240000 142944.440712452
3672053000 142381.895998001
3678866000 141813.452778816
3685682000 140273.64329195
3692498000 140727.930104256
3699309000 142118.768152237
3706117000 140469.186713696
3712944000 141032.353782654
3719759000 141451.521113873
3726572000 140841.775379658
3733378000 141145.59835577
3740216000 140811.657091141
3747038000 141287.726799488
3753850000 140642.861590385
3760658000 139946.094739914
3767478000 140381.442257881
3774284000 139649.886354923
3781100000 140027.43026638
3787919000 139433.563737869
3794727000 138707.322550297
3801549000 139136.135821819
3808369000 138536.044686317
3815184000 138872.571478844
3821999000 138203.196303368
3828866000 137125.531921864
3835669000 137306.40756321
3842487000 136653.7643013
3849297000 136903.294250488
3856107000 138146.930888653
3862928000 138511.044658661
3869746000 137834.783999443
3876945000 138528.959070683
3883758000 136783.126110554
3890568000 136996.940520287
3897378000 136204.861619473
3904191000 136441.338341236
3.911e+09 136625.988110542
3917815000 135873.633780479
3924640000 135230.18128109
3931467000 135603.768504143
3938283000 135845.167864323
3945098000 136069.185744762
3951911000 135264.347830772
3958716000 135361.803025246
3965529000 134545.175029278
3972337000 134665.276940346
3979157000 133917.170427322
3985975000 132140.208113194
3992790000 132322.923478127
3999607000 132522.678581238
4006422000 130693.58827877
4013243000 129927.410729408
4020059000 131097.979549408
4026872000 130228.242506027
4040491000 129390.813309193
4047302000 128480.457231045
4054506000 128069.519294739
4061323000 127215.811047077
4068140000 127356.197366714
4074959000 125513.60080862
4081774000 123619.253709316
4088585000 123673.166460037
4095398000 123744.101530075
4102213000 122832.053723335
4109029000 122925.56089735
4115837000 121921.515714645
4122656000 123037.588066101
4129475000 123147.75151968
4136291000 121217.645625591
4143108000 121293.088649273
4149919000 121293.915733337
4156739000 120391.905745029
4163536000 119220.634673595
4170357000 119318.272510529
4177209000 118764.894834995
4184025000 118793.443986893
4190838000 117781.749783993
4197654000 116798.494134426
4204466000 116763.555506229
4211279000 115734.164059162
4218085000 116618.772487164
4224894000 114531.82119751
4231707000 114484.743762493
4238520000 113431.767822266
4245359000 113670.323628426
4252174000 112628.405684948
4258990000 111592.023665428
4265804000 112526.863895893
4272621000 111490.11236763
4279434000 109401.714235306
4286248000 111318.852026463
4293067000 111287.257387161
4299882000 111204.023071766
4306712000 112286.364205837
4313532000 111248.467766762
4320363000 112330.391717434
4327175000 112189.230675697
4333995000 111133.599743366
4340811000 109026.348206997
4347637000 109027.459238052
4354460000 108988.371957779
4361286000 108977.643520355
4368109000 109926.721973419
4374913000 108652.844575882
4381725000 109464.462607384
4388543000 108338.712436676
4395359000 108184.213978767
4402172000 106989.552731514
4408994000 106891.762448311
4415815000 105776.640104294
4422634000 104632.771204948
4429460000 103562.907009125
4436280000 103418.629609108
4443091000 104165.711117744
4449905000 103941.138476372
4456720000 101722.078362465
4463538000 102531.351976395
4470349000 101254.841200829
4477169000 99075.1268806458
4483983000 98821.0461330414
4490826000 97891.9096794128
4497640000 97626.0033493042
4504452000 96331.3833856583
4511262000 95008.054983139
4518084000 95815.6928749084
4524899000 93537.5879707336
4531720000 92322.0005016327
4538535000 92032.0864639282
4545350000 90736.2704601288
4552162000 88400.3505811691
4558983000 87161.131855011
4565792000 86779.2139291763
4572606000 85448.3946142197
4579416000 84066.0863742828
4586227000 82689.281129837
4593040000 83329.3717279434
4599862000 82066.1149950027
4606675000 80694.4007921219
4613492000 80362.3594560623
4620310000 79035.8046627045
4627120000 78612.2138252258
4633938000 76273.8516340256
4640757000 74940.9716539383
4647571000 76545.2402200699
4654391000 74211.9344234467
4661205000 71804.3973226547
4668019000 71390.959985733
4674830000 70937.4672708511
4681645000 68523.6162424088
4688453000 68024.1800327301
4695274000 65666.8258323669
4702090000 65246.6513490677
4708909000 64854.7153196335
4715742000 63616.1882858276
4722550000 62087.2535161972
4729369000 61677.5881919861
4736194000 59330.2774715424
4743009000 58863.283618927
4749828000 57435.8898668289
4756647000 56002.5872182846
4763455000 56438.2640380859
4770267000 54913.5426902771
4777079000 54382.9245672226
4783896000 51903.2656145096
4790697000 51235.7760667801
4804369000 50678.9650917053
4811178000 50084.7235870361
4817989000 48507.324213028
4824809000 48026.3237028122
4831628000 48528.0474395752
4838442000 48967.0409975052
4845262000 47468.314661026
4852082000 47963.677693367
4858902000 45453.1300935745
4865717000 44879.8679122925
4872543000 44425.6629247665
4879360000 42863.30539608
4886224000 40828.877245903
4893032000 41152.4522686005
4899852000 40606.4148817062
4906663000 38952.2665863037
4913480000 37360.3515758514
4920290000 37683.0541477203
4927489000 35416.1669435501
4934297000 36704.0421066284
4941117000 33122.24193573
4947927000 33421.0277051926
4954742000 32770.667552948
4961562000 31171.1484880447
4968379000 30531.6755590439
4975198000 28908.9909543991
4982019000 28303.0894737244
4989212000 26911.6605539322
4996022000 25168.8253583908
5002841000 22522.1871433258
5009648000 22733.5300378799
5016462000 21018.3762550354
5023287000 19422.070681572
5030105000 18740.4665060043
5036920000 19018.9380636215
5043736000 16302.8458204269
5050547000 17524.1633644104
5057365000 15818.9409255981
5064174000 15005.7911863327
5084623000 13780.3179168701
5091443000 11068.2359962463
5098257000 11282.2560052872
5105069000 9467.71502876282
5111887000 8715.25433158875
5118706000 7968.21510982513
5125525000 7215.2669916153
5132345000 5467.73688220978
5139152000 4567.05759048462
5145963000 3705.79089069366
5159980000 438.323913574219
5166800000 660.932984352112
5173624000 -2077.08192443848
5180432000 -3002.1471452713
5187277000 -4514.26480102539
5194094000 -4349.27017211914
5200909000 -7212.81736564636
5207725000 -8070.94919872284
5214537000 -8980.25058364868
5221350000 -10884.1331443787
5228167000 -11748.6552820206
5234978000 -12686.9660453796
5241794000 -14574.6068496704
5248629000 -15253.2208356857
5255440000 -15209.2418241501
5262260000 -19069.3642559052
5269072000 -19025.8735837936
5275886000 -19965.6623487473
5282695000 -21967.8903598785
5289508000 -23930.7822027206
5296319000 -24922.1846923828
5303121000 -27021.2290773392
5309960000 -26707.8923578262
5316784000 -28570.0512905121
5323599000 -30539.8512239456
5330396000 -31718.9844360352
5337214000 -31666.6700925827
5344018000 -34778.4630384445
5350833000 -35771.8483257294
5357646000 -36793.7321367264
5364454000 -37878.0015134811
5371273000 -39843.898724556
5378098000 -40747.9307575226
5384910000 -41804.7146530151
5391721000 -42878.6892690659
5398534000 -43935.9727621078
5405352000 -45942.6936798096
5412173000 -46921.447716713
5418986000 -46996.4379768372
5425792000 -48156.3540658951
5432607000 -50220.5577697754
5439426000 -50245.5118980408
5446238000 -52355.3840608597
5453055000 -54414.7222261429
5459868000 -54525.1069755554
5466686000 -55584.9681186676
5473496000 -57741.0048723221
5480310000 -57857.8041744232
5487121000 -59014.3491849899
5493939000 -61097.8225278854
5500754000 -63221.0433111191
5507584000 -63180.977684021
5514396000 -65349.8504676819
5521214000 -67456.9550704956
5528029000 -67603.796713829
5534845000 -69745.2645664215
5541663000 -69870.0863313675
5548474000 -71079.7334537506
5555286000 -72284.002456665
5562106000 -73403.9898614883
5568923000 -76563.7021846771
5575735000 -77785.6727581024
5582557000 -79900.843129158
5589361000 -80224.7665586472
5596180000 -82385.5534181595
5602994000 -84608.5846729279
5609803000 -85893.8473358154
5616623000 -88061.0825233459
5623434000 -91335.6088581085
5630247000 -90593.5029621124
5637064000 -92812.2444868088
5643870000 -96160.7723970413
5650680000 -97470.1425352097
5657495000 -98729.1051111221
5664304000 -100061.525506973
5671120000 -102321.02837944
5677940000 -104541.404647827
5684762000 -106745.178128242
5691596000 -107819.795610428
5698411000 -109114.192509651
5705225000 -110425.745486259
5712048000 -112641.919517517
5718861000 -115976.53313446
5725672000 -117339.548275948
5732487000 -119663.455879211
5739318000 -122813.269014359
5746121000 -123283.981343269
5752928000 -127715.582684517
5759739000 -129108.0834198
5766560000 -132394.016046524
5773378000 -133719.597379684
5780193000 -135084.819623947
5787006000 -136478.431267738
5793824000 -139821.727165222
5800641000 -142182.172211647
5807454000 -142593.487160683
5814290000 -145752.17484951
5821095000 -147265.221790314
5827915000 -148615.575611115
5834718000 -152162.880148888
5841542000 -155480.093353271
5848358000 -157893.111479759
5855170000 -159356.973521233
5861984000 -161804.263957977
5868800000 -164234.987987518
5875616000 -165671.615715981
5882448000 -168934.44172287
5889268000 -170337.967823982
5896076000 -172882.162818909
5902894000 -175319.957761765
5909707000 -177819.800486565
5916522000 -178303.087201118
5923339000 -176769.823099136
5930159000 -176208.787853241
5936973000 -174721.011191368
5943818000 -173891.197238922
5950639000 -173336.687431335
5957452000 -173877.866437912
5964259000 -174492.271095276
5971067000 -173101.34354496
5977872000 -173749.964229584
5984684000 -172325.939397812
5991555000 -172245.965465546
5998341000 -171125.423584938
6005154000 -169707.901643753
6011970000 -168262.632819176
6018785000 -168834.481957436
6025601000 -167401.019666672
6032416000 -166984.673606873
6046042000 -168214.530583382
6052852000 -167871.936628342
6059662000 -168535.235983849
6066483000 -167081.138427734
6073300000 -167677.782574654
6080114000 -168313.951561928
6086922000 -167023.254406929
6093735000 -167682.423407555
6100551000 -168313.879295349
6107369000 -167928.832872391
6114180000 -168628.108592987
6120994000 -167299.675530434
6134610000 -166794.904632568
6141420000 -167528.956600189
6148233000 -167235.308439255
6155042000 -167992.346572876
6161865000 -166598.531146049
6168682000 -167277.802834511
6175494000 -167018.951696396
6182309000 -166732.416883469
6189120000 -167496.554504395
6195944000 -167121.094408035
6202755000 -164897.033364296
6209573000 -166600.537233353
6216386000 -164365.894026756
6223199000 -166137.149324417
6230014000 -163891.928284645
6236830000 -163641.42265892
6244030000 -164101.525873184
6250851000 -163807.236385345
6257674000 -163496.491451263
6264490000 -163269.943620682
6271302000 -162094.028184891
6278111000 -161957.55344677
6284930000 -160715.165862083
6291722000 -157780.535757065
6298531000 -158661.729701042
6305342000 -155526.459529877
6312157000 -155352.376470566
6318972000 -154184.195378304
6325805000 -152820.761776924
6332614000 -153731.446501732
6339424000 -153636.84928894
6346234000 -153548.145386696
6353049000 -154409.475865364
6359862000 -153299.050151825
6366680000 -154138.672673225
6373490000 -153073.555860519
6380357000 -154377.738176346
6387151000 -153503.136527061
6393971000 -155344.069267273
6400788000 -155224.409794807
6407602000 -155144.150313377
6414410000 -155136.774993896
6421227000 -155034.821422577
6428046000 -154916.448774338
6434868000 -154770.500857353
6441693000 -153596.98547554
6448519000 -154418.229741096
6455327000 -154446.253212929
6462132000 -153513.640306473
6468945000 -152497.655591011
6475759000 -153476.413187981
6482568000 -153516.847652435
6489381000 -153518.55585289
6496187000 -153604.237727165
6503019000 -152405.835021019
6509843000 -154302.578647614
6516663000 -154249.84381485
6523488000 -152147.268979073
6530311000 -151072.911962509
6537127000 -149082.509530067
6543928000 -149265.223723412
6550741000 -148320.055688858
6557556000 -148358.494563103
6564373000 -148380.545541763
6571193000 -147375.069759369
6578010000 -148408.934202194
6584842000 -147281.569111824
6591654000 -146382.964733124
6598476000 -144378.851146698
6605293000 -144436.350313187
6612130000 -145276.977636337
6618946000 -144357.442989349
6625760000 -145466.086302757
6632569000 -143636.311175346
6639383000 -143756.750631332
6646195000 -142905.359388351
6653008000 -142048.731251717
6659811000 -139309.329645157
6666651000 -138163.927591324
6673470000 -137258.223276138
6680285000 -136402.948665619
6687103000 -134520.188015938
6693923000 -133621.077593803
6700747000 -132683.367397308
6707564000 -130829.46190834
6714389000 -130892.454906464
6721206000 -128050.367213249
6728026000 -127180.81254673
6734837000 -126417.27793026
6748449000 -126019.109210968
6755264000 -124228.768368721
6762085000 -125377.61065197
6768901000 -124587.960000992
6775718000 -121793.094975471
6782527000 -122093.073050499
6789340000 -122354.477331161
6796150000 -120655.126548767
6802968000 -117872.752182961
6809783000 -118129.626215935
6823415000 -114638.85615921
6830229000 -112924.548976898
6837034000 -111316.1345644
6843847000 -109624.729475975
6850665000 -106883.680138588
6857483000 -107148.537964821
6864303000 -105397.089323044
6871128000 -104596.021561623
6877941000 -103934.13409996
6884757000 -103244.832489014
6891576000 -102528.124523163
6898386000 -100917.247824669
6905199000 -100278.959573746
6912012000 -100646.569828033
6918822000 -99053.3782539368
6925640000 -98377.2878036499
6932456000 -96729.3008317947
6939267000 -96142.7040138245
6946087000 -94462.1344118118
6952900000 -93865.1443490982
6959711000 -94296.2421760559
6966515000 -91810.8918399811
6973328000 -92231.5877666473
6980141000 -90658.1821966171
6986947000 -89168.3137512207
6993763000 -89573.428030014
7000572000 -88062.072511673
7007376000 -86612.0517501831
7014188000 -85079.2117528915
7021029000 -85230.7483453751
7027839000 -84731.8990688324
7034649000 -84238.9431018829
7041467000 -83663.2060108185
7048284000 -82104.459523201
7055097000 -81595.9487533569
7061912000 -82071.173075676
7068728000 -81541.2185268402
7075550000 -80950.6878385544
7082364000 -80454.7040987015
7089176000 -78986.7770776749
7095991000 -79491.5147027969
7102803000 -76035.3838243484
7109619000 -78540.8471431732
7116427000 -76140.8123846054
7123238000 -76713.4457359314
7130058000 -76192.3167095184
7136877000 -75688.1704940796
7143688000 -74278.5036849976
7150502000 -74841.5205717087
7157311000 -74465.7856054306
7164119000 -75107.0109386444
7177777000 -73942.3177947998
7184592000 -74523.7861967087
7191398000 -74210.7438211441
7198208000 -74859.330291748
7205021000 -74480.619512558
7211836000 -74085.681927681
7218646000 -74751.9552536011
7225454000 -74446.2437353134
7232273000 -75024.7614345551
7239086000 -72675.5431756973
7245905000 -74265.8734703064
7252718000 -73928.4574146271
7259529000 -72619.0530481339
7266341000 -72304.4879970551
7279964000 -70704.1022071838
7286787000 -70285.6421766281
7293598000 -70005.7251348495
7300417000 -70643.2919530869
7307233000 -72319.9192619324
7314042000 -70079.7979288101
7320855000 -72801.3729743958
7327676000 -73440.4630527496
7334485000 -73218.0303049088
7341299000 -73946.2581233978
7348111000 -72702.476849556
7354928000 -73409.3699970245
7361738000 -73199.4738073349
7368559000 -74874.0008020401
7375419000 -73123.8072748184
7382244000 -74766.0288047791
7389058000 -73535.6110944748
7395897000 -75035.1119766235
7402717000 -74750.2859973907
7409540000 -74438.2580575943
7416356000 -75209.4025964737
7423177000 -74931.2718467712
7429958000 -74100.4507913589
7436791000 -76701.7012805939
7443619000 -77364.0509538651
7450446000 -77043.3574638367
7457274000 -77717.5552806854
7464047000 -77004.360622406
7470876000 -77679.3299922943
7477664000 -77812.4093093872
7484463000 -76830.0358085632
7491285000 -78599.9122829437
7498106000 -79386.7291307449
7504926000 -80190.4837532043
7511740000 -80066.2962636948
7518558000 -81903.9143009186
7525376000 -81747.4395046234
7532199000 -81541.7621536255
7545816000 -82467.741071701
7552638000 -84290.8054208755
7559505000 -84623.9524345398
7566329000 -84436.848777771
7573155000 -85233.6292104721
7579988000 -84959.219581604
7586804000 -86877.9981937408
7600430000 -89799.3461523056
7607251000 -89680.7686357498
7614073000 -91557.0919446945
7620890000 -90494.3827142715
7627709000 -92415.5593032837
7634522000 -92408.698431015
7641306000 -93726.9702825546
7654889000 -97215.9638767242
7661710000 -98144.5907974243
7668530000 -96090.1347007751
7675361000 -99920.5479688644
7682192000 -100756.890950203
7688973000 -102149.264538765
7695731000 -101800.508051872
7702526000 -101050.544074059
7709349000 -102998.463336945
7716177000 -102897.305608749
7723010000 -102747.083907127
7729835000 -103690.770013809
7736665000 -105585.395618439
7743498000 -106452.963922501
7750324000 -107403.424982071
7757149000 -107370.800435066
7763971000 -106377.072660446
7770721000 -108180.656217575
7777493000 -108748.232674599
7784321000 -109706.202001572
7791153000 -110626.139688492
7797981000 -110595.961497307
7804800000 -110670.59352684
7811621000 -109729.1615839
7818452000 -110683.786325455
7825272000 -111765.172478676
7832102000 -110742.630930901
7845688000 -112528.007282257
7852432000 -112467.572405815
7859235000 -113765.074238777
7866027000 -113189.232003212
7872811000 -114707.0812397
7879590000 -115285.667860985
7886360000 -115968.886694908
7893167000 -116251.815032005
7899963000 -115661.358780861
7906741000 -117274.309875488
7913525000 -115827.258110046
7920300000 -117484.808358192
7927098000 -118895.840959549
7933887000 -119411.484200478
7940658000 -120130.445119858
7947450000 -119624.879347801
7954251000 -122026.460972786
7961001000 -120993.260263443
7967778000 -121669.751460075
7974549000 -122417.873373032
7981334000 -124018.313114166
7988125000 -121558.818937302
7994924000 -122017.480093002
8001722000 -123492.977813721
8008532000 -121842.811134338
8015337000 -122253.340502739
8022138000 -122713.59326458
8028932000 -121256.435508728
8035733000 -122728.437708855
8042503000 -122545.987559319
8049293000 -121150.237009048
8056059000 -121023.274121284
8062836000 -122781.628997803
8069640000 -123250.071686745
8076417000 -123020.1224823
8083199000 -122741.249988556
8089978000 -122501.075631142
8096768000 -124146.288845062
8103558000 -122797.360804558
8110312000 -123848.436664581
8117085000 -125697.304542542
8123867000 -126453.48105526
8130688000 -126788.612730026
8137473000 -126523.677668571
8144285000 -127969.100317001
8151052000 -126912.868185997
8157879000 -126205.908900261
8164693000 -126647.112760544
8171514000 -127017.631943703
8178330000 -128448.762667656
8185146000 -126885.797089577
8191962000 -126328.735212326
8198778000 -125777.57703495
8205593000 -124243.258928299
8212376000 -125064.779006958
8219145000 -123045.230827332
8225965000 -123473.882162094
8232787000 -122886.578297615
8239546000 -119993.907818794
8246303000 -120128.905107498
8253063000 -119236.913314819
8259810000 -119492.811855316
8266630000 -118956.705978394
8273454000 -119382.799742699
8280275000 -116847.591713905
8287101000 -116263.665982246
8293925000 -116707.51157856
8300731000 -116353.911779404
8307487000 -114552.369334221
8314292000 -115221.421627998
8321109000 -113765.29827404
8327930000 -114271.397053719
8334713000 -113198.366687775
8341478000 -111327.726829529
8348241000 -111484.739139557
8355066000 -110970.686118126
8361902000 -110342.470808029
8368729000 -110818.434648514
8375556000 -110300.321260452
8382375000 -109875.441885948
8389207000 -108314.60190773
8396039000 -107759.693380356
8402919000 -107686.973978043
8409732000 -106351.268159866
8416559000 -104868.726964951
8423378000 -103479.378100395
8430178000 -103303.186906815
8436931000 -101645.499328613
8443784000 -101902.995948792
8450597000 -100602.669900894
8457395000 -101471.807932854
8464193000 -99346.8185243607
8470967000 -100489.365190506
8477735000 -98703.1537504196
8484490000 -99064.4752264023
8491277000 -98082.7929906845
8498084000 -97888.9802589417
8504862000 -96017.1074752808
8511655000 -95987.6105690002
8518460000 -94833.2182245255
8525270000 -95630.2318019867
8532084000 -94389.5591630936
8538897000 -95165.6807756424
8545692000 -95143.7776117325
8552482000 -94182.2032709122
8559274000 -94204.7048215866
8566079000 -95091.4912614822
8572886000 -93962.3829669952
8579647000 -96340.0491762161
8586454000 -95222.6773300171
8593255000 -94176.5162506104
8600055000 -94147.1191577911
8606861000 -94058.2858047485
8613671000 -93931.8007850647
8620483000 -93789.441778183
8627304000 -93555.0345087051
8634114000 -94446.2406711578
8640923000 -94354.2211942673
8647723000 -93366.0149707794
8654498000 -93655.6678619385
8661304000 -91613.9212999344
8668100000 -92686.8370923996
8674914000 -91569.8408069611
8681721000 -92534.8758182526
8688523000 -90560.1739559174
8695341000 -92417.3653850555
8702145000 -91432.6897563934
8708945000 -90497.3866825104
8715769000 -89307.042640686
8722584000 -90220.4522228241
8729385000 -89291.9410877228
8736193000 -89293.2250843048
8743023000 -89061.3012275696
8749842000 -87954.8446426392
8756676000 -87691.3018264771
8763492000 -86629.2724628448
8770305000 -86605.7406234741
8777125000 -86512.0610866547
8783940000 -86478.6065654755
8790760000 -86396.7439594269
8797569000 -86440.2645664215
8804383000 -85435.3753604889
8811199000 -85414.6675643921
8817980000 -84779.9126701355
8824800000 -83727.5512180328
8831613000 -82757.0981254578
8838434000 -81705.6959190369
8845252000 -81692.7713336945
8852002000 -83423.841085434
8858793000 -82715.7127075195
8865581000 -83046.0023059845
8872356000 -82523.2185230255
8879155000 -80745.8489437103
8885979000 -80703.1058673859
8892792000 -81785.6198368073
8899599000 -80939.1213779449
8906406000 -79098.5110416412
8913232000 -79057.7063159943
8920039000 -78228.8886547089
8926856000 -77297.5119514465
8933671000 -75393.7283782959
8940540000 -75910.3258666992
8947355000 -74018.3929958344
8954139000 -72468.4407253265
8960931000 -72837.6137676239
8967751000 -71909.1424407959
8974539000 -71333.4186649323
8981315000 -69893.6037158966
8988131000 -69026.1461296082
8994975000 -69861.1825428009
9001795000 -67962.215839386
9008615000 -68069.1597633362
9015415000 -67398.6835269928
9022213000 -66755.7484989166
9029020000 -66021.2004318237
9035837000 -66184.2318153381
9042650000 -67396.4886322021
9049471000 -66528.0108776093
9056280000 -64795.3847026825
9063104000 -64906.2390727997
9070314000 -63843.9782791138
9077130000 -63053.6074562073
9083950000 -61225.8413257599
9090771000 -61393.1619377136
9097586000 -60631.3330307007
9104395000 -60940.3390140533
9111212000 -60168.6662693024
9118019000 -58511.1031799316
9124792000 -59227.2932529449
9131590000 -58678.8452739716
9138381000 -60211.9946975708
9145526000 -57921.804309845
9152333000 -59293.9231567383
9159165000 -59401.5502262115
9166001000 -58471.8514404297
9172840000 -58515.6506824493
9179679000 -56565.3935337067
9186519000 -58610.2682762146
9193362000 -57628.6558227539
9200203000 -57674.6138935089
9207037000 -57802.1828212738
9213879000 -56849.2207374573
9227933000 -58962.7458248138
9234828000 -56455.2560386658
9241696000 -58245.5346240997
9248532000 -56387.5300807953
9255369000 -58524.6609649658
9262208000 -57646.1277828217
9269015000 -56119.1776618958
9275801000 -57824.9234580994
9282632000 -57050.5432662964
9289452000 -57400.8777961731
9296273000 -58746.3251876831
9303091000 -58130.0756568909
9309915000 -58454.9570636749
9316735000 -57828.9367198944
9323560000 -58154.8554878235
9330393000 -57400.3460693359
9337224000 -56673.354970932
9344040000 -56114.1690883636
9350860000 -57517.7235641479
9357672000 -57013.5084209442
9364489000 -55461.2445335388
9371310000 -55871.7331352234
9378126000 -56342.0709476471
9384946000 -54775.1664466858
9391769000 -54181.8156700134
9398578000 -55745.3675022125
9405402000 -54153.0523471832
9412220000 -55631.35297966
9419032000 -55180.2538013458
9425854000 -56627.2383460999
9432669000 -56155.6000556946
9439488000 -55646.7454433441
9446303000 -57186.9145507812
9453126000 -56646.7629127502
9459948000 -57123.3040771484
9466773000 -55573.4310302734
9473605000 -55954.0506229401
9480434000 -56372.9247703552
9487249000 -54948.5541820526
9494068000 -55486.9950180054
9500889000 -56009.8012104034
9507713000 -55506.2070617676
9514557000 -56793.1298084259
9521383000 -56279.8498077393
9528211000 -54750.954246521
9535036000 -57260.2854804993
9541875000 -55624.804151535
9548699000 -55156.7518234253
9555521000 -54716.1467151642
9562347000 -56238.3998680115
9569173000 -55766.5740566254
9575990000 -54397.5293045044
9582808000 -56023.6286258698
9589612000 -55806.2820243835
9596436000 -55379.6257781982
9603268000 -55872.8170223236
9610076000 -54630.1291370392
9616867000 -54576.2006111145
9623696000 -54119.3982601166
9630529000 -55625.5009689331
9637359000 -55169.8001461029
9644181000 -55806.0557765961
9651006000 -56415.9674243927
9657853000 -57795.2582435608
9664670000 -57503.0352230072
9671460000 -57506.9701156616
9678256000 -58452.268371582
9685074000 -58166.9717025757
9692281000 -58706.8154029846
9699086000 -60573.3756637573
9705902000 -59327.6176929474
9712725000 -61012.5494709015
9719562000 -61552.9813327789
9726394000 -61153.0688934326
9733208000 -61952.4483261108
9740027000 -62704.0210914612
9746878000 -63117.8063755035
9753706000 -63784.5678825378
9760530000 -63500.2089939117
9767353000 -63232.5055770874
9774178000 -62949.2439136505
9.781e+09 -64704.1100692749
9787806000 -64636.6552505493
9794595000 -65757.572385788
9801340000 -66356.6243286133
9808087000 -66939.9921569824
9814862000 -67228.6523342133
9821678000 -67083.1741123199
9828480000 -67093.8215351105
9835287000 -68056.7020568848
9842105000 -67907.4581928253
9848918000 -69817.7592086792
9855738000 -69658.8719902039
9862556000 -69527.3470230103
9869364000 -71508.9786624908
9876189000 -71314.1908168793
9.883e+09 -73275.4472255707
9889815000 -74199.7092914581
9896649000 -73926.1652297974
9903467000 -73830.0858516693
9910226000 -73372.3787918091
9917038000 -73352.3759422302
9923851000 -73327.5518436432
9930649000 -73469.3835906982
9937436000 -72734.9671230316
9944234000 -74888.5344848633
9951053000 -74822.9685344696
9957882000 -74656.1745147705
9964699000 -72623.8606853485
9971516000 -70597.452287674
9978301000 -70919.7045021057
9985113000 -69958.6304264069
9991942000 -68821.3938503265
9998763000 -69775.7515182495
10005582000 -68757.4368228912
10012391000 -67852.0987091064
10019217000 -68770.6518287659
10026028000 -67855.7015132904
10032853000 -66796.787858963
10039672000 -67808.0133190155
10046505000 -66675.3135871887
10053313000 -65816.0862255096
10060135000 -64812.938873291
10066957000 -64815.7056179047
10073739000 -63252.3452987671
10087374000 -61383.6550884247
10094180000 -61581.1777439117
10101001000 -60624.1541404724
10107820000 -59694.4321861267
10114626000 -58909.6382274628
10121375000 -57740.2268943787
10128114000 -56683.5243988037
10135246000 -54430.958316803
10141993000 -55300.6121006012
10148789000 -53652.2681255341
10155611000 -52731.8904075623
10162421000 -51945.6792259216
10169239000 -51079.8666534424
10176060000 -50187.9033279419
10182886000 -48248.4268512726
10189698000 -47464.4507274628
10196521000 -46568.8542900085
10203346000 -45657.808675766
10210169000 -44774.0456371307
10216989000 -42928.240737915
10223816000 -44013.5871505737
10230635000 -44190.2886180878
10237463000 -47276.795463562
10244284000 -46443.9679222107
10251112000 -48542.3177070618
10257943000 -47614.5652999878
10264778000 -48650.0438194275
10271602000 -48808.8711166382
10278427000 -49962.9430179596
10285255000 -50090.9179363251
10292074000 -50320.8584079742
10298896000 -52524.6966934204
10305698000 -53947.8389911652
10312522000 -56142.1508750916
10319325000 -54566.4033660889
10326142000 -54847.2004623413
10332983000 -52877.9182434082
10339784000 -52341.1896247864
10346609000 -51554.3955593109
10353430000 -51816.1745166779
10360252000 -50073.2032775879
10367082000 -49250.8525600433
10373903000 -48530.3772830963
10380724000 -48815.8143672943
10387546000 -46096.5047225952
10394327000 -46820.0966739655
10401152000 -46080.6075782776
10407976000 -43357.6942863464
10414805000 -43587.4203987122
10421623000 -42940.2751655579
10435159000 -40729.0101032257
10441953000 -38355.1520595551
10448796000 -36465.2451992035
10455618000 -34804.9482326508
10462445000 -33097.3174724579
10469270000 -31416.9069061279
10476088000 -30816.9505462646
10482915000 -29127.0785560608
10489738000 -27485.7137756348
10496610000 -26328.6480846405
10503765000 -26165.2337989807
10510587000 -25552.5903186798
10517404000 -22999.0739040375
10524221000 -23451.4629211426
10537898000 -19916.4375782013
10544718000 -21354.662771225
10551534000 -20841.3516254425
10558357000 -21259.4824447632
10565194000 -20534.6177902222
10572019000 -21943.321105957
10578844000 -21357.9437217712
10585673000 -21735.9499645233
10592494000 -21204.9468593597
10599324000 -21584.1664581299
10606155000 -21958.682718277
10612983000 -24371.0200328827
10619807000 -21831.8001785278
10626637000 -25234.725610733
10633464000 -24675.4625530243
10640295000 -26079.614358902
10647130000 -26447.1914386749
10653954000 -27937.5828285217
10660783000 -26380.7699165344
10667633000 -28606.7896442413
10674466000 -28019.3568935394
10681303000 -29395.3702659607
10688141000 -28766.70287323
10694979000 -29143.9773521423
10701810000 -30601.5278244019
10708645000 -31022.5348415375
10715474000 -30513.183057785
10722285000 -33200.8555526733
10729120000 -32639.6464881897
10735944000 -32201.13712883
10742780000 -31641.1778793335
10749618000 -32065.9308547974
10756441000 -32655.8089599609
10763273000 -34156.1007404327
10770105000 -33662.323972702
10776952000 -35015.3344669342
10783789000 -36480.3899040222
10790619000 -37025.6405963898
10797462000 -38438.9281864166
10804280000 -39123.3197746277
10811111000 -40675.7499961853
10817948000 -40170.4835166931
10824790000 -41618.1395072937
10831629000 -44103.552312851
10845291000 -45261.8235759735
10852123000 -46839.2537193298
10858922000 -48772.3886814117
10865761000 -49287.4647865295
10872584000 -48978.0438308716
10879417000 -50568.5727920532
10886243000 -52239.2049999237
10893066000 -52947.5428123474
10899894000 -53608.8265132904
10906719000 -55307.814081192
10913541000 -56044.497713089
10920369000 -56723.547121048
10927195000 -58429.7020740509
10934019000 -58162.9573669434
10940846000 -58870.3638706207
10947667000 -59647.2206497192
10954498000 -59324.1192893982
10961316000 -59144.5680160522
10968138000 -58928.5826396942
10974964000 -57676.1735649109
10981800000 -57323.8497180939
10988643000 -57903.3852882385
10995472000 -57637.0172119141
11002298000 -56408.3183040619
11009119000 -57238.4409713745
11015936000 -57116.7929725647
11022749000 -56043.363910675
11029573000 -54859.4807434082
11036394000 -53713.2450695038
11043218000 -52541.1944332123
11050048000 -51311.6119155884
11056878000 -50087.9573745728
11063708000 -49870.2308120728
11070531000 -48732.4383544922
11077352000 -47621.7046031952
11084177000 -45474.6009349823
11090992000 -44439.1136074066
11097828000 -44187.5826663971
11104665000 -42931.4221553802
11111488000 -42829.141166687
11118314000 -42701.0773105621
11125144000 -42536.6730308533
11131977000 -42346.503238678
11138804000 -42225.6484031677
11145631000 -42110.716337204
11152454000 -43043.954618454
11159289000 -43856.3764152527
11166113000 -42790.8966064453
11172891000 -42217.0618972778
11179666000 -41680.7405509949
11186479000 -42749.06432724
11193251000 -43256.1116027832
11199982000 -41201.7765293121
11206791000 -41329.9092845917
11213524000 -40266.0474052429
11220274000 -39028.5406131744
11227037000 -36659.6423168182
11233832000 -36958.9065055847
11241011000 -37212.582698822
11247773000 -36872.0559368134
11254586000 -36999.3448429108
11261410000 -37016.5037117004
11268232000 -38060.6745090485
11275050000 -37152.9446659088
11281867000 -37261.6674346924
11288684000 -37376.2956371307
11295493000 -37581.1790027618
11302318000 -37623.2683372498
11309136000 -37745.0708522797
11315963000 -37777.9104824066
11322777000 -36953.6961250305
11329600000 -37040.527551651
11336408000 -38291.3525619507
11343238000 -38316.2390937805
11350047000 -38568.3260536194
11356869000 -38689.3376502991
11363680000 -37932.1489143372
11370878000 -37104.1344490051
11377701000 -36232.6714954376
11384539000 -36209.1383342743
11391374000 -34223.1416454315
11398190000 -35443.1642627716
11404997000 -35763.8587913513
11411800000 -33132.5571880341
11418629000 -31233.4069366455
11425461000 -31308.6013202667
11432276000 -30568.6748352051
11439098000 -30760.972038269
11445927000 -30885.5111274719
11452713000 -30468.4970912933
11459511000 -28931.0603961945
11466332000 -28157.4900531769
11473154000 -28379.3109302521
11479968000 -27691.2081031799
11486787000 -26956.4084682465
11493629000 -26985.5913047791
11500459000 -27146.9350070953
11507290000 -25303.6898860931
11514116000 -25518.9541511536
11520942000 -25740.1394519806
11527775000 -23893.6463909149
11534610000 -24032.0598487854
11541446000 -22165.8975067139
11548324000 -20864.1867351532
11555142000 -20199.1306476593
11561979000 -21340.2944908142
11568814000 -20508.416437149
11575650000 -20671.9669265747
11582471000 -18999.064535141
11596101000 -18797.0630435944
11602926000 -18099.8687438965
11609766000 -17251.0370254517
11616594000 -15534.1855983734
11623434000 -13697.2341461182
11630258000 -13034.2468471527
11637082000 -12377.177116394
11643910000 -11684.0271835327
11650740000 -11975.8046092987
11657947000 -11315.8839569092
11664772000 -11672.3284988403
11671599000 -10013.7004966736
11678425000 -10371.4903182983
11685253000 -11714.212802887
11692085000 -11020.886510849
11698909000 -10417.4312839508
11705727000 -10882.8431396484
11712938000 -8231.31910514832
11719763000 -9635.45716667175
11726589000 -8035.0255947113
11733411000 -8482.46733093262
11740247000 -9789.00235939026
11747067000 -8269.25709342957
11753881000 -6818.33526039124
11760705000 -6268.46765708923
11767514000 -6881.77362251282
11774340000 -6322.76241111755
11781170000 -6727.74423789978
11787994000 -4201.54083061218
11794812000 -5744.1365814209
11801643000 -4156.40731811523
11808477000 -4543.17218017578
11815300000 -3051.12623977661
11822137000 -2418.3210144043
11828934000 -210.493000030518
11835751000 2200.9654712677
11842565000 2575.0959186554
11849395000 5110.89941596985
11856219000 7577.94016647339
11863037000 8976.23377799988
11869854000 9358.14949417114
11876674000 9765.56936836243
11883499000 10219.4235897064
11890318000 11604.5497379303
11897132000 12931.4306755066
11903937000 12158.2137966156
11910756000 13525.6297149658
11917576000 14897.6014022827
11924397000 15274.1262550354
11931220000 17665.6646080017
11938042000 19040.8250637054
11944864000 19410.0714187622
11951678000 21689.721031189
11958493000 22973.9298706055
11965311000 25283.6125392914
11972116000 28451.4375076294
11978918000 27582.0072078705
11985733000 27842.6254959106
11992551000 30128.7072315216
11999373000 30450.698884964
12006193000 30745.8696346283
12013013000 31035.1297492981
12019815000 31130.3491420746
12026639000 32449.6068191528
12033452000 33647.9976005554
12040653000 31894.7211284637
12047470000 32122.7716140747
12054293000 32407.6004219055
12061114000 33665.6205482483
12067936000 33928.173866272
12074757000 34174.3683948517
12081574000 34372.8752613068
12088394000 35596.8055706024
12095218000 36856.5936145782
12102034000 39026.9342956543
12108851000 41201.8116359711
12115682000 42516.9364242554
12122500000 44690.4293956757
12129319000 46868.452960968
12136145000 48113.6258602142
12142967000 49311.1336345673
12149789000 50502.7273101807
12156609000 50667.5383071899
12163429000 51826.4386730194
12170253000 52021.1586341858
12177068000 52116.0758228302
12183896000 55340.6917438507
12190720000 54517.6633415222
12197548000 54730.433719635
12204369000 54864.2820529938
12211570000 55954.603263855
12218385000 57013.7388553619
12225190000 57962.7167358398
12232005000 58010.0570526123
12238823000 58082.7669277191
12245650000 59243.3764133453
12252464000 60262.5757274628
12259293000 61432.1934337616
12266112000 63491.6811618805
12272930000 64534.8404808044
12286571000 65655.5265007019
12293388000 66670.5430870056
12300260000 67252.5363578796
12307075000 67234.8640975952
12314285000 68324.9296283722
12321112000 69420.0719833374
12334791000 70852.8795909882
12341608000 72826.1241436005
12348441000 72960.0218791962
12355264000 73983.895980835
12362086000 73991.4460716248
12368919000 75107.5624828339
12375741000 75103.2748413086
12382562000 76082.6675262451
12389386000 77087.3619728088
12396218000 76169.3695869446
12403043000 77172.6249351501
12409911000 78617.2514457703
12416740000 79650.2358341217
12423561000 80594.0910568237
12430406000 79781.6218662262
12437233000 80776.0233287811
12444059000 81754.1042633057
12450884000 83715.8672657013
12457705000 83630.1268577576
12464534000 84621.6353664398
12471358000 84555.2461738586
12478180000 86462.1525650024
12485002000 86363.1448554993
12491850000 86528.4069919586
12498665000 86344.8127937317
12505490000 88259.2161865234
12512311000 88126.1439228058
12519133000 87997.5475177765
12526006000 90392.791929245
12532823000 89200.390707016
12539639000 90991.6984367371
12546470000 90932.8736953735
12553297000 90826.5837230682
12560129000 90766.2860374451
12566962000 92710.4390468597
12573783000 93524.0835609436
12580623000 92529.0434741974
12587443000 92320.4672489166
12594273000 94209.7671260834
12601106000 95124.2724437714
12607942000 93063.9753799438
12614768000 95893.9792442322
12621599000 95769.9380741119
12628409000 95422.1061840057
12635239000 96275.8503513336
12642068000 96113.2939414978
12648897000 96944.811290741
12655719000 98697.806350708
12662539000 98424.1473140717
12669360000 99154.9467811584
12676187000 98942.0434646606
12683024000 99826.891330719
12689851000 100602.133798599
12696673000 100319.62519455
12703497000 101051.932081223
12710373000 101317.24537468
12717200000 102068.761190414
12724031000 101855.802970886
12730863000 103647.276353836
12737693000 102412.097393036
12744553000 103481.777788162
12751392000 105327.945198059
12758205000 106898.865179062
12765023000 105515.67152977
12771850000 106219.775680542
12778673000 106876.53610611
12785496000 107527.38069725
12792328000 109265.491003036
12799159000 107987.317224503
12805994000 108744.620807648
12812837000 110578.794921875
12819670000 110303.518177032
12826493000 110918.816617966
12833325000 110621.333889008
12840154000 112286.877428055
12846980000 111915.455047607
12853806000 112538.111631393
12860636000 113196.226478577
12867467000 112858.757305145
12874300000 113536.044595718
12881136000 113238.425357819
12887959000 113800.430152893
12894797000 114511.626382828
12901626000 114123.824205399
12908450000 112678.402046204
12915284000 113330.441123962
12922109000 112883.512172699
12928933000 113420.327774048
12935748000 112858.208299637
12942580000 112465.871866226
12949405000 111995.269180298
12956234000 112560.077898026
12963072000 111211.946645737
12969909000 110847.542581558
12976748000 110497.858524323
12983590000 110173.218454361
12990409000 110605.077926636
12997264000 110402.817224503
13004090000 108895.113872528
13010918000 108402.140939713
13017740000 108841.294340134
13024568000 107336.477602005
13031398000 106846.382606506
13045008000 105332.33908844
13051822000 105659.375106812
13058644000 103063.068193436
13065456000 102357.659219742
13072271000 104677.307268143
13079057000 103691.858421326
13085883000 100113.205863953
13092709000 97528.6322727203
13099524000 94824.6785106659
13106339000 95114.8227806091
13113158000 96440.3160247803
13119984000 93832.0834445953
13126790000 95011.7098026276
13133586000 93082.3483905792
13140412000 93456.3960762024
13147241000 92855.4479351044
13154078000 94331.0338363647
13160905000 93697.6129398346
13167724000 93975.8228683472
13174544000 93258.4288311005
13188187000 94836.8184680939
13195021000 94245.9225997925
13201854000 93638.7903442383
13208682000 93974.2219257355
13215510000 94303.7289981842
13222346000 94709.7024478912
13229175000 94037.6515636444
13236004000 94359.6744346619
13242828000 94624.2897834778
13249647000 94831.5106124878
13256519000 94578.4321269989
13263332000 94712.0273323059
13270157000 92963.237449646
13276989000 93280.571680069
13283821000 93591.9744586945
13290645000 92815.1243515015
13297465000 93991.199420929
13304268000 92986.4602413177
13311027000 93523.1860103607
13317829000 93496.4357414246
13324653000 94690.0949230194
13338319000 92244.7748069763
13345140000 92389.8159141541
13351944000 93354.144033432
13358742000 92250.900062561
13365570000 92450.2033672333
13372370000 92355.7479496002
13379131000 91854.5381145477
13385884000 93265.2948551178
13392661000 91916.9097614288
13399488000 92076.505941391
13406277000 90839.7109642029
13413105000 90997.7691917419
13419924000 91057.4391479492
13426743000 91111.2002067566
13433496000 92481.0988330841
13440283000 91194.4220752716
13447106000 91271.6225528717
13453925000 91301.8294754028
13460749000 91377.4703197479
13467565000 91365.0520191193
13474380000 93336.463186264
13481188000 92230.1106185913
13487980000 91953.6265602112
13494809000 93051.0571193695
13501614000 92896.240568161
13508435000 92899.7394428253
13515259000 92928.1108646393
13522079000 93909.5216369629
13528903000 94926.0613937378
13535721000 94875.129365921
13542544000 93869.5810222626
13549361000 94796.5730285645
13556194000 94881.7625846863
13563022000 94909.7411155701
13569835000 94777.9746284485
13576648000 94640.3096351624
13583459000 94476.2401981354
13590273000 94337.0320358276
13597080000 94120.1649608612
13603907000 95102.4172363281
13617517000 93598.2133178711
13624337000 93491.0010242462
13631160000 93408.6188278198
13637986000 94351.0589237213
13644813000 93297.8231563568
13651615000 92982.5569190979
13658424000 93733.1153240204
13665253000 93682.6337032318
13672053000 95329.2162342072
13678862000 93062.0903816223
13685678000 91860.7528171539
13692505000 92766.1418075562
13699333000 93675.8462753296
13706153000 93497.7272071838
13712966000 92242.0419178009
13719791000 93103.2858867645
13726614000 92938.1409950256
13733421000 91603.3376636505
13740233000 90313.8114585876
13747054000 91110.4781169891
13753878000 90931.9263572693
13760677000 91491.695810318
13767465000 92933.0655174255
13774257000 91409.4948291779
13781074000 91135.7584438324
13787897000 90917.4785747528
13794724000 90734.1873722076
13801528000 90309.792470932
13808348000 90043.1049346924
13815169000 91780.7302932739
13821987000 90481.775308609
13828810000 90228.0221252441
13835606000 91692.3880805969
13842416000 91293.9658279419
13849231000 91940.7462539673
13856050000 91622.4980354309
13862869000 91298.3409194946
13869687000 90958.0583076477
13876475000 91305.3965339661
13883302000 93045.2593975067
13890098000 91462.5654258728
13896909000 94027.1994438171
13903709000 92473.6034088135
13910539000 91220.4736099243
13917349000 91757.2050380707
13924197000 92676.0107383728
13931013000 93262.1754894257
13937832000 93873.0603561401
13944650000 93467.8292541504
13951470000 94077.1033973694
13958280000 93578.4135189056
13965097000 93145.2616462708
13971916000 93726.6115531921
13978728000 94230.6333789825
13985548000 94810.3734340668
13992361000 97312.795797348
13999179000 97860.3203697205
14006004000 97473.3327083588
14012799000 97774.4734516144
14019634000 99477.648645401
14026449000 96970.953660965
14033270000 98519.5315723419
14040083000 96980.6375694275
14046831000 98773.229675293
14053651000 99293.9474849701
14060438000 99472.4069213867
14067250000 98899.8001346588
14074074000 100443.584083557
14080900000 100001.829978943
14087668000 99963.1989974976
14094478000 100346.644638062
14101296000 100805.694295883
14108110000 101218.091590881
14114930000 99685.7012500763
14121755000 102198.32311058
14128587000 101776.31155777
14135397000 102124.34627533
14142133000 102713.021781921
14148875000 103357.018079758
14155710000 103942.002063751
14162525000 105317.461717606
14169316000 104442.73490715
14176523000 104796.042789459
14183351000 105285.775453568
14190165000 104627.121404648
14196988000 105054.142175674
14203814000 105505.76953125
14210638000 105931.129308701
14217466000 105391.261133194
14224283000 106733.581554413
14231103000 107100.508550644
14237913000 108359.826875687
14244743000 108816.630655289
14251566000 108196.329971313
14258396000 111641.283872604
14265225000 112070.143463135
14272051000 112462.580410004
14278864000 113716.956520081
14285689000 114087.39894104
14292503000 116340.130519867
14299313000 117546.313856125
14306132000 116838.054109573
14312947000 117083.244386673
14319769000 119393.648521423
14326612000 118911.467784882
14333435000 121220.183181763
14340248000 122421.414749146
14347068000 123687.839351654
14353900000 124070.214120865
14360720000 124324.807062149
14367519000 124360.269361496
14374329000 126501.534547806
14381141000 129657.209634781
14387971000 128989.701217651
14394786000 131164.016784668
14401606000 130383.175405502
14408434000 130677.608484268
14415264000 131986.411594391
14422073000 132076.212299347
14428895000 132292.013399124
14435709000 132420.743045807
14442528000 132594.291477203
14449346000 132751.788072586
14456162000 131883.093360901
14462976000 131988.21254158
14469795000 132138.133176804
14476616000 133302.42386055
14483441000 132501.356595993
14490264000 133674.094554901
14497085000 133820.642942429
14503898000 133880.190933228
14510676000 135579.110485077
14517490000 134637.026046753
14524292000 134567.44042778
14531118000 134735.156463623
14537944000 134896.951465607
14544755000 135900.863254547
14551585000 136091.348976135
14558410000 136225.261331558
14565232000 136322.869758606
14572066000 137536.092199326
14578886000 136601.609075546
14592512000 137573.164535522
14599320000 137499.475114822
14606128000 137419.895849228
14612941000 137385.037469864
14619764000 137445.493402481
14626583000 137459.551845551
14633792000 137414.315294266
14640621000 137517.40430069
14647379000 137896.205615997
14654164000 137542.359870911
14660952000 137213.012147903
14667730000 136776.657281876
14674507000 138324.350036621
14681325000 138280.858329773
14688134000 137140.44613266
14694912000 139680.678750992
14701688000 138194.851573944
14708510000 137168.25006485
14715328000 136095.297912598
14722149000 137046.763402939
14728922000 136507.16103363
14735710000 137113.327432632
14742491000 137642.898742676
14749297000 136419.247371674
14756109000 136250.333339691
14762930000 137166.450328827
14769744000 139005.939403534
14776551000 137768.818748474
14783369000 137636.915376663
14790160000 137226.414945602
14796966000 137961.535495758
14803775000 136721.06334877
14810525000 135878.974514008
14817276000 137041.191942215
14824025000 137177.427083969
14830754000 137105.984670639
14837499000 138190.286108017
14844241000 137238.527935028
14850985000 139301.177352905
14857795000 138024.055562973
14864588000 140569.507602692
14871358000 139877.041643143
14878161000 139511.67014122
14884970000 140200.942913055
14891777000 141864.150678635
14898602000 140703.01558876
14905420000 141465.366336823
14912242000 141262.146375656
14919061000 141022.762577057
14925870000 141676.646068573
14932690000 142435.53465271
14939500000 141087.706115723
14946303000 142663.425775528
14953127000 142444.921539307
14959927000 143978.626478195
14966728000 144516.532592773
14973505000 143806.729114532
14980297000 145242.221300125
14987091000 145692.000490189
14993911000 146397.831193924
15000711000 147896.293869019
15007502000 148298.2324543
15014294000 149704.381715775
15021117000 150416.847463608
15027918000 150901.8703022
15034736000 149552.18072319
15048289000 151999.534015656
15055077000 152330.216032028
15061893000 151936.865507126
15068709000 153537.611278534
15075468000 156558.841386795
15082279000 157097.51660347
15089099000 157720.851535797
15095907000 159217.54655838
15102724000 160798.89090538
15109546000 160424.625024796
15116364000 162004.212352753
15123181000 162567.835205078
15129989000 164035.044643402
15136815000 163677.364612579
15143655000 163454.52945137
15150470000 163974.40296936
15157288000 163518.533443451
15164105000 165046.70464325
15170922000 165568.970411301
15177740000 165095.381122589
15184534000 166374.696424484
15191346000 165829.021726608
15198168000 165377.928050995
15204942000 167438.668346405
15211735000 168684.452543259
15218556000 170205.638139725
15225382000 170771.132974625
15232200000 171250.359144211
15239021000 170753.805912018
15245837000 171201.131710052
15252646000 172572.267814636
15259455000 171937.512342453
15266270000 173357.100040436
15273086000 173780.82403183
15279905000 175228.756496429
15286715000 174580.451330185
15293524000 174916.217189789
15300340000 173316.335042953
15307154000 173690.481334686
15313975000 174128.958835602
15320790000 174501.330791473
15327613000 173948.051422119
15334435000 174378.82575798
15341226000 175492.768463135
15347981000 174239.816085815
15354758000 174201.678602219
15361532000 175127.623727798
15368350000 174488.888542175
15375173000 174894.372623444
15381988000 175213.745517731
15388808000 176577.334209442
15395632000 176975.1030159
15402431000 180116.408744812
15409216000 178111.546758652
15416005000 179140.915042877
15422812000 179344.772504807
15429645000 178803.219352722
15436385000 178324.105377197
15443140000 177989.468372345
15449964000 178340.122112274
15456811000 178915.201290131
15463638000 179284.04208374
15470465000 181646.960107803
15477292000 181003.955360413
15484111000 182274.936307907
15490927000 183509.976629257
15497754000 180849.220054626
15504572000 179092.461133957
15518109000 174570.51732254
15524869000 172215.759632111
15531670000 169265.416311264
15538480000 168399.236055374
15545307000 165697.22482872
15552132000 163969.285234451
15558955000 162215.422475815
15565729000 160965.591567993
15572466000 158339.921638489
15579281000 158488.433647156
15586034000 158011.137525558
15592819000 157847.970500946
15599643000 160068.827136993
15606457000 159183.807262421
15613236000 158943.061044693
15620059000 160136.218509674
15626887000 158373.426639557
15633717000 158624.69512558
15640542000 158820.077817917
15647359000 158929.615631104
15654180000 158073.207336426
15660990000 159101.008066177
15667806000 158182.844081879
15674630000 158338.674259186
15681444000 157388.72321701
15688275000 156602.625421524
15695093000 157680.797714233
15701879000 156433.582286835
15708689000 155420.104745865
15715499000 156400.733894348
15722271000 155996.185060501
15729060000 153755.473880768
15735877000 154788.330301285
15742696000 153835.238454819
15749478000 153507.062133789
15756270000 153272.809448242
15763096000 154371.878297806
15769922000 154465.02611351
15776747000 154542.27863884
15783565000 154543.798143387
15790393000 153639.135700226
15797216000 154678.690483093
15804041000 153732.271009445
15810855000 153670.2631073
15817681000 153721.983625412
15824501000 153707.973987579
15831324000 153717.95567894
15838081000 153064.235370636
15844886000 153883.061904907
15851693000 152715.933244705
15858503000 153572.8080616
15865321000 154503.493570328
15872132000 153358.536977768
15878954000 154317.259290695
15885763000 153140.582290649
15892586000 153097.447212219
15899408000 154038.437633514
15906224000 151913.767147064
15913038000 149763.279088974
15919856000 146646.715076447
15926683000 143613.84072113
15933505000 141525.27191925
15940279000 138953.02240181
15947091000 135753.140935898
15953907000 133587.169670105
15960737000 129554.606958389
15967483000 128680.315267563
15974317000 126675.766103745
15981132000 124476.264667511
15987942000 122221.12417984
15994719000 121631.854093552
16001496000 117036.747673035
16008277000 114475.584255219
16015086000 112187.008768082
16021919000 111131.176132202
16028740000 107950.103525162
16042348000 102232.244159698
16049132000 99665.6972732544
16055948000 97411.3428726196
16062770000 95210.7122268677
16069589000 92974.3563537598
16076431000 89960.6235904694
16083271000 86921.0713920593
16090098000 85746.4261894226
16096920000 81516.1903743744
16104094000 79776.3436927795
16110898000 76355.2022800446
16117720000 75106.9346199036
16124507000 71505.2007255554
16131295000 67907.5424613953
16138110000 65572.0939846039
16144926000 62240.6710090637
16151744000 59923.1975364685
16158562000 56599.8169002533
16165383000 55300.3037071228
16172196000 53915.486125946
16179012000 53554.5394535065
16185883000 52733.4137840271
16199513000 49962.0655975342
16206333000 49617.136882782
16213154000 48276.2163314819
16219976000 47939.3013477325
16226779000 48408.0480194092
16233557000 46623.0083904266
16240362000 45099.844953537
16247181000 43709.5995082855
16253998000 44293.6179504395
16260771000 41435.5701980591
16267560000 41730.2831726074
16274387000 40395.7578678131
16281198000 40896.7473812103
16288067000 38966.5802288055
16294823000 39910.7665462494
16301626000 37314.8078994751
16308417000 37594.0877475739
16315239000 35174.5877819061
16322058000 34719.4588432312
16328873000 34218.8046321869
16335689000 33722.1516819
16342508000 33249.3021144867
16349330000 32800.248128891
16356141000 32236.3731460571
16362957000 30716.1019306183
16369777000 30229.5225982666
16376545000 29222.3349781036
16383324000 28318.1954345703
16390153000 28903.0315666199
16396980000 27462.1505794525
16403797000 26916.4011077881
16410614000 26364.7462043762
16417437000 24866.5429058075
16424266000 24421.7756004333
16431081000 22832.606595993
16437868000 22960.6088886261
16444603000 21568.509677887
16451330000 21091.5380001068
16458077000 20806.5693054199
16464817000 20446.6081104279
16471555000 19061.1022167206
16478295000 18689.5971794128
16485027000 19233.2453689575
16491772000 15899.6185913086
16498509000 16481.1501789093
16505249000 16086.5591659546
16512040000 12190.1172046661
16518758000 13566.577791214
16525492000 12095.3689613342
16532232000 11677.6671352386
16538977000 8303.57950019836
16545716000 7864.45129776001
16552459000 7459.0547504425
16559203000 6057.75510978699
16565968000 5858.02910804749
16572754000 4859.82258224487
16579588000 4329.6315536499
16586399000 2566.46417808533
16593226000 2955.32977867126
16600056000 367.881505966187
16606859000 2508.04857635498
16613689000 -91.2322158813477
16620519000 -3696.4409828186
16627319000 -1603.5627040863
16634137000 -2338.98499488831
16640956000 -4070.45001792908
16647783000 -7728.91539573669
16654605000 -10442.6170463562
16661423000 -11201.6801261902
16668234000 -13035.677148819
16675050000 -11826.268699646
16681858000 -12701.6378421783
16688672000 -13523.7466068268
16695497000 -15243.3230552673
16702296000 -17225.0913982391
16709127000 -18897.3492660522
16715946000 -18693.7957019806
16722728000 -20860.7505569458
16729529000 -20846.3399295807
16736352000 -22621.0561504364
16743164000 -24510.0541057587
16749978000 -25385.247674942
16756800000 -28187.5437660217
16763617000 -26044.9981880188
16770444000 -28809.878238678
16777265000 -30639.7637367249
16784077000 -31564.1778202057
16790894000 -33445.2617702484
16797721000 -33233.8060092926
16804491000 -33589.3610496521
16811342000 -35153.4745597839
16818120000 -35442.0124778748
16824931000 -35411.6335372925
16838560000 -38299.6855106354
16845383000 -38168.9362640381
16852168000 -39417.9313526154
16858953000 -41672.7765636444
16865771000 -42608.8882446289
16872583000 -44609.9170913696
16879413000 -44439.8283061981
16886236000 -48344.5003547668
16893058000 -47264.9206295013
16899880000 -48191.2550067902
16906696000 -49182.4874706268
16913515000 -51150.1342372894
16920310000 -52359.5843162537
16927087000 -53751.8070869446
16933879000 -55002.4580097198
16940671000 -53258.9711341858
16947490000 -55256.0584049225
16954315000 -56200.1068878174
16961137000 -57179.5459136963
16967956000 -61194.3676795959
16974775000 -61215.0983428955
16981599000 -64192.6321678162
16988417000 -63235.0052394867
16995241000 -64224.3689956665
17002058000 -68288.3801422119
17008870000 -69407.3851280212
17015688000 -68473.3859939575
17022503000 -70574.7418727875
17029322000 -72642.7393875122
17036141000 -74716.6457996368
17042956000 -74835.7145080566
17056588000 -79071.934595108
17063398000 -80257.7646999359
17070214000 -79390.6287956238
17077415000 -79752.9333076477
17084203000 -83172.5652580261
17090997000 -84539.2090339661
17097746000 -85353.0057659149
17104571000 -87427.370803833
17111405000 -88419.4132728577
17118221000 -87593.8587837219
17125043000 -88715.3904781342
17131859000 -87901.6485843658
17138674000 -90103.6115779877
17145541000 -93801.8600463867
17152348000 -94094.0675964355
17159092000 -96009.4742984772
17165882000 -93479.9649658203
17172710000 -96584.0335559845
17186336000 -99103.7980899811
17193099000 -101862.241474152
17199922000 -102038.892673492
17206749000 -104182.289562225
17213579000 -107302.23421669
17220402000 -105496.64245224
17227225000 -109696.966516495
17234008000 -110294.769184113
17240791000 -108898.418525696
17247620000 -111057.696670532
17261210000 -116059.453216553
17268040000 -119226.66632843
17274916000 -117949.749107361
17281724000 -117344.084247589
17288552000 -118548.666402817
17295373000 -118827.641973495
17302195000 -122102.749505997
17309017000 -121383.77113533
17315837000 -120690.26420784
17322656000 -125012.445716858
17329473000 -125360.090007782
17336300000 -127615.878995895
17343122000 -130926.466779709
17349942000 -134262.517343521
17363616000 -134620.081830978
17370445000 -138885.948143005
17377267000 -140226.136764526
17384083000 -139630.859481812
17390921000 -144826.564971924
17397744000 -145174.736286163
17404567000 -147528.823436737
17411351000 -149269.721218109
17418144000 -149928.576335907
17424956000 -153407.764022827
17431775000 -151824.500900269
17438602000 -154169.042087555
17445418000 -153626.890312195
17452232000 -159110.164916992
17458983000 -164214.249923706
17465749000 -166177.732200623
17472513000 -168166.549411774
17479282000 -171112.391067505
17486023000 -174337.252540588
17492805000 -180167.884822845
17499614000 -180740.968379974
17506440000 -186154.11781311
17513259000 -188641.463378906
17520048000 -189427.299465179
17526869000 -193906.933120728
17533699000 -199304.720237732
17540440000 -202576.196533203
17547198000 -204687.709663391
17554002000 -208356.599544525
17560821000 -212885.159217834
17567591000 -218897.215019226
17574377000 -222759.161979675
17581173000 -224529.511230469
17587988000 -231120.591861725
17594803000 -233717.574462891
17601623000 -237271.747253418
17608413000 -241124.075424194
17615217000 -244845.893520355
17622055000 -252242.442626953
17628880000 -252771.539203644
17635695000 -259403.935348511
17642499000 -261149.34223175
17649313000 -264803.269077301
17656114000 -267589.656764984
17662932000 -273216.434562683
17669758000 -274771.24993515
17676581000 -281361.184833527
17683391000 -285083.551113129
17690215000 -286675.575305939
17697037000 -292292.977535248
17703854000 -296964.940681458
17710679000 -299564.981273651
17717508000 -306132.030647278
17724337000 -308705.006256104
17731163000 -316313.085796356
17737985000 -319965.986480713
17744805000 -323644.249584198
17751631000 -329270.083557129
17758452000 -333950.450698853
17765276000 -337607.56552124
17772101000 -342260.877220154
17778922000 -346958.98752594
17785748000 -350614.415397644
17792572000 -356295.200489044
17799395000 -362991.620368958
17813044000 -369373.061161041
17819859000 -374164.948127747
17826679000 -377914.168273926
17833492000 -384737.289291382
17840321000 -391410.916416168
17847147000 -397119.603248596
17853963000 -396931.314014435
17860788000 -401661.54366684
17867612000 -407407.401176453
17874432000 -411198.007007599
17881257000 -417945.989360809
17888066000 -420855.18629837
17894933000 -427207.379749298
17901721000 -429332.19865036
17908538000 -436181.475502014
17915351000 -443075.46774292
17922170000 -445917.14874649
17928993000 -450725.935630798
17935815000 -458550.338230133
17942630000 -461448.548080444
17949443000 -466372.056221008
17956256000 -471301.462860107
17963047000 -476450.089389801
17969832000 -477662.749790192
17976615000 -484900.649711609
17983369000 -489425.517780304
17990172000 -494481.226402283
17996959000 -499697.890110016
