32000 132102.198495769
6887000 131995.965943984
13706000 130649.54943851
20529000 129324.916314576
27350000 127982.778072689
34119000 127295.831262417
40956000 127049.636758238
47790000 124779.378034338
54620000 125478.516713046
61452000 124186.321915567
68283000 123883.161023423
75123000 124634.458616108
81965000 124394.405890733
88774000 123934.065076783
95579000 125443.169512391
102321000 125535.885632083
109076000 126709.301940009
115829000 126865.317394227
129711000 129622.336526588
136463000 130758.610468477
143218000 129910.171639621
149971000 131044.338427871
156722000 132161.11467281
163469000 132247.436430395
170218000 132342.510885477
176968000 133439.801588595
183721000 134552.370565444
190469000 134627.961397678
197218000 136705.767838061
203970000 136798.848074764
210721000 138881.078695595
217473000 138965.519167513
224223000 140032.583169103
230977000 140121.439504415
237729000 141192.91936937
244481000 141260.079032063
251234000 141329.444066912
257985000 142381.437750459
264734000 144416.063921183
271493000 143511.610278964
278248000 144576.735414684
285003000 146637.536508262
291756000 146680.970090806
298506000 148700.518907368
305259000 148735.311445534
312011000 150759.262686729
318763000 152778.893725574
325515000 154794.204562068
332267000 155805.195196331
339021000 157824.900139391
345767000 158788.149393737
352522000 159805.729909122
359280000 161838.53238976
366034000 163840.948204696
372795000 163884.639644623
379626000 166379.938123822
386490000 167085.735753059
393320000 168565.656983674
400181000 169243.01291883
406944000 171277.848244071
413731000 171464.593524098
420558000 172907.354924202
427372000 176261.084141016
434198000 177688.512292445
441026000 178124.540204823
447834000 180426.011250138
454650000 180775.140521884
461471000 183152.395563543
468299000 184570.776688933
475126000 183978.235451221
481947000 185342.255235612
488774000 186740.884456813
495599000 187122.092131376
502432000 188550.899846315
509264000 188968.781960309
516094000 190369.239940226
522934000 191830.275604188
529766000 193234.8842839
536600000 194648.066845179
543437000 196076.317286611
550274000 197500.138068438
557103000 197867.556478262
563931000 200224.059646368
570767000 200628.107168317
577594000 200969.274501801
584419000 203293.037122488
591242000 205599.398910761
598063000 207888.363746047
604885000 209179.411691427
611712000 210498.506466031
618534000 211780.730690479
625358000 213071.524913311
632182000 214357.906305671
639036000 216834.539664268
645856000 218086.123280883
652688000 219411.149622679
659512000 220679.857706189
666334000 221931.180482626
673145000 224106.751499057
679963000 225323.321111798
686781000 226535.485650539
693601000 229756.212424159
700420000 230966.048531055
707241000 233184.442995191
714076000 233489.172514915
720909000 235776.51283288
727746000 237085.350348473
734563000 239260.16276896
741438000 241806.360596895
755479000 245770.360231519
762310000 246017.937149763
769132000 247202.80371213
775940000 249292.598115444
782760000 250455.702829123
789579000 253607.925324678
796410000 254833.428403497
803246000 256086.875915408
810076000 258297.059363842
816900000 258463.990398645
823732000 260678.279188395
830552000 262810.496683598
837387000 264035.356962562
844217000 265223.443266153
851052000 268439.452646494
857875000 270573.417917371
864703000 271735.308853388
871527000 272866.914610624
878361000 275058.769001484
885200000 277278.525109529
892029000 278429.200463176
898857000 279568.992313623
905681000 281678.5119313
912504000 283777.155807972
919332000 284903.699465513
926156000 285999.978651404
932973000 287046.618213773
939797000 289134.076265216
946629000 290268.798902392
953459000 290386.180297732
960282000 291453.932421327
967114000 294575.392630458
973939000 295647.230037808
980762000 296701.74043715
987584000 297745.383503437
994413000 294829.80236721
1001255000 290993.710441589
1008082000 289056.374587297
1014907000 287101.715608954
1021737000 285174.905303955
1028559000 282192.059106112
1035379000 279191.900131226
1042198000 277180.882877231
1049015000 276152.559308648
1055839000 274164.977253675
1062651000 273095.598190069
1069469000 271060.510019779
1076289000 270033.911554933
1083108000 266996.458688021
1089937000 266019.060422897
1096760000 264998.570161343
1103582000 261967.223558903
1110394000 260867.025139332
1117210000 257788.203443766
1124025000 256698.536391735
1130845000 254636.679241657
1137665000 252570.414433002
1144485000 251499.741965294
1151304000 249418.221558094
1158140000 246441.768563032
1164964000 246383.619372129
1171780000 243269.550627947
1178593000 242131.766309261
1185408000 239002.457473755
1192211000 237791.510591984
1199044000 235769.250751734
1205868000 233684.650443792
1212693000 231602.071768522
1219538000 228643.755288124
1226358000 227520.169587851
1233179000 225398.608751059
1240001000 223279.07083869
1246823000 221155.122681856
1253653000 218078.208941221
1267669000 213199.940082312
1274499000 212109.534145117
1288534000 209325.695914268
1295356000 207170.372444391
1302168000 205946.378887892
1308982000 202730.838685513
1315798000 201523.747962236
1322615000 198318.678796291
1329429000 197089.935644865
1343451000 192149.55357933
1350255000 190843.142021894
1357072000 188615.813634396
1363888000 188377.661328793
1370697000 185090.170100689
1377514000 184849.636181355
1384324000 181559.771086931
1391136000 181278.346357822
1397941000 177947.605943918
1404755000 175670.223611116
1411573000 174414.103841305
1418386000 171121.504140854
1425190000 168766.776888371
1432002000 167458.972086191
1438815000 165153.182995558
1445627000 162836.58289957
1452439000 161515.585479259
1459250000 158183.779635429
1466064000 156866.809119225
1472917000 153795.421123981
1479732000 151476.034769297
1486546000 153145.838703871
1493363000 153830.466331482
1500173000 154465.839631557
1506987000 153122.444491625
1513794000 150729.807934523
1520609000 148384.022785425
1534621000 144125.567279816
1541435000 142759.928524971
1548249000 140389.889863729
1555057000 137977.039176464
1561866000 136566.197702408
1568668000 135106.157666445
1575479000 131699.333975077
1582294000 130313.712007761
1589103000 127885.296080351
1595929000 127561.255213737
1602743000 125156.028921127
1609548000 122688.831017494
1616363000 121281.206933498
1623177000 118862.786085844
1629988000 117420.780573606
1636798000 114967.984754324
1643613000 113542.762334824
1650428000 111113.138716936
1657249000 109717.467919588
1664069000 108310.996480703
1670887000 106887.335295916
1677695000 104395.365055799
1684509000 101937.341172934
1691328000 99506.8629181385
1698184000 98308.3512709141
1704996000 96824.3216962814
1711811000 94355.0562946796
1718642000 91983.5740003586
1725459000 89518.2676143646
1732274000 87035.7869935036
1739085000 85523.3668506145
1745886000 82942.7113127708
1752699000 79434.2721397877
1759509000 77902.2864146233
1766319000 76365.90594697
1773132000 73844.2748012543
1779946000 71324.6257491112
1786761000 68806.9568533897
1793573000 66265.7485067844
1800386000 65726.5216081142
1807200000 62189.2742199898
1814007000 60602.9845588207
1820818000 58037.8113703728
1827631000 55480.9945292473
1834443000 53913.4035279751
1841254000 51335.0403029919
1848086000 48886.1403541565
1854904000 46343.5867507458
1861726000 41822.1199114323
1868543000 39264.3812625408
1875353000 35657.6371588707
1882171000 34097.4664900303
1888983000 31494.6684911251
1895796000 28893.8428986073
1902608000 26282.2496054173
1909431000 22736.3118183613
1916252000 20173.2269096375
1923071000 19592.9987573624
1929885000 21976.5317387581
1936707000 22406.5916469097
1943520000 23774.9544408321
1950340000 25183.4705548286
1957161000 26593.9429256916
1963975000 27955.4634590149
1970789000 29312.5840849876
1977621000 29779.8204004765
1984441000 30166.2975742817
1991257000 31522.924352169
1998067000 31836.9884068966
2012071000 32893.6847207546
2018888000 34238.8232033253
2025706000 34585.9153239727
2032527000 34947.6726920605
2039343000 37273.2404711246
2046154000 37562.6283500195
2052968000 38866.6847057343
2059785000 40185.4037265778
2073802000 43242.7836256027
2087807000 44205.3264095783
2094618000 44463.4341003895
2101454000 44875.9018349648
2108272000 47169.6484959126
2115088000 47446.292183876
2121902000 48705.8367731571
2128716000 47960.9814560413
2135523000 50167.2971403599
2142337000 47413.6465294361
2149166000 43750.7818307877
2155978000 39975.631570816
2170007000 31981.3638157845
2176826000 28237.161842823
2183644000 25482.2110500336
2190464000 20735.5387983322
2204467000 7530.57182168961
2211284000 -1248.57750988007
2218103000 -7019.45224761963
2224918000 -13820.087518692
2231736000 -19606.1103000641
2238542000 -21472.5851607323
2245358000 -25280.0835471153
2252176000 -26079.3125052452
2258984000 -29946.2996711731
2265789000 -31836.6830053329
2272597000 -34712.4525589943
2279417000 -36516.6137371063
2286235000 -39337.8480362892
2293060000 -42119.1628146172
2299870000 -43999.863296032
2306681000 -47878.6277270317
2313494000 -48749.1278939247
2320312000 -53592.3791642189
2327119000 -54509.6529321671
2333925000 -58437.6457829475
2340737000 -60332.0628137589
2347557000 -63180.2618021965
2354374000 -67051.8472723961
2361188000 -68946.8134102821
2368007000 -71814.554541111
2374832000 -73648.7560219765
2381645000 -77563.2559022903
2388458000 -80482.1543970108
2395267000 -82430.7411036491
2402083000 -87339.4689869881
2416100000 -92736.761551857
2422920000 -94633.6664619446
2429731000 -96591.8512282372
2436548000 -99516.5211019516
2443370000 -102414.005551815
2450185000 -104360.120608807
2.457e+09 -106310.636864185
2463816000 -109259.238414764
2477824000 -112795.361747265
2484643000 -116738.471838474
2491456000 -118723.8679986
2498271000 -121701.037498474
2505090000 -123657.360226631
2511910000 -127611.777975559
2518714000 -129671.574587345
2525529000 -132666.347588539
2532349000 -134633.974741936
2539167000 -137618.627079487
2545983000 -138620.300724983
2552795000 -143651.606745243
2559619000 -144611.628185749
2566434000 -148632.818063736
2573258000 -151601.65934515
2580089000 -153530.779260635
2586905000 -156558.88463974
2593724000 -158572.481729984
2600561000 -161477.032161236
2607329000 -165820.870976448
2614143000 -166879.174129009
2620958000 -170935.57617712
2627774000 -172990.07905674
2634591000 -176042.684706688
2641409000 -178093.395063877
2648229000 -181135.913639545
2655066000 -183075.777601719
2661872000 -185215.282361984
2668685000 -187315.101275444
2675511000 -190337.472844601
2682319000 -193477.573368073
2689126000 -196628.36060524
2695940000 -199739.481365204
2702749000 -200886.468337536
2709566000 -199987.507836342
2716383000 -199092.951117039
2723205000 -197171.341564178
2730020000 -198298.17699337
2736833000 -196441.993682861
2743644000 -195602.787759304
2750456000 -194761.689128876
2757281000 -194843.242596626
2764092000 -194017.234455109
2770905000 -192183.048740864
2777728000 -191290.400076866
2784536000 -189496.445603848
2791351000 -189662.889233589
2798168000 -188821.165624142
2804981000 -188008.980089188
2811795000 -188194.910242081
2818602000 -185429.216278076
2825414000 -184636.504998684
2832230000 -183823.067077637
2839043000 -182032.872683525
2845862000 -182209.398705959
2852674000 -181434.284470081
2859489000 -179644.732333183
2866308000 -179834.470346928
2873118000 -179085.108771801
2879933000 -178308.759584904
2886749000 -177530.535770416
2893563000 -177769.26480484
2900378000 -177006.119212627
2907191000 -177259.92259407
2914006000 -175505.578106403
2920828000 -175711.7266469
2927641000 -173978.73297596
2934460000 -174212.510097504
2941280000 -173444.422927856
2948087000 -171762.253568649
2954911000 -170977.895851135
2961721000 -171285.713039398
2968533000 -170585.388820648
2975347000 -169876.927067757
2982167000 -169135.264523506
2988981000 -168435.606458664
2995792000 -166759.144774914
3002605000 -168074.549432278
3009415000 -166413.145307064
3016254000 -164574.492858887
3023066000 -164909.371119022
3029881000 -163229.859919071
3036697000 -163548.488302231
3043511000 -161884.04111433
3050329000 -162198.952538013
3057143000 -161543.307747364
3063952000 -159923.35802412
3070763000 -159295.284978867
3077576000 -159659.092483521
3084384000 -159058.584084988
3091197000 -159431.185592651
3098014000 -158783.16249609
3112028000 -158123.619632244
3118837000 -157539.084010601
3125642000 -155983.954586506
3132452000 -156401.950746536
3139265000 -154805.585961342
3146076000 -153226.122292042
3152894000 -153607.300424576
3159709000 -154011.633505821
3166530000 -152382.871911526
3173351000 -151758.51926899
3180160000 -151213.551815033
3186974000 -150641.74093914
3193789000 -151068.083240986
3200606000 -150486.334574699
3207423000 -148908.989691257
3214234000 -148373.517335892
3221051000 -147804.976140022
3227857000 -146309.517225266
3234688000 -146662.376534462
3241501000 -146132.017451286
3248312000 -145618.540107727
3255114000 -146165.627051353
3261926000 -143654.695693493
3268730000 -143198.078674793
3282735000 -140821.393055916
3289546000 -139334.529431343
3296358000 -138845.824830532
3303171000 -138355.281190872
3309996000 -136794.30755949
3316820000 -137243.983121872
3323629000 -134791.58787632
3330445000 -135299.949627876
3337259000 -133825.180135727
3344074000 -133348.578063488
3350884000 -132907.536398411
3357700000 -131433.502296925
3364523000 -130920.256836891
3371333000 -130492.411660671
3378147000 -129044.044192314
3384966000 -128568.933568001
3391784000 -128104.457275867
3398597000 -127675.522659779
3405415000 -127219.853285789
3412225000 -126818.397215843
3419052000 -126315.504376888
3425879000 -125817.028249741
3432694000 -125397.657900333
3439503000 -125020.029413223
3446352000 -124397.882493973
3453162000 -124022.844570637
3459978000 -122614.872364044
3466785000 -123267.290374279
3473587000 -121955.200325966
3480404000 -120554.201165676
3494454000 -119178.619439125
3501269000 -118803.535542488
3508078000 -117470.154517651
3514893000 -116103.869143009
3521704000 -116766.847584248
3528511000 -114459.082095623
3535321000 -114137.064385891
3542157000 -113657.884759903
3548975000 -112294.968748569
3555793000 -111936.457811356
3562611000 -110582.351947784
3569430000 -110226.440026283
3576251000 -109862.513500214
3583066000 -108540.254961967
3589879000 -108234.816010475
3596692000 -106933.775673866
3603517000 -106562.639125347
3610342000 -106195.91670084
3617158000 -104889.467877865
3623960000 -104674.305039406
3630777000 -103370.446835518
3637595000 -103064.787741184
3651606000 -100140.423851013
3658424000 -101848.22226429
3665233000 -99616.2442278862
3672046000 -100363.854012012
3678859000 -100115.862411499
3685675000 -100853.66907692
3692491000 -99595.8782329559
3699303000 -99367.2851772308
3706110000 -99174.0803427696
3712937000 -97861.3157062531
3719752000 -98627.3304171562
3726565000 -97410.1388087273
3733371000 -97240.7149887085
3740209000 -96877.4423522949
3747031000 -95617.7094907761
3753843000 -95424.3234324455
3760651000 -95260.1067428589
3767472000 -95019.781463623
3774277000 -93882.9326434135
3781094000 -92676.1792201996
3787912000 -92467.6391510963
3794720000 -91325.4019789696
3801543000 -91094.7199144363
3808362000 -90893.2033462524
3815178000 -89714.6566772461
3821993000 -89546.6996955872
3828809000 -89376.9573607445
3835662000 -88982.7390398979
3842480000 -87809.4550690651
3849290000 -88690.0530619621
3856101000 -87568.8618307114
3862921000 -88396.4167504311
3876938000 -86734.1320233345
3883751000 -87618.4229879379
3890562000 -86519.4739689827
3897371000 -86437.2810935974
3904184000 -86334.7640304565
3910993000 -85261.360640049
3917808000 -86155.2819886208
3924633000 -85991.8298120499
3931460000 -85820.4381103516
3938276000 -83721.4010825157
3945091000 -83632.9420781136
3951904000 -82561.2340464592
3958710000 -85537.1443257332
3965522000 -87480.4026026726
3972330000 -90452.7500109673
3979150000 -94355.4219069481
3985968000 -97274.8447799683
3992783000 -100217.185767651
3999600000 -102151.587218285
4006415000 -106102.731894493
4013236000 -110021.263314247
4020053000 -111968.877402782
4026865000 -113951.734192371
4033680000 -117920.486890316
4040484000 -118961.472208977
4054500000 -124541.208558083
4061316000 -128521.643709183
4068133000 -130500.317477226
4074952000 -134471.068572521
4081767000 -137470.876358986
4088578000 -141499.733086586
4095391000 -143520.663266659
4102206000 -147533.670773029
4109022000 -149544.919478893
4115830000 -152609.845499039
4122649000 -155611.417896271
4129469000 -157611.238598347
4136284000 -160646.254034042
4143102000 -162667.200359821
4149912000 -160741.800746441
4156732000 -160759.241096973
4163529000 -159922.650247097
4170350000 -158942.73686409
4177202000 -157776.472720623
4184018000 -156836.161735535
4190832000 -156912.557732105
4197647000 -156987.202034473
4204459000 -156084.700399399
4211272000 -156180.445779324
4218079000 -155317.487757206
4224888000 -155446.62256813
4231700000 -154561.705711365
4238513000 -153675.038451672
4245353000 -152626.79862833
4252167000 -151742.79959774
4258983000 -151850.9088974
4265797000 -151975.710971355
4272615000 -151080.334967613
4279427000 -151226.227138519
4286241000 -150364.230224133
4293060000 -150475.920423031
4299875000 -149616.584637642
4306706000 -149663.389792919
4313525000 -149788.304259777
4320357000 -148837.80545187
4327169000 -148014.516334534
4333988000 -148152.653777122
4340804000 -148313.611688614
4347630000 -148417.598213196
4354454000 -146538.273634911
4361280000 -146651.089700699
4368103000 -146786.727524757
4374906000 -147049.472917557
4381719000 -146255.262449265
4388536000 -145440.916553497
4395352000 -144637.107302666
4402165000 -143856.097200394
4408987000 -147024.301553726
4415808000 -149203.047077179
4422627000 -152398.46211338
4429453000 -155555.376078606
4436273000 -158753.479382515
4443084000 -161011.145418167
4449899000 -163248.696702003
4456713000 -167496.776234627
4463532000 -169718.623653412
4470342000 -172000.009262085
4477162000 -176224.538484573
4483976000 -178490.222164154
4490819000 -181582.714981079
4497633000 -184857.217200279
4504445000 -188148.364380836
4511255000 -190456.152647972
4518077000 -194694.880827904
4524892000 -198980.863376617
4531713000 -201234.527462959
4538529000 -204523.196986198
4545343000 -207828.506300926
4552155000 -212150.451535225
4558977000 -214415.620493889
4565785000 -218770.833687782
4572599000 -221093.742630005
4579409000 -224445.513171196
4586220000 -227795.563677788
4593034000 -229131.667819977
4599855000 -233429.377468109
4606668000 -235780.398784637
4613485000 -239111.36993885
4620303000 -241440.633327484
4627113000 -245823.189008713
4633931000 -248161.257377625
4640750000 -251497.621209145
4647565000 -252862.827263832
4654385000 -256201.892925262
4661198000 -258588.119952202
4668012000 -261972.638566971
4674823000 -263379.876232147
4681638000 -266767.086987495
4688447000 -270195.329482079
4695267000 -273560.816536903
4702084000 -275949.022644997
4708903000 -279329.426231384
4715735000 -282634.903615952
4722543000 -286091.248782158
4729362000 -288484.872759819
4736187000 -291846.299702644
4743002000 -295273.139970779
4749821000 -298679.984339714
4756640000 -302091.235074043
4763448000 -304573.969984055
4770260000 -309036.707704544
4777073000 -310497.746056557
4783889000 -315944.894886017
4790690000 -318487.877218246
4797506000 -321943.821338654
4804362000 -325160.403635025
4811172000 -327661.739334106
4817982000 -333167.469776154
4824802000 -335616.673264503
4831621000 -338076.375936508
4838435000 -340570.939357758
4845255000 -345033.361299515
4852076000 -346494.101315498
4858895000 -348971.428159714
4865710000 -349477.514538765
4872536000 -348921.03800869
4879353000 -347423.759889603
4886167000 -347949.144612312
4893026000 -346205.072471619
4899842000 -345727.115949631
4906657000 -345259.64632988
4913473000 -345790.494142532
4927482000 -345572.311097145
4934291000 -345159.182437897
4941110000 -345689.635752678
4947920000 -346279.219947815
4954735000 -344842.799603462
4961555000 -346380.384407043
4968372000 -345940.612561226
4975191000 -345493.08866024
4989205000 -346326.455541611
4996016000 -346941.00125885
5002834000 -347517.415919304
5009641000 -347165.056833267
5016455000 -346774.570563316
5023280000 -346321.677228928
5030098000 -346915.707016945
5036914000 -346526.286016464
5043729000 -351147.338929176
5050540000 -351797.076148033
5057358000 -352408.718479156
5064167000 -353079.391255379
5070976000 -352754.457483292
5077777000 -352482.462730408
5084616000 -351984.284210205
5091436000 -353605.809062958
5098250000 -354268.139109612
5105062000 -352947.000284195
5111880000 -353593.868993759
5118699000 -353239.078458786
5125518000 -352888.694290161
5132338000 -354536.653461456
5139145000 -353267.831235886
5145957000 -353973.09120369
5159973000 -355021.116217613
5166794000 -354685.283353806
5173617000 -354341.741211891
5180425000 -355093.487633705
5187270000 -354625.486796379
5194088000 -355325.469662666
5200902000 -355054.083717346
5207718000 -355774.985913277
5214531000 -354518.456310272
5221344000 -355266.325322151
5228160000 -356000.431113243
5234971000 -354769.205893517
5241787000 -355512.113433838
5248622000 -355144.435324669
5255434000 -354920.365560532
5262253000 -355658.338115692
5269066000 -353437.017450333
5275879000 -354220.095399857
5282688000 -354031.7670784
5289501000 -354823.639677048
5296312000 -354632.005865097
5303114000 -354499.189667702
5309954000 -353141.002432823
5316777000 -353890.023048401
5323592000 -352691.814414024
5330389000 -351606.803606987
5337207000 -351399.254909515
5344011000 -350280.712816238
5350826000 -351100.09218502
5357639000 -349935.956102371
5364447000 -349806.423788071
5371266000 -349614.839400291
5378091000 -349391.422952652
5384903000 -349250.928817749
5391715000 -348114.832006454
5398527000 -348983.132519722
5405345000 -349819.607426643
5412166000 -349642.37788105
5418979000 -350517.844186783
5425785000 -349439.955633163
5432600000 -350312.145505905
5439419000 -349164.600872993
5446231000 -350063.695567131
5453048000 -348937.024411201
5459861000 -348838.884992599
5466679000 -348714.987475395
5473489000 -347643.740608215
5480303000 -347552.768275261
5487114000 -345484.284068108
5493932000 -346377.994569778
5500747000 -346294.194488525
5507577000 -345124.383588791
5514389000 -345067.476056099
5521207000 -344978.808792114
5528022000 -344912.623191833
5534838000 -344844.81390667
5541657000 -342763.334396362
5548467000 -343740.47358036
5555279000 -341709.961612701
5562099000 -341635.668562889
5568916000 -341583.848134041
5575728000 -340566.536531448
5582542000 -340541.581526756
5589354000 -339533.065864563
5596173000 -339486.814022064
5602987000 -338475.060674667
5609796000 -338497.796135902
5616616000 -338458.73656559
5623427000 -338478.233050346
5630240000 -337490.093881607
5637057000 -336482.292539597
5643863000 -337545.055047035
5650673000 -336588.151508331
5657488000 -336605.576404572
5664298000 -335657.465578079
5671114000 -334677.677672386
5677934000 -334678.246962547
5684755000 -334677.213232994
5691589000 -334602.458063126
5698404000 -334646.306941032
5705219000 -333694.55701828
5712041000 -333705.151649475
5718854000 -333774.223534584
5725665000 -332859.70763588
5732480000 -332925.56315136
5739311000 -332899.731736183
5746115000 -332040.453463554
5752921000 -333173.553757668
5759732000 -333281.025771141
5766553000 -334332.864554405
5773371000 -333407.119128227
5780186000 -332503.783677101
5.787e+09 -331610.850414276
5793817000 -332704.316029549
5800634000 -332802.185426712
5807448000 -331922.455757141
5814276000 -331963.148338318
5821088000 -332104.22303772
5827909000 -331195.721054077
5834711000 -331405.560876846
5841535000 -331487.877053261
5848351000 -331622.567453384
5855163000 -331785.638457298
5861977000 -330941.119019508
5868793000 -331089.013012886
5875609000 -330241.30949688
5882441000 -330302.137357712
5889261000 -329439.283964157
5896070000 -329646.735401154
5902887000 -329810.660236359
5909700000 -331002.946295738
5916515000 -328187.653539658
5923332000 -324364.785843849
5930150000 -321540.334506989
5936966000 -315732.261798859
5943812000 -311749.007691383
5950633000 -307919.831930161
5957445000 -304148.928643227
5964252000 -300412.343633652
5971060000 -295674.165950775
5977865000 -291958.32913208
5984677000 -287205.004813194
5991498000 -283402.243330956
5998334000 -280514.176366806
6005147000 -277768.085007668
6011963000 -273008.453253746
6018778000 -269259.20301342
6025594000 -265508.375593185
6032409000 -261767.928394318
6039229000 -257001.996963501
6046035000 -254324.143358231
6052845000 -250626.77614975
6059655000 -247933.803684235
6066477000 -243173.531907082
6073293000 -240453.513519287
6080107000 -236749.844047546
6086916000 -233080.437316895
6093728000 -229397.508273125
6100544000 -225695.091449738
6107362000 -221985.135855675
6114173000 -219321.375224113
6120987000 -219644.102609634
6127804000 -218953.323824883
6134603000 -219374.373674393
6141413000 -219734.162642479
6148227000 -219074.479323387
6155035000 -219454.992582321
6161858000 -218750.416009903
6168675000 -219086.039890289
6175488000 -218449.924247742
6182302000 -218812.243691444
6189113000 -218196.851689339
6195937000 -218508.346644402
6202749000 -216895.793509483
6209566000 -217257.832976341
6216380000 -216642.157119751
6223192000 -217042.800476074
6230007000 -217429.964134216
6244023000 -217917.823797226
6250844000 -217282.698134422
6257667000 -215640.068650246
6264483000 -211043.540883064
6271295000 -208475.235985756
6278104000 -205929.191761017
6284923000 -202328.002949715
6291716000 -197886.002624512
6298524000 -196359.087398529
6305335000 -192818.708724976
6312150000 -190258.921193123
6318965000 -187703.534858704
6325798000 -184045.450967789
6332607000 -179534.574360847
6339417000 -177022.142567635
6346227000 -173514.10551548
6353042000 -169980.726465225
6359855000 -166463.642017365
6366673000 -163921.22590065
6373484000 -161424.832733154
6380300000 -161903.111772537
6387145000 -161213.413882256
6393964000 -162682.686221123
6400781000 -162168.250575066
6407595000 -163676.045246124
6414404000 -163217.947490692
6421220000 -163722.656970978
6428039000 -164213.948219299
6434861000 -163691.827046394
6441687000 -164150.360326767
6448512000 -164619.247325897
6455320000 -164193.488587379
6462125000 -163789.933044434
6468939000 -163337.338500023
6475752000 -163895.079582214
6482561000 -164480.95957756
6489374000 -165047.495307922
6496180000 -164659.966140747
6503013000 -165116.631832123
6509836000 -166637.046896935
6516656000 -168179.669031143
6523482000 -167691.111639977
6530304000 -168230.691867828
6537121000 -167804.331860542
6543922000 -168477.243782043
6550734000 -170089.324072838
6557549000 -169688.017782211
6564366000 -170279.258044243
6571186000 -170857.122058868
6578003000 -171457.171823502
6584835000 -170972.744616508
6591647000 -172611.235320091
6598470000 -171188.958343506
6605287000 -169806.633571625
6612123000 -171316.179423332
6618939000 -171948.596639633
6625753000 -172597.259357452
6632562000 -173279.926280975
6639376000 -172937.385582924
6646188000 -170611.083930016
6653001000 -168283.260677338
6659805000 -164013.100543022
6666644000 -160540.210289001
6673463000 -157190.09195137
6680278000 -154868.045332909
6687096000 -150532.6528368
6693916000 -148189.835321426
6700740000 -145827.767867088
6707557000 -142511.509513855
6714382000 -140152.350087166
6721199000 -134844.904466629
6728019000 -132524.127183914
6734830000 -129260.958075523
6741636000 -126031.737620354
6748442000 -122806.906744957
6755257000 -118533.28235054
6762078000 -116228.60763073
6768894000 -113957.881566048
6775712000 -110679.743401527
6782520000 -107465.076802254
6789333000 -105225.272343636
6796143000 -103007.582575798
6802962000 -98741.1451358795
6809776000 -97508.634393692
6816599000 -93227.3927717209
6823408000 -91033.2015285492
6830222000 -87813.8930892944
6837027000 -83652.0979137421
6843841000 -80441.5834760666
6850659000 -77211.8681755066
6857476000 -73992.4574956894
6864296000 -70759.7538957596
6871121000 -67501.9666862488
6877934000 -64319.3648881912
6884750000 -60123.4708194733
6891569000 -55914.2902927399
6898379000 -52762.5771627426
6905192000 -47597.5737009048
6912005000 -45436.9688539505
6918815000 -41298.4438238144
6925633000 -39117.1688308716
6932449000 -34952.0837965012
6939260000 -31820.8602323532
6946080000 -28641.012345314
6952887000 -25542.1486768723
6959704000 -22388.7772836685
6966508000 -19316.3694505692
6973321000 -17195.3514966965
6980134000 -15078.7321596146
6986940000 -13007.7223815918
6993756000 -12882.2358579636
7000565000 -13802.3537311554
7007369000 -13756.291765213
7014182000 -12661.6545295715
7021022000 -14412.5465669632
7027833000 -14338.4907999039
7034642000 -15280.5965795517
7041460000 -15174.1568050385
7048278000 -16072.1221027374
7055090000 -16009.7773933411
7061905000 -17934.1894855499
7068721000 -18857.1232471466
7075543000 -19749.1862068176
7082357000 -20692.6852960587
7089169000 -20652.3394727707
7095984000 -22598.7601394653
7102797000 -22561.3346033096
7109612000 -24516.5563745499
7116421000 -24511.429391861
7123231000 -25504.8214979172
7130051000 -26443.8711776733
7136870000 -26393.2015857697
7143682000 -26388.0453310013
7150495000 -27381.4146223068
7157304000 -28402.6670627594
7164112000 -28434.1834449768
7170933000 -28393.784029007
7177770000 -29263.8864402771
7184585000 -31267.5265598297
7191391000 -31328.3790082932
7198201000 -32370.1520032883
7205015000 -32392.8532886505
7211829000 -33419.9544820786
7218639000 -34474.9168672562
7225448000 -35540.1386709213
7232266000 -35556.9776506424
7239080000 -35601.675242424
7245898000 -36627.3217859268
7252711000 -37686.6838665009
7259522000 -38762.1674575806
7266334000 -40836.1862792969
7273147000 -39908.742269516
7279957000 -43003.2754068375
7286780000 -43026.0380420685
7293591000 -43123.5108356476
7300410000 -45178.5190782547
7307226000 -45255.5044660568
7314036000 -46372.0300321579
7320848000 -47481.2390680313
7327669000 -49542.1505174637
7334478000 -51677.7230443954
7341292000 -51788.4205293655
7348105000 -51909.370973587
7354922000 -53011.3104038239
7361732000 -55158.6159467697
7368552000 -55251.8050727844
7375412000 -56115.3831691742
7382237000 -58188.1643705368
7389052000 -58323.8514184952
7395890000 -60329.4235696793
7402710000 -61444.6884737015
7409533000 -62546.8193416595
7416349000 -64694.2878456116
7423170000 -64816.9291410446
7429952000 -66171.9458961487
7436784000 -68239.0887346268
7443612000 -69334.0307655334
7450439000 -70439.2341575623
7457267000 -70543.011551857
7464041000 -67966.6784095764
7470819000 -65371.3279695511
7477658000 -63424.0435438156
7484457000 -59714.7965707779
7491279000 -57875.621963501
7498100000 -55046.6964406967
7504919000 -52233.8562545776
7511733000 -50454.610168457
7518551000 -48656.416384697
7525369000 -44862.6276760101
7532193000 -42038.2303876877
7539001000 -40311.6053295135
7545809000 -37589.3724327087
7552631000 -35789.8602867126
7559448000 -34023.9235124588
7566322000 -30929.9450407028
7573148000 -29120.367102623
7579981000 -25274.3870220184
7586797000 -23531.9487800598
7593610000 -20811.4023923874
7600423000 -20095.2546205521
7607244000 -16336.877491951
7614066000 -14577.0814647675
7620884000 -11845.0044956207
7627702000 -10117.3326005936
7634515000 -6423.19533729553
7641299000 -3902.38945293427
7648071000 -2455.84033870697
7654882000 213.498307228088
7661703000 3936.6742811203
7668524000 7655.44130134583
7675354000 9422.19775295258
7682185000 12190.3550043106
7688966000 14663.0528860092
7695724000 16997.5308351517
7702519000 19543.0012674332
7709342000 20247.0233249664
7716170000 22975.7247152328
7723003000 25729.0957345963
7729828000 27431.5072393417
7736659000 30164.4020185471
7743486000 32869.6125669479
7750317000 34593.6661577225
7757142000 38278.412112236
7763965000 41947.1166543961
7770715000 44187.0605325699
7777487000 46550.5587854385
7784314000 49229.3557567596
7791140000 50897.9249458313
7797974000 53608.5620975494
7804793000 57227.6268491745
7811615000 59859.7126226425
7818446000 61539.6644935608
7825265000 63145.500453949
7832096000 66816.6163158417
7838911000 69390.4056186676
7845681000 71698.5282649994
7852425000 73851.3708620071
7859228000 77342.3760814667
7866021000 79770.9558553696
7872804000 82137.1294975281
7879583000 81475.7324209213
7886353000 79757.7621040344
7893160000 79250.1004552841
7899956000 78674.2396039963
7906734000 76989.5999965668
7913519000 77341.2031602859
7920293000 76624.6566572189
7927091000 74042.9182567596
7933880000 73404.6227035522
7940651000 71657.6152582169
7947443000 75027.9846982956
7954244000 76446.1431236267
7960994000 78564.374874115
7967772000 81840.5303001404
7974542000 83065.9826717377
7981327000 84373.987490654
7988119000 87718.1766004562
7994917000 90092.7447252274
8001715000 92462.9335823059
8008525000 94898.2288131714
8015330000 96300.1801776886
8022131000 97674.5865325928
8028926000 101009.878535271
8035726000 102369.734595299
8042496000 104551.591341972
8049287000 106850.623585701
8056052000 108994.850496292
8062829000 111204.16444397
8069632000 112559.527819633
8076410000 115765.90459919
8083192000 117991.061416626
8089971000 120194.511301994
8096761000 121457.209558487
8103552000 124721.320313454
8110305000 126761.389546394
8117078000 127912.740973473
8123860000 130111.761146545
8130681000 132531.799568176
8137466000 133739.412074089
8144278000 136098.657419205
8151045000 137193.542159081
8157872000 139630.666670799
8164686000 141988.290752411
8171507000 143381.940103531
8178323000 143742.308609009
8185139000 146098.274625778
8191955000 148449.838150024
8198771000 149796.999186516
8205587000 152139.757732391
8212369000 154281.894650459
8219139000 156350.426764488
8225958000 157697.339108467
8232780000 159057.152742386
8239540000 162054.904483795
8246296000 164025.254030228
8253050000 165979.743658066
8259803000 165924.143866539
8266623000 169250.545571327
8273447000 169595.601076126
8280269000 171924.714315414
8287094000 173266.709524155
8293918000 174598.527183533
8300724000 176822.201991081
8307480000 178753.380350113
8314285000 180962.546748161
8321103000 182242.215894699
8327923000 184529.000372887
8334706000 185598.27354908
8341472000 187565.285161018
8348234000 188504.925527573
8355059000 189802.963822365
8361896000 192165.671797752
8368722000 193460.630419731
8375549000 195756.92931366
8382368000 197002.771154404
8389201000 199324.768176079
8396033000 201636.586971283
8402862000 202926.72328186
8409725000 204408.023668289
8416552000 206677.795768738
8423371000 208897.141901016
8430171000 211002.821935654
8436925000 213839.626062393
8443727000 214948.070506096
8450590000 217402.793967247
8457388000 219479.438508987
8464186000 220551.703783035
8470960000 222481.670268059
8477728000 224372.812314987
8484483000 226184.923906326
8491270000 228176.542645454
8498077000 229278.677858353
8504855000 233209.862602234
8511649000 234228.578491211
8518453000 236300.341741562
8525263000 238402.167002678
8532078000 240528.301802635
8538890000 241632.81477356
8545685000 244635.357800484
8552475000 246604.830809593
8559268000 248587.149689674
8566072000 248628.209729195
8572879000 251682.093735695
8579640000 253467.71491909
8586447000 255512.846856117
8593242000 257484.767208099
8600048000 259515.390727043
8606854000 261541.624664307
8613664000 263586.401519775
8620477000 265643.981071472
8627298000 266743.016673088
8634107000 268768.869078636
8640916000 269790.328033447
8647716000 272755.824459076
8654491000 273573.707672119
8661298000 276570.55679512
8668094000 277500.007415771
8674907000 279522.445819855
8681714000 280506.125551224
8688517000 283462.510290146
8695334000 284494.664718628
8702138000 287447.993747711
8708938000 288374.039386749
8715763000 291438.789449692
8722577000 293436.174552917
8729379000 295360.493844986
8736186000 297309.036287308
8743016000 299384.767820358
8749835000 302393.156339645
8756669000 305482.932098389
8763486000 306471.060337067
8770298000 309426.193387985
8777119000 311428.387832642
8783933000 313386.154403687
8790753000 315373.819128036
8797562000 317294.203521729
8804376000 320238.7697258
8811192000 322190.364835739
8817973000 323937.575782776
8824793000 326903.240989685
8831606000 328824.511240005
8838428000 330792.789302826
8845245000 333728.101230621
8851995000 335276.403421402
8858786000 338054.493795395
8865574000 339811.086156845
8872349000 342489.100189209
8879149000 344305.463729858
8885973000 346254.421131134
8892785000 348130.485616684
8899592000 349973.62263298
8906400000 353818.074159622
8913225000 355755.114076614
8920032000 358585.06621933
8926850000 360473.365407944
8933664000 362334.448322296
8940483000 364219.642101288
8947348000 366362.698789597
8954132000 369039.52003479
8960925000 370763.281991959
8967745000 371636.559570312
8974532000 372317.364923477
8981308000 372931.124032974
8988124000 373768.437841415
8994968000 374760.864948273
9001789000 376617.837415695
9008608000 376459.009532928
9015408000 377187.569271088
9022206000 377900.358345032
9029013000 378660.012037277
9035830000 380472.206056595
9042643000 380257.226398468
9049464000 381083.382743835
9056274000 382842.527145386
9070308000 383703.238464355
9077123000 383477.377500534
9083943000 383275.558137894
9090764000 384075.01902771
9097579000 384835.947364807
9104388000 384558.35477066
9111205000 386321.85654068
9118013000 387029.786550522
9124785000 386528.675643921
9131583000 387171.004108429
9145519000 388374.65504837
9152326000 388054.765399933
9159158000 388872.520711899
9165994000 389708.575977325
9172833000 391557.24328804
9179672000 393401.478347778
9186512000 392246.959993362
9193356000 394110.720859528
9200196000 393947.332817078
9207030000 395745.449855804
9213873000 395590.227348328
9227926000 396349.170345306
9234771000 398191.746070862
9241689000 399444.055631638
9248526000 400232.320238113
9255362000 400010.482870102
9262201000 401801.232139587
9269009000 403411.747514725
9275794000 403887.452030182
9282626000 404625.271512985
9289446000 405290.638792038
9296266000 404951.598409653
9303084000 405596.814785004
9309908000 406271.628967285
9316729000 407925.030817032
9323553000 409591.021278381
9330386000 411303.585765839
9337217000 413000.396656036
9344033000 414607.826980591
9350853000 416233.507879257
9357665000 417809.480155945
9364482000 420409.364984512
9371303000 422027.491344452
9378119000 422612.905342102
9384939000 425216.556997299
9391763000 427838.438550949
9398571000 428365.36737442
9405395000 430978.433614731
9412213000 431553.142313004
9419026000 434095.161911011
9425847000 435678.032173157
9432662000 436222.560403824
9439481000 437785.306905746
9446296000 439321.030153275
9453119000 440897.580812454
9459941000 441464.067001343
9466767000 444048.752077103
9473598000 445657.279911041
9480427000 447250.083879471
9487243000 448765.01411438
9494061000 450286.841251373
9500882000 448821.21046257
9507706000 447368.115930557
9514550000 445023.56366539
9521376000 443572.924755096
9528205000 442134.809804916
9535029000 438664.046491623
9541868000 437273.547836304
9548692000 435793.949157715
9555515000 434304.293781281
9562340000 431821.513317108
9569166000 430339.961305618
9575984000 428808.858421326
9582801000 426267.709178925
9589605000 423648.827819824
9596429000 422138.359376907
9603261000 419668.592885971
9610069000 418059.074382782
9616860000 417349.316732407
9623690000 415855.047952652
9630522000 412367.632104874
9637352000 410864.520841599
9644175000 408317.540693283
9650999000 405771.783834457
9657846000 404351.200185776
9664663000 401757.168092728
9671453000 400006.64434433
9678249000 397285.545080185
9692274000 395268.410394669
9699079000 391584.574607849
9705895000 390958.27637291
9712718000 388366.978477478
9719554000 385844.437303543
9726387000 384300.584728241
9733201000 382645.394046783
9740020000 381013.935398102
9746871000 377558.094064713
9753699000 375968.42783165
9760523000 373351.845815659
9767346000 372725.227170944
9774172000 371111.066444397
9780993000 368464.377775192
9787800000 367734.57412529
9794589000 364899.197717667
9801334000 362812.148313522
9808080000 360726.407600403
9814855000 359799.313987732
9821672000 359103.854078293
9828474000 356319.720317841
9835280000 355553.671573639
9842099000 353856.250545502
9848911000 355115.11067009
9855731000 357414.496856689
9862549000 357698.245830536
9869357000 358921.448419571
9876182000 362235.688100815
9882993000 362466.933917999
9889808000 363716.232477188
9896642000 366067.749221802
9903461000 367330.676713943
9910219000 369246.972204208
9917031000 371461.85908699
9923844000 372677.957611084
9930643000 374811.14099884
9937430000 376872.651670456
9944227000 377985.867603302
9951046000 380218.046167374
9957875000 380501.875799179
9964692000 383714.024972916
9971510000 384927.374814987
9978295000 385951.393968582
9985106000 387116.732847214
9991936000 388384.123504639
9998756000 390591.0748806
10005575000 391788.017374039
10012384000 392924.5477314
10019210000 393151.883472443
10026021000 395290.814525604
10032847000 395509.329135895
10039665000 395678.644390106
10046498000 395927.514755249
10053307000 398037.639877319
10060129000 398216.120248795
10066950000 398384.594966888
10073733000 398336.059766769
10080551000 397478.958791733
10087368000 400611.859270096
10094174000 399678.834877014
10100994000 398819.711439133
10107813000 398950.588811874
10114619000 398004.378257751
10121368000 399735.134025574
10135240000 399273.964969635
10141986000 399974.767562866
10148782000 399950.640356064
10155604000 400067.398639679
10162414000 400112.710361481
10169232000 400198.313056946
10176053000 400296.265882492
10182880000 400423.31628418
10189692000 399462.19335556
10196514000 400552.504394531
10203339000 400655.152637482
10210162000 399742.223085403
10216982000 400808.138427734
10223810000 401914.290454865
10230629000 402965.805412292
10237456000 403057.548000336
10244277000 405111.402263641
10251105000 406199.893266678
10257936000 407300.698190689
10264771000 406419.387870789
10271595000 407472.314332962
10278420000 406526.403329849
10285248000 407592.802366257
10292067000 408604.616733551
10298889000 408628.745018005
10305691000 409537.007415771
10312515000 409563.472414017
10319318000 410468.523275375
10326135000 410447.180274963
10332977000 410560.688455582
10339778000 410441.408906937
10346603000 410451.399997711
10353423000 411429.135667801
10360245000 412413.598903656
10367075000 411438.1876297
10373896000 411408.258886337
10380717000 411373.921194077
10387539000 411340.739572525
10394320000 411075.00803566
10401145000 411049.723646164
10407969000 412014.462043762
10414798000 411002.59982872
10421616000 407925.138544083
10428410000 404709.804525375
10435152000 401200.949743271
10441946000 396976.900968552
10448789000 394020.880102158
10455611000 389943.691717148
10462438000 386889.882736206
10469263000 383820.542480469
10476081000 379707.891647339
10482909000 376646.395637512
10489732000 373552.704908371
10503758000 368462.620849609
10510580000 365349.896448135
10517398000 363210.550918579
10524214000 360055.696165085
10531032000 355907.541776657
10537841000 353705.025268555
10544711000 350836.673582077
10551528000 348669.726703644
10558351000 346531.669088364
10565188000 345466.874635696
10572012000 343325.532440186
10578838000 341190.871210098
10585666000 339062.887065887
10592488000 337897.211288452
10599317000 335765.939973831
10606148000 333641.337982178
10612976000 331495.683111191
10619801000 331328.981184006
10626630000 328180.034612656
10633458000 327021.127019882
10640288000 324868.883571625
10647123000 322739.921670914
10653947000 320545.595115662
10660777000 319380.090532303
10667626000 317315.396589279
10674459000 316157.65203476
10681296000 314017.631759644
10688135000 310884.254909515
10694972000 308735.37402153
10701803000 307548.851997375
10708638000 305380.046478271
10715468000 304179.144134521
10722278000 302863.155097961
10729113000 301681.087804794
10735937000 299433.741321564
10742773000 297248.358381271
10749611000 296069.608507156
10756434000 293803.476648331
10763266000 291582.698055267
10770098000 290357.496274948
10776946000 288216.321332932
10783778000 286982.262830734
10790612000 285754.834804535
10797455000 283572.716648102
10804270000 283231.446077347
10811104000 280990.747207642
10817942000 279767.719526291
10824784000 278562.355262756
10831622000 276330.463077545
10838465000 274121.751419067
10845284000 273776.082759857
10852116000 271497.780771255
10858915000 269032.883842468
10865754000 267784.394821167
10872578000 265448.687612534
10879411000 263158.233318329
10886236000 261819.212398529
10893059000 258464.743110657
10899888000 257138.961137772
10906712000 253781.180721283
10913534000 251407.957113266
10920362000 249063.41047287
10927188000 246703.418048859
10934013000 245333.496969223
10940840000 242970.186952591
10947660000 239563.876590729
10954491000 237213.78288269
10961309000 233787.628782272
10968131000 232379.109643936
10974957000 230988.217708588
10981793000 228647.997491837
10988636000 225341.90537262
10995465000 221954.271970749
11002292000 220551.205728531
11009112000 218105.179904938
11015929000 214638.229986191
11022742000 212144.856954575
11029566000 207707.631364822
11036387000 205249.482322693
11043211000 200803.433012009
11050041000 197385.98434639
11056871000 191964.115087509
11063701000 190537.825235367
11070524000 188068.612657547
11077346000 186589.488880157
11084171000 186122.451898575
11090986000 184596.017133713
11097821000 183175.135557175
11104658000 181760.821054459
11111481000 180265.126964569
11118307000 178781.508672714
11125137000 177315.455478668
11131970000 175861.465139389
11138797000 175370.087314606
11145624000 174874.292776108
11152447000 173352.111358643
11159282000 171891.421140671
11166106000 170365.900138855
11172885000 169588.889175415
11179659000 166780.073574066
11186472000 166180.993024826
11193244000 163352.478235245
11199975000 163294.608135223
11206784000 160660.461582184
11213517000 159604.928499222
11220267000 157638.363462448
11227030000 156738.791952133
11241004000 152383.554718018
11247767000 150470.693223953
11254580000 148827.640724182
11261404000 146240.493999481
11268225000 143632.489732742
11275043000 142003.633743286
11281861000 140370.372680664
11288677000 137721.747278214
11295486000 136030.366481781
11302311000 134422.245685577
11309129000 131771.366910934
11315956000 129165.376489639
11322771000 126489.25254631
11329594000 124852.533447266
11336401000 121123.80106926
11343231000 119516.590480804
11350040000 117790.009155273
11356862000 115130.18560791
11370871000 111794.53689003
11377694000 109126.717844009
11384532000 107536.545499802
11391368000 105931.002399445
11398183000 102206.176599503
11404990000 100433.200723648
11411793000 97633.9621143341
11418623000 94977.9554176331
11425455000 92328.4614696503
11432269000 89576.1559009552
11439091000 85863.1734600067
11445920000 83184.0338954926
11452706000 80265.5193214417
11459504000 79408.2022609711
11466325000 75672.1503047943
11473147000 72937.1515522003
11479961000 71154.0505123138
11486780000 68393.8538627625
11493622000 65754.8357257843
11500452000 63045.866689682
11507284000 61343.3948917389
11514109000 58598.2920265198
11520935000 54854.2326602936
11527768000 53143.9567050934
11534603000 50440.168926239
11541439000 47737.4097576141
11548267000 44986.5819683075
11555135000 41449.5115222931
11561972000 37738.9054489136
11568807000 35012.9635448456
11575643000 32288.0470104218
11582465000 30482.3770313263
11589283000 27650.492225647
11596094000 23776.0488471985
11602919000 20973.5073947906
11609759000 17248.2899112701
11616587000 14453.2561855316
11623427000 11719.1793842316
11630251000 7893.51283073425
11637075000 4063.43344688416
11643903000 1250.72510910034
11657940000 -4313.53096008301
11664765000 -7156.07181358337
11671592000 -8992.14009666443
11678418000 -12838.0677928925
11685246000 -15677.526802063
11692078000 -19499.6381969452
11698902000 -23369.6988353729
11712932000 -30045.189994812
11719756000 -32928.7361507416
11726583000 -35800.38073349
11733404000 -38709.0669555664
11740240000 -42540.6095085144
11747060000 -45463.5595226288
11753874000 -47423.5304889679
11760699000 -49328.117433548
11767507000 -53329.5008544922
11774333000 -55237.4714412689
11781163000 -58128.1255950928
11787988000 -59050.3619194031
11794805000 -63020.4657268524
11801636000 -65918.9389896393
11808470000 -68805.5430164337
11815293000 -70756.2998218536
11822130000 -73635.4610271454
11828927000 -75736.1892776489
11835744000 -77732.7396774292
11842558000 -80749.9752941132
11849388000 -82684.7868442535
11856212000 -84656.574092865
11863030000 -86665.3253974915
11869847000 -90683.9063358307
11876667000 -92690.6193180084
11883492000 -94674.6236305237
11890311000 -97695.5777797699
11897126000 -99742.6261920929
11903930000 -102853.710414886
11910749000 -104887.871385574
11917569000 -102921.018688202
11924390000 -103953.154258728
11931213000 -102978.861293793
11938035000 -102014.397960663
11944857000 -103054.344877243
11951672000 -101136.619663239
11958486000 -100228.711811066
11965304000 -100303.541810989
11972110000 -99447.7552947998
11978911000 -100623.429475784
11985726000 -99727.6966953278
11992544000 -98820.1263160706
11999367000 -97889.8995857239
12006186000 -97985.7309474945
12013006000 -98080.5576820374
12019808000 -96277.1783237457
12026632000 -96359.1699371338
12040646000 -94556.920665741
12047463000 -94690.2415390015
12054284000 -94806.3378677368
12061107000 -93916.0302810669
12067929000 -94035.5400180817
12074750000 -95164.8651428223
12081567000 -94320.2171993256
12088387000 -94463.7614898682
12095211000 -94590.1006259918
12102027000 -94764.0730438232
12108844000 -93937.046043396
12115675000 -94038.8051261902
12122493000 -94215.1941146851
12129312000 -94390.5882072449
12136138000 -94532.5933933258
12142960000 -94700.6087055206
12149782000 -93873.0342636108
12156602000 -93060.6648368835
12163422000 -93252.7030677795
12170246000 -93427.5645885468
12177061000 -93655.3979530334
12183890000 -92812.1053180695
12190713000 -93005.5968952179
12197541000 -92176.5324840546
12211563000 -90558.1146507263
12218378000 -89812.6309661865
12225183000 -90125.4573326111
12231998000 -89388.7695865631
12238816000 -88640.3142547607
12245643000 -87847.763469696
12252457000 -87129.6773071289
12259286000 -86335.1762218475
12266105000 -85598.9645175934
12272923000 -83872.545539856
12279748000 -84112.8316268921
12286564000 -83405.9974575043
12293381000 -82698.1813564301
12300203000 -81967.850151062
12314278000 -81200.5766868591
12321105000 -80456.8458614349
12327929000 -78733.675195694
12334784000 -78848.1218204498
12341601000 -78171.4558372498
12348434000 -78413.1263217926
12355257000 -77713.0068798065
12362079000 -78022.6768875122
12368912000 -77277.607208252
12375734000 -77596.1048183441
12382555000 -76924.3886413574
12389379000 -76240.9554386139
12396211000 -76518.9376316071
12403036000 -75838.9612312317
12409854000 -76201.0126533508
12416733000 -75239.7321910858
12423554000 -74594.516910553
12430399000 -75824.7960128784
12437226000 -75156.1893939972
12444052000 -74497.3696308136
12450878000 -73842.9652862549
12457698000 -74225.1894683838
12464527000 -74563.5074634552
12471351000 -73933.0825462341
12478173000 -74317.8042831421
12484996000 -73701.5699996948
12491844000 -73955.6068134308
12498658000 -74396.4965019226
12505483000 -73782.7785282135
12512304000 -74194.9293861389
12519126000 -74606.1261672974
12525949000 -74016.370803833
12532816000 -74195.1106033325
12539632000 -73651.7343788147
12546463000 -74032.3540248871
12553290000 -74438.834733963
12560122000 -74822.9364242554
12566955000 -74206.1027965546
12573776000 -73657.9878673553
12580616000 -75012.4949951172
12587436000 -74478.5668087006
12594267000 -73890.1312599182
12601100000 -74295.4070739746
12607935000 -75694.3981342316
12614761000 -74146.0019760132
12621592000 -73575.2546272278
12628402000 -73121.3353385925
12635232000 -72564.7702045441
12642061000 -72017.9770450592
12648890000 -72475.6031837463
12655713000 -70969.7491455078
12662533000 -71484.354970932
12669353000 -72003.3684539795
12676180000 -71489.3525562286
12683017000 -71926.2783622742
12689845000 -71415.7555027008
12696666000 -71947.0740947723
12703490000 -72466.764957428
12710316000 -71980.1788234711
12717193000 -71225.4506397247
12724024000 -71721.0102577209
12730856000 -71215.6487979889
12737686000 -71725.395160675
12744546000 -72079.3119850159
12751385000 -71549.8497581482
12758199000 -71158.3291435242
12765016000 -71755.1892471313
12771843000 -71303.0622997284
12778666000 -69876.7058086395
12785489000 -70454.7608547211
12792321000 -69989.193151474
12799152000 -69533.3851280212
12805987000 -70060.6556034088
12812831000 -68544.3363571167
12819663000 -69096.470451355
12826486000 -68701.032869339
12833318000 -69262.0075054169
12840147000 -68843.4031524658
12846973000 -68445.2139911652
12853799000 -72051.4402446747
12860629000 -75640.7592411041
12867460000 -80229.168806076
12874293000 -82811.3415126801
12881129000 -86381.9525184631
12887952000 -90026.2569198608
12894790000 -93595.0613670349
12901620000 -96210.9110450745
12908443000 -99868.4642829895
12915277000 -103471.848655701
12922102000 -107127.582391739
12928927000 -109787.73025322
12935741000 -113510.851297379
12942573000 -117142.559959412
12949398000 -119815.94760704
12956227000 -124472.462934494
12963065000 -128085.508901596
12969902000 -130708.306137085
12976741000 -133324.893699646
12983583000 -142929.956460953
12990403000 -146656.459512711
12997258000 -150201.249898911
13004083000 -153910.005512238
13010911000 -157607.225961685
13017733000 -160340.75910759
13024561000 -164046.811687469
13031391000 -166746.653297424
13038212000 -169498.740066528
1.3045e+10 -169430.571258545
13051816000 -168218.017356873
13058637000 -167983.306417465
13065449000 -165800.805763245
13072265000 -163601.459980011
13079051000 -163565.815767288
13085876000 -163327.471664429
13092702000 -162088.233007431
13099517000 -162911.798109055
13106332000 -161739.764408112
13113152000 -162545.598207474
13119977000 -163329.309202194
13126783000 -163218.237810135
13133579000 -164164.604030609
13140406000 -162950.918039322
13147234000 -163736.345249176
13154071000 -162478.464704514
13160898000 -163278.035964966
13167717000 -163124.436481476
13174537000 -162969.94244194
13181371000 -162745.652204514
13188181000 -161652.978820801
13195015000 -161437.524589539
13201847000 -163237.092798233
13208675000 -163062.274940491
13215503000 -162891.875087738
13222340000 -162678.225704193
13229168000 -163516.667684555
13235997000 -163354.232572556
13242821000 -163222.68901825
13249640000 -163122.027317047
13256462000 -163009.89250946
13263325000 -162685.175014496
13270150000 -163566.011611938
13276982000 -163414.223833084
13283814000 -163266.859235764
13290638000 -164166.237178802
13297458000 -163091.185049057
13304261000 -163110.447263718
13311020000 -163366.76660347
13317822000 -162400.05921936
13324647000 -162316.142194748
13331458000 -163310.644010544
13338312000 -163082.2694664
13345133000 -163032.743537903
13351937000 -163077.456439972
13358735000 -162158.257143021
13365563000 -162084.952470779
13372363000 -162163.966686249
13379124000 -162453.342540741
13385878000 -161784.016384125
13392654000 -164002.847406387
13399482000 -168951.48976326
13406270000 -173115.708553314
13413097000 -176078.43935585
13419917000 -181082.53055191
13426736000 -186096.306432724
13433484000 -188489.111682892
13440276000 -188654.09936142
13447099000 -188659.93063736
13453918000 -188691.271240234
13460742000 -188700.649204254
13467558000 -187756.625234604
13474373000 -186822.276264191
13481181000 -187929.231533051
13487973000 -187124.918478012
13494796000 -186161.589136124
13501608000 -186260.640533447
13508428000 -185321.934997559
13515252000 -185366.562580109
13522072000 -184436.674947739
13528897000 -184484.858263016
13535714000 -183579.589267731
13542537000 -183647.127756119
13549354000 -182750.670200348
13556187000 -182774.380317688
13563015000 -182828.835458755
13569828000 -182966.660543442
13576641000 -183108.884243011
13583452000 -182266.030902863
13590266000 -182411.789016724
13597073000 -181598.773204803
13603901000 -180679.683319092
13610707000 -181880.722387314
13617510000 -181101.927867889
13624330000 -181238.127973557
13631153000 -181362.962781906
13637980000 -182471.181106567
13644806000 -183589.072500229
13651608000 -181837.516410828
13658417000 -183053.559265137
13665246000 -184168.907125473
13672047000 -183435.779998779
13678855000 -185670.264083862
13685671000 -185867.120439529
13692498000 -186010.609054565
13699326000 -186153.263189316
13706147000 -185337.089143753
13712959000 -186572.573144913
13719785000 -186738.964918137
13726607000 -186930.766534805
13733414000 -187205.697809219
13740226000 -187458.783370972
13747047000 -186669.046228409
13753871000 -186867.979969025
13760670000 -186202.46097374
13767458000 -185599.014616013
13774250000 -185978.958288193
13781067000 -186232.187326431
13787890000 -186458.363353729
13794717000 -186667.982307434
13801521000 -186002.572616577
13808341000 -186257.696138382
13815163000 -185506.746891022
13821980000 -186786.405729294
13828803000 -188039.034814835
13835600000 -186432.27063179
13842409000 -186767.032829285
13849224000 -187074.766557693
13856043000 -187365.95611763
13862862000 -187661.552047729
13869680000 -188966.789388657
13876468000 -188433.463920593
13883296000 -187695.154441833
13890091000 -188133.955686569
13896903000 -186488.180353165
13903703000 -187909.584230423
13910532000 -188183.665775299
13917342000 -187561.546705246
13924190000 -186745.086761475
13931006000 -187100.406276703
13937826000 -187439.213918686
13944644000 -186792.885108948
13951464000 -187140.506774902
13958273000 -187550.029281616
13965090000 -186922.137176514
13971909000 -187288.198133469
13978721000 -187695.238460541
13985541000 -188064.883556366
13992354000 -186475.500274658
13999173000 -186859.178941727
14005997000 -188221.15332222
14012792000 -187738.963605881
14019628000 -187047.094820023
14026442000 -188474.498624802
14033263000 -188869.765506744
14040076000 -189311.192546844
14046825000 -189090.986751556
14053644000 -190509.864006042
14060427000 -190120.958583832
14067243000 -190564.274290085
14074068000 -189965.051362991
14080893000 -190370.242559433
14087661000 -190077.068061829
14094472000 -189564.043081284
14101289000 -189024.135530472
14108104000 -189499.056671143
14114923000 -190957.531774521
14121749000 -189383.935112
14128580000 -189788.701293945
14135390000 -189307.296592712
14142127000 -189210.560203552
14148868000 -189097.290477753
14155704000 -188493.571792603
14162519000 -188003.634708405
14176516000 -188126.36614418
14183345000 -187576.99511528
14190158000 -188115.318237305
14196981000 -187605.999645233
14203807000 -188085.482433319
14210631000 -187579.786117554
14217459000 -187057.694263458
14224277000 -186592.03486824
14231096000 -185125.579746246
14237907000 -185705.132221222
14244737000 -185190.290081024
14251559000 -185721.459417343
14258390000 -185210.255075455
14265218000 -185719.065317154
14272044000 -186242.687404633
14278857000 -185838.27645874
14285682000 -186375.916599274
14292496000 -185975.11564827
14299307000 -185594.297611237
14306126000 -186176.326089859
14312940000 -184788.72615242
14319763000 -183358.794542313
14326605000 -184834.631225586
14333428000 -184413.534975052
14340241000 -184048.754823685
14347061000 -183652.044612885
14353893000 -183197.472099304
14360713000 -183809.584962845
14367512000 -183535.05078125
14374322000 -184207.837656021
14381135000 -183869.459526062
14387964000 -184452.505052567
14394780000 -183107.37861824
14401599000 -183751.100749969
14408427000 -182352.573284149
14415258000 -181942.913784027
14422067000 -181651.695604324
14428881000 -181338.960590363
14435703000 -180989.174196243
14442521000 -179664.521102905
14449339000 -179344.273084641
14456155000 -180038.789085388
14462969000 -178748.065227509
14469788000 -178435.850374222
14476609000 -177117.686820984
14483434000 -177783.224668503
14490257000 -177463.529117584
14497078000 -177158.59629631
14503891000 -177899.472013474
14510670000 -176820.672698975
14517483000 -176570.323694229
14524285000 -178381.276475906
14531111000 -178072.476791382
14537930000 -176804.294586182
14544749000 -176540.518743515
14551579000 -176224.27453804
14558403000 -175943.469621658
14565225000 -176677.415809631
14572059000 -175353.750370026
14578879000 -176106.860486984
14585701000 -175854.043872833
14592505000 -174698.635410309
14599313000 -174526.950323105
14606121000 -174359.657400131
14612934000 -173170.93355751
14619757000 -172934.968639374
14633785000 -172504.138225555
14640614000 -172250.682950974
14647372000 -172368.102725983
14654157000 -171350.511207581
14660945000 -172321.802028656
14667723000 -171349.053470612
14674500000 -169385.817230225
14681319000 -169210.291492462
14688127000 -170095.904502869
14694906000 -167135.458211899
14701681000 -165199.991563797
14708503000 -165026.5632267
14715321000 -164878.16478157
14722142000 -162718.708610535
14728915000 -161811.035268784
14735698000 -160856.179218292
14742485000 -159885.073776245
14749290000 -158825.602935791
14756102000 -157734.463048935
14762923000 -156601.366863251
14769738000 -156503.578163147
14776544000 -156456.532659531
14783362000 -156352.095148087
14790153000 -156391.053861618
14796959000 -156357.175165176
14803768000 -155312.246458054
14810518000 -154575.318647385
14817269000 -153837.563228607
14824018000 -153114.415956497
14830748000 -151493.320550919
14837492000 -150804.510532379
14844234000 -150130.295877457
14850978000 -150450.104524612
14857788000 -150434.889724731
14864581000 -148511.462720871
14871352000 -148705.491312027
14878154000 -147744.540458679
14884963000 -147752.002166748
14891771000 -145768.995515823
14898595000 -145708.180294037
14905414000 -144677.462392807
14912236000 -144635.742103577
14919054000 -143618.97448349
14925863000 -143652.826581955
14932684000 -142629.460350037
14939493000 -141672.107095718
14946297000 -140744.812419891
14953120000 -139724.389539719
14959920000 -137826.408050537
14966721000 -136927.677318573
14973498000 -137156.460426331
14980290000 -135312.648721695
14987084000 -135462.950241089
14993904000 -133484.284492493
15000704000 -133612.583766937
15007495000 -131791.409912109
15014282000 -130995.112640381
15021111000 -130987.891111374
15027912000 -131128.596984863
15034729000 -130191.691663742
15041476000 -129617.870271683
15048282000 -128746.084255219
15055070000 -127970.896717072
15061886000 -128056.657535553
15068702000 -128146.82084465
15075462000 -125528.150444031
15082272000 -126657.803398132
15089092000 -125740.65615654
15095900000 -125889.342744827
15102717000 -124996.357671738
15109539000 -125082.188604355
15116357000 -124192.897415161
15123174000 -122313.127563477
15129983000 -121478.686439514
15136808000 -120566.799209595
15143648000 -120582.611244202
15150463000 -119730.698734283
15157281000 -119867.848327637
15164099000 -119009.402996063
15170916000 -117160.474477768
15177733000 -117315.949739456
15184527000 -115593.369096756
15191339000 -114783.186084747
15198161000 -114926.30881691
15204935000 -114319.050428391
15211728000 -113619.090862274
15218550000 -112775.394550323
15225375000 -111920.788742065
15232193000 -112106.338588715
15239014000 -112280.977645874
15245830000 -110485.548856735
15252639000 -110730.250520706
15259448000 -109979.34563446
15266263000 -109202.217977524
15273079000 -108424.38945961
15279899000 -107630.557783127
15286708000 -106897.242193222
15293518000 -106163.219932556
15300333000 -105408.095035553
15307147000 -104662.47016716
15313965000 -102900.852470398
15320783000 -101143.639848709
15327606000 -101365.347846985
15334428000 -99596.5636234283
15341220000 -97985.0576267242
15347974000 -97571.5316104889
15354751000 -95045.1590023041
15361525000 -93538.4196777344
15368343000 -92811.9353256226
15375166000 -91064.39412117
15381981000 -90361.9983596802
15388801000 -89638.5483341217
15395625000 -88899.1441860199
15402425000 -87286.3080596924
15409209000 -90759.2802944183
15415998000 -92211.1712017059
15422806000 -93570.7602558136
15429638000 -97812.6481170654
15436378000 -98526.9244194031
15443133000 -101169.216424942
15449957000 -103464.946790695
15456804000 -104648.143064499
15463631000 -106937.461961746
15470459000 -108226.114215851
15477285000 -110529.349889755
15484104000 -112872.575401306
15490921000 -114230.370109558
15497747000 -116546.841686249
15504565000 -117908.369649887
15511364000 -118370.812742233
15518102000 -119147.445383072
15524862000 -121816.659946442
15531663000 -121282.025169373
15538473000 -121706.081348419
15545300000 -120048.235809326
15552125000 -117404.958209991
15558948000 -114776.244674683
15565722000 -112400.584545135
15572459000 -110216.999202728
15579274000 -107642.017324448
15586027000 -107385.925390244
15592812000 -105971.858598709
15599637000 -102359.309770584
15606450000 -101812.020662308
15613229000 -100441.504140854
15620053000 -97847.2293510437
15626880000 -98242.1618003845
15633710000 -96626.3073101044
15640535000 -96040.2095947266
15647352000 -95499.0587291718
15654173000 -94942.0478630066
15660983000 -93445.1642341614
15667799000 -92922.2874298096
15674623000 -91363.3010578156
15681437000 -88859.361120224
15688268000 -87273.7549476624
15695087000 -85753.3154621124
15701872000 -85409.3707141876
15708682000 -84943.2689971924
15715493000 -87476.5018920898
15722264000 -90216.5104141235
15729053000 -94869.8042011261
15735870000 -97385.8359603882
15742689000 -100896.156391144
15749471000 -103597.988924026
15756263000 -107253.617429733
15763089000 -109741.726238251
15769915000 -112234.250463486
15776741000 -114731.190105438
15783559000 -114272.974630356
15790386000 -113773.68689537
15797209000 -111299.025432587
15804034000 -110818.672019958
15810848000 -109398.294797897
15817674000 -108921.71206665
15824494000 -107479.843580246
15831315000 -107037.333591461
15838074000 -105912.240449905
15844879000 -104559.274234772
15851686000 -104200.601858139
15858496000 -103831.180606842
15865314000 -102425.786607742
15872125000 -101060.114715576
15878947000 -99643.3477630615
15885756000 -100296.563034058
15892579000 -99883.5648136139
15899402000 -98474.9781322479
15906217000 -97111.139465332
15913032000 -93751.7019939423
15919849000 -92386.584186554
15926676000 -90975.4689445496
15933498000 -88593.9677848816
15940272000 -85458.740732193
15947084000 -84136.4108982086
15953901000 -81793.2906837463
15960730000 -80394.1315135956
15967477000 -77412.3642082214
15974310000 -76001.8481426239
15981125000 -74686.3858451843
15987935000 -72400.4963226318
15994713000 -70280.0790557861
16001489000 -70174.0813903809
16008270000 -68047.2727451324
16015079000 -65783.9326324463
16021913000 -62399.2085361481
16028733000 -61089.3365020752
16035564000 -57728.5442943573
16042341000 -56643.7484951019
16049125000 -53528.1053256989
16055941000 -51255.9314670563
16062763000 -48957.9967441559
16069583000 -46674.5254230499
16076424000 -44289.9172000885
16083264000 -42914.7691040039
16090092000 -39604.3501701355
16104087000 -35293.8590908051
16110891000 -34117.4574394226
16117714000 -31850.0244369507
16124500000 -29772.7937679291
16131288000 -27689.8854598999
16138103000 -25475.8011951447
16144919000 -22261.098690033
16151737000 -20040.761089325
16158555000 -17824.8285617828
16165377000 -16593.2311019897
16172189000 -15416.2124385834
16179005000 -14223.526260376
16185826000 -13010.1647529602
16192695000 -11560.4962978363
16199507000 -9401.11211776733
16206326000 -8211.02991485596
16213147000 -7015.32813072205
16219969000 -4819.02296829224
16226773000 -2717.33833122253
16233550000 -1755.33876228333
16240356000 -652.389928817749
16247174000 -493.713670730591
16253992000 1660.55751228333
16260764000 2580.03447341919
16267553000 4580.29853057861
16274380000 4766.46749687195
16281191000 6868.11534500122
16288009000 3000.40832328796
16294817000 4078.24388122559
16301619000 5121.65973854065
16308411000 7110.65170860291
16315232000 7240.3678894043
16322051000 9355.66980934143
16328866000 10446.5573310852
16335682000 11538.0450153351
16342501000 13640.1323623657
16349323000 15752.8135490417
16356134000 16806.0908317566
16362950000 17879.9659729004
16369770000 18969.4311542511
16376538000 20794.6192836761
16383317000 21670.4320487976
16390146000 23791.7001724243
16396973000 23898.5578899384
16403790000 24951.0498161316
16410607000 25999.137960434
16417430000 27072.7840194702
16424259000 29171.976354599
16431074000 28196.856880188
16437861000 29077.5692157745
16444596000 29694.3824157715
16451323000 30266.9739112854
16458070000 30935.0724506378
16464810000 31563.9333057404
16471548000 32178.5123252869
16478288000 32798.7647361755
16485021000 35379.801815033
16491764000 35006.4086933136
16498503000 34608.7631473541
16505243000 35211.7993125916
16511981000 35800.5613079071
16518752000 36549.4935150146
16525486000 37109.6963253021
16532226000 37695.4983596802
16538969000 37291.9418334961
16545708000 38864.1507740021
16552451000 38451.9794158936
16559195000 39040.4795455933
16565960000 40729.2400798798
16572748000 41528.1784248352
16579582000 42551.749961853
16586393000 43456.4108524323
16593220000 43436.3070392609
16600048000 42416.7628231049
16606853000 44278.3603229523
16613683000 45259.9450187683
16620511000 44227.1603736877
16627313000 45060.6408653259
16634131000 46969.3062362671
16640950000 46878.5389671326
16647775000 46813.196056366
16654597000 47728.5256004333
16661415000 46619.5629196167
16668226000 46471.4062213898
16675044000 47353.6379165649
16681852000 49181.7789592743
16688666000 48035.3353176117
16695489000 47929.1971664429
16702290000 50709.3818264008
16709119000 48624.2306747437
16715940000 50494.9375991821
16722720000 52157.6835479736
16729523000 51930.2463531494
16736346000 53797.6913509369
16743158000 53606.1345806122
16749972000 54420.1046905518
16756792000 53259.4436378479
16763611000 57089.4141159058
16770438000 56954.659538269
16777257000 56775.8121128082
16784071000 58567.7639636993
16790886000 58360.2741355896
16797713000 60207.8740615845
16804485000 61778.4258728027
16811286000 60488.3643798828
16818113000 62322.7665748596
16824925000 63078.427066803
16831745000 61869.3250675201
16838554000 63601.3246192932
16845377000 63398.2735977173
16852162000 64002.6191806793
16858947000 64602.6022262573
16865764000 63356.658952713
16872575000 65076.6089916229
16879403000 64876.3102493286
16886228000 65656.7459316254
16893052000 65427.8189468384
16899874000 67184.5833339691
16906690000 66907.2539672852
16913505000 65620.575504303
16920304000 66250.3604660034
16927079000 66757.0772209167
16933871000 68343.5038032532
16940665000 67935.4469051361
16947484000 66646.6005802155
16954309000 69383.0043239594
16961131000 69100.1676635742
16967948000 67788.2135295868
16974767000 68481.7372131348
16981591000 68195.5553016663
16988411000 69885.2025299072
16995235000 67590.1975440979
17002050000 68246.3357944489
17008862000 67883.260137558
17015682000 69555.2825469971
17022497000 70198.2159099579
17029316000 68856.4906005859
17036135000 69510.3589267731
17042950000 68140.0835285187
17049770000 69790.0753993988
17056582000 71396.1952323914
17063392000 70988.052936554
17077409000 73116.2280044556
17084197000 72586.1758270264
17090991000 74081.3359794617
17097740000 72350.3104763031
17104565000 74989.5349349976
17111397000 72658.8402481079
17118215000 74254.7414836884
17125035000 71856.0907688141
17131853000 75443.1805648804
17138668000 74011.0894813538
17145485000 74584.4464435577
17152340000 73340.510684967
17159084000 74545.6323814392
17165876000 75982.733373642
17172702000 73582.8123664856
17179526000 75168.6331501007
17186330000 74651.6260719299
17193091000 74918.6672763824
17199916000 75496.2227058411
17206743000 76079.2016448975
17213571000 75662.6820468903
17220396000 76226.9918708801
17227217000 74767.2200603485
17234002000 75126.0549030304
17240785000 75470.6960277557
17247614000 74037.0647563934
17254388000 75328.7276611328
17261204000 72822.4158496857
17268032000 72370.6576747894
17274858000 71904.6567687988
17281716000 71591.4153213501
17288546000 73136.2071418762
17295367000 73632.384601593
17302187000 73119.2433357239
17309011000 74621.3309135437
17315831000 74099.3717460632
17322648000 74558.2814102173
17329467000 75022.6016731262
17336294000 75521.7679023743
17343114000 72982.176158905
17349934000 74438.1767539978
17356755000 72894.6742973328
17363610000 73513.4973373413
17370437000 73990.5748329163
17377259000 71438.7223243713
17384077000 72862.8515167236
17390913000 70370.8002281189
17397738000 72820.4126777649
17404561000 71255.8108558655
17411345000 70495.7198295593
17418138000 72775.356628418
17424948000 72133.8889961243
17431769000 72541.8990592957
17438596000 70974.8812522888
17445412000 70349.5885276794
17452224000 67700.3110961914
17458975000 69748.0466575623
17465741000 70864.8774185181
17472507000 71977.3700485229
17479274000 72090.4175338745
17486017000 74081.7091522217
17492797000 73249.6854362488
17499608000 73564.9286804199
17506432000 74939.3513374329
17513253000 75294.6918525696
17520042000 77489.1713371277
17526863000 79835.7146339417
17533691000 77212.0638237
17540434000 79168.583656311
17547192000 80194.0931510925
17553996000 83440.0267753601
17560815000 81754.8523826599
17567583000 82816.1559410095
17574371000 85970.7984275818
17581167000 85160.1412124634
17587980000 85428.1130638123
17594795000 87701.4503898621
17601617000 89004.556312561
17608407000 86147.0678710938
17615211000 85353.5320167542
17622047000 80711.7520141602
17628874000 81021.6343078613
17635687000 77258.805519104
17642491000 78447.6803970337
17649305000 79680.9370689392
17656108000 81856.155254364
17662924000 81090.3703994751
17669752000 84378.6823539734
17676573000 84628.4562454224
17683383000 85820.2110328674
17690209000 89085.5391464233
17697029000 90317.2177009583
17703846000 88529.873462677
17710673000 92786.8360900879
17717502000 93049.1228370667
17724331000 95306.9902877808
17731155000 94536.0928230286
17737977000 95751.0455741882
17744797000 96951.8524208069
17751623000 98177.4547080994
17758446000 98384.0419769287
17765268000 99581.3518066406
17772095000 101798.577617645
17778914000 101972.469944
17785742000 103185.731452942
17792566000 106375.121746063
17799387000 104545.511238098
17806206000 106701.767757416
17813038000 105916.815643311
17819853000 108044.808158875
17826673000 107192.699832916
17833486000 107302.167873383
17840313000 107475.26020813
17847139000 108639.077701569
17853957000 111759.61989212
17860782000 111909.754882812
17867606000 111050.619564056
17874426000 112167.649223328
17881251000 114304.545726776
17888060000 114359.360046387
17894875000 114438.902568817
17901715000 115635.367931366
17908532000 117715.796535492
17915343000 115762.711353302
17922164000 117853.740364075
17928987000 119950.0611763
17935807000 119027.421264648
17942624000 121085.826438904
17949437000 121120.434085846
17956250000 123150.643112183
17963039000 123060.121974945
17969826000 124955.540149689
17976607000 124817.518035889
17983363000 125554.007976532
17990164000 123504.178733826
17996953000 125391.839138031
