38000 -477717.227298696
6893000 -476405.574920052
13712000 -475441.988840001
20535000 -475445.35939759
27357000 -476463.320468903
34126000 -476991.131051242
40962000 -475885.851653889
47796000 -476804.702637061
54633000 -476700.069408946
61459000 -476705.256616466
68289000 -475677.431639373
75129000 -474559.484620541
81971000 -474427.590293095
88781000 -475605.375603423
95585000 -472845.312565699
102327000 -472680.330505386
109082000 -469396.585083872
115835000 -469136.83544907
129717000 -465055.005059764
136477000 -463743.82621029
143224000 -462561.280777723
149977000 -462326.618736595
156728000 -460115.94064334
163476000 -459938.752272755
170225000 -457757.009223521
176974000 -455580.222412288
183728000 -453360.851943821
190476000 -452203.488524973
197225000 -450041.573365271
203977000 -448856.097116768
210727000 -444694.591595203
217479000 -445519.035167724
224229000 -442367.446528852
230984000 -442173.30141151
237735000 -439022.12975651
244488000 -437856.914542407
251240000 -435706.162075609
257991000 -433569.870152175
264740000 -430457.535731941
271500000 -430245.67483288
278255000 -429086.274805665
285009000 -424941.336791039
291763000 -423801.362360775
298512000 -421713.828958631
305266000 -421583.778022707
312017000 -419487.172729135
318769000 -416386.033326745
325521000 -416289.854569495
332273000 -414198.636457503
339027000 -413093.396829426
345773000 -411069.043554068
352529000 -409954.745992601
359286000 -407835.926079512
366040000 -405750.538584352
372801000 -405603.702832222
379633000 -402788.287672639
386497000 -402674.402061582
393327000 -400888.138819575
400188000 -398812.934253275
406950000 -397681.736539304
413738000 -397308.957409024
420565000 -396571.385757208
427378000 -392971.626093268
434204000 -391253.667688012
441032000 -391521.819295645
447840000 -390984.628637612
454656000 -389376.653257787
461477000 -388726.344225109
468305000 -388014.758645177
475133000 -388308.246012211
481954000 -386673.135022938
488781000 -385986.237868845
495606000 -385323.360261619
502438000 -382599.238044918
509271000 -382870.722164452
516101000 -381175.702101588
522941000 -380391.047266185
529773000 -378687.245822906
536606000 -376979.053690374
543443000 -375238.066585064
550280000 -373502.165809035
557110000 -373837.622814059
563937000 -372206.555561185
570773000 -370495.366989374
577601000 -369864.984223485
584426000 -369268.067539334
591249000 -367695.146617055
598069000 -365155.679895997
604891000 -363602.349938154
611719000 -363997.31556201
618541000 -362454.118128777
625365000 -359897.064883113
632238000 -358881.578892827
639042000 -357523.864730239
645862000 -356019.864805937
652694000 -355407.442539573
659519000 -353866.292615056
666341000 -353358.577575564
673152000 -351959.928528905
679970000 -350500.149322391
686788000 -350045.428214431
693608000 -347576.860208631
700426000 -345132.256781697
707247000 -342664.358410716
714083000 -344059.768524408
720915000 -340498.061586142
727753000 -340884.740841508
734620000 -338002.514835596
741444000 -336531.653395057
755485000 -332892.937380075
762317000 -334362.008589268
769139000 -332930.60148108
775947000 -331636.467940331
782767000 -330234.064103484
789585000 -328855.605442762
796416000 -327359.467821836
803253000 -326811.764199257
810082000 -324344.665498376
816907000 -325920.39755702
823739000 -323435.12973392
830558000 -321077.629548311
837394000 -321564.762434602
844224000 -320113.596817017
851058000 -317629.765654325
857881000 -316254.797209382
864710000 -315828.291000366
871534000 -313454.024912119
878367000 -312999.934275627
885206000 -310494.334115505
892036000 -310078.701419234
898864000 -308687.004970074
905687000 -307347.528574467
912511000 -307003.689019918
919339000 -304627.204725027
926163000 -304293.502150655
932980000 -302030.851741433
939803000 -299716.70368886
946635000 -298322.796457767
953466000 -298943.392341733
960289000 -296644.453470469
967120000 -294275.198219776
973945000 -292967.552339077
980769000 -292674.396200418
987590000 -290414.568595171
1001261000 -287636.949350715
1008089000 -287326.402965307
1014913000 -285058.599672437
1021743000 -282739.362622142
1028565000 -281500.529896498
1035386000 -281276.176514983
1042205000 -279075.71481812
1049021000 -275908.554178953
1062658000 -270542.336587071
1069476000 -268371.521851659
1076295000 -266196.354357123
1083115000 -264016.836329699
1089943000 -259767.104385376
1096766000 -257569.488537073
1103589000 -256376.938208818
1110400000 -252302.339151382
1117217000 -251176.349381208
1124032000 -248074.227552176
1130852000 -244930.134764194
1137672000 -242791.103043079
1144492000 -239657.132388353
1151310000 -236547.028190374
1158147000 -235263.344999313
1164970000 -232116.365048885
1171787000 -231030.853418589
1178600000 -227987.997304678
1185414000 -223940.792889357
1192217000 -221002.021316528
1199050000 -218786.360547781
1205874000 -216660.350975275
1212700000 -214520.616377354
1219545000 -213207.441598415
1226364000 -209143.622759819
1233185000 -207066.075931072
1240007000 -204984.198609114
1246829000 -201907.385323048
1253660000 -199751.112042904
1260470000 -196797.123307467
1267676000 -195129.719137192
1274505000 -193007.719778776
1288540000 -186239.749999046
1295362000 -184198.963218927
1302175000 -182247.716984034
1308989000 -180292.135893583
1315804000 -177332.222172022
1322621000 -175358.593989849
1329436000 -173408.789048195
1336255000 -170426.507470131
1343458000 -169846.671146393
1350262000 -166015.509346008
1357079000 -164067.440917015
1363894000 -160143.188230038
1370704000 -159270.883303165
1377520000 -155347.356124163
1384330000 -153485.148114204
1391142000 -150609.233142614
1397948000 -148794.622517586
1404761000 -145919.426381588
1411579000 -143002.409052372
1425197000 -140352.260748386
1432009000 -137506.637270689
1438822000 -134656.69158268
1445634000 -132821.167246342
1452445000 -129000.062038183
1459257000 -128174.635360718
1466070000 -125344.889437675
1472923000 -123145.486109495
1479739000 -122297.770328999
1486552000 -117483.208331108
1493370000 -116626.869638205
1500179000 -112859.871648312
1506994000 -111041.734453678
1513801000 -109303.55692029
1520615000 -105504.883600473
1534628000 -100318.705848217
1541442000 -98535.4744784832
1548255000 -95766.6547772884
1555064000 -94040.3208065033
1561873000 -91319.0315895081
1568674000 -88677.6453723907
1575485000 -85947.7266552448
1582300000 -82185.4324603081
1589109000 -80484.322258234
1595935000 -76629.2334396839
1602749000 -74891.4574713707
1609554000 -72242.9091608524
1616370000 -70496.5266673565
1623184000 -68773.9020047188
1629995000 -66084.381333828
1636804000 -62418.6081161499
1643619000 -60701.7848918438
1650435000 -57980.6669309139
1657256000 -56217.8658876419
1664075000 -52478.8211960793
1670893000 -49754.1822457314
1677701000 -46128.0555672646
1684515000 -44450.9041006565
1691334000 -42732.0851252079
1698190000 -40672.6276848316
1705002000 -38029.3524558544
1711817000 -35363.1013095379
1718648000 -33552.4483988285
1725466000 -32868.2957518101
1732281000 -30217.2196397781
1739091000 -28617.8908650875
1745892000 -28107.6503026485
1752706000 -26481.0583028793
1759516000 -24896.8645296097
1766326000 -23317.7169919014
1773138000 -20724.9456233978
1779953000 -21109.2205786705
1786768000 -19498.5491826534
1793580000 -19920.9298613071
1800393000 -17339.0276722908
1807207000 -16752.8448398113
1814013000 -14246.3588540554
1820824000 -12698.2639536858
1827638000 -12127.2294614315
1834449000 -10589.2322199345
1841260000 -8056.28269600868
1848092000 -6332.51643943787
1854910000 -5744.39496254921
1861733000 -6114.70461726189
1868549000 -3555.35234975815
1875360000 -3047.67476463318
1882177000 -489.105883359909
1888990000 -972.883325576782
1895802000 1528.9668636322
1902615000 3035.08879756927
1909438000 3629.36207771301
1916259000 5199.93091773987
1923078000 5746.79977083206
1929891000 9232.70118236542
1936714000 8806.72426080704
1943526000 12273.2004010677
1950347000 13818.4691040516
1957168000 16358.6752564907
1963982000 17828.6189892292
1970796000 19293.5105564594
1977627000 21911.6672785282
1984448000 22431.6261963844
1991263000 24890.6547720432
1998074000 25307.3874692917
2012078000 29681.7686216831
2018895000 31138.9248158932
2025713000 32600.3319454193
2032534000 33084.6014010906
2039349000 35507.9719085693
2046161000 35898.3727920055
2052975000 36302.3336434364
2059792000 38729.1538565159
2073808000 42121.1174890995
2087814000 42398.6974411011
2094625000 43743.8749785423
2101461000 44316.487534523
2108278000 46707.3425085545
2115095000 47093.1408674717
2128723000 47793.7896924019
2135529000 51062.1710512638
2142394000 50873.9086837769
2149173000 50881.2246248722
2155984000 53180.9282360077
2170014000 52556.2756581306
2176832000 54905.5714931488
2183650000 56249.8092293739
2190471000 55616.8577361107
2204474000 57688.7779741287
2211291000 57003.2214651108
2218110000 58331.1815719604
2224925000 59616.9386019707
2231742000 59916.2122483253
2238548000 62108.3009796143
2245365000 61397.4695544243
2252182000 63681.5815153122
2258991000 63886.3795275688
2265796000 64049.007080555
2272604000 65234.4378628731
2279423000 66516.9047627449
2286242000 66794.3120799065
2293066000 68113.0521130562
2299876000 68296.8370943069
2306688000 67494.1297950745
2313500000 70686.3732953072
2320318000 69929.2205619812
2327125000 71064.9874491692
2333932000 70195.7125463486
2347563000 73599.6703858376
2354381000 72817.2471895218
2361194000 74983.4106650352
2368013000 75200.1452851295
2374838000 75467.4376945496
2381651000 75618.4357786179
2388464000 75764.3831796646
2395273000 76868.2105464935
2402090000 76041.1259336472
2416107000 77920.3170790672
2422927000 79105.5715126991
2429737000 80193.1290049553
2436555000 80349.7430343628
2443377000 80538.347381115
2450191000 83647.7967972755
2457006000 83761.4546685219
2463822000 83879.3187713623
2477830000 86581.0307383537
2484649000 85711.2234225273
2491463000 86790.0721673965
2498277000 87863.8687472343
2505096000 88978.890103817
2511917000 89107.3611702919
2518721000 89073.453306675
2525536000 91136.2929062843
2532356000 90240.3409690857
2539174000 91320.8246045113
2545989000 94368.4973263741
2552802000 93392.6160063744
2559626000 95513.4280114174
2566441000 95545.9345974922
2573265000 96656.6192755699
2580096000 96826.9675412178
2586911000 97844.2946438789
2593781000 100365.083863735
2607336000 99681.0688176155
2614149000 101659.709114075
2620965000 101661.027069092
2627780000 101648.047853947
2634598000 101657.738881588
2641416000 101662.371810436
2648286000 103142.416775703
2655072000 103841.244775772
2661879000 103729.06696558
2668691000 104658.035301685
2675517000 105711.270270824
2682325000 105593.185416698
2689132000 106460.821927547
2695947000 105397.293622494
2702756000 105273.308387756
2709573000 106218.143513203
2716389000 108148.689626217
2723211000 108129.570538521
2730027000 108050.00193882
2736839000 110928.457520485
2743650000 111792.634471893
2750462000 113660.992394447
2757288000 113653.492383957
2764098000 114493.287117958
2770911000 116355.715010643
2791357000 119977.264273643
2798174000 120856.378239632
2804987000 121693.544564724
2811802000 121544.104237556
2818608000 123306.618795872
2825421000 122128.636779308
2832237000 122973.263455391
2839049000 124775.958800316
2845869000 124647.351413727
2852681000 124439.942428112
2859495000 126245.917893887
2866314000 127092.921613216
2873125000 127861.143014431
2879939000 129651.960501194
2886755000 129456.153541565
2893569000 129236.865214825
2900385000 129030.949475765
2907197000 130783.132065296
2914012000 132557.898135662
2920835000 132401.291769981
2927647000 134138.316382408
2934467000 132943.961140633
2941287000 134744.544831753
2948093000 136411.166875839
2954917000 136238.464594841
2961727000 137931.815496922
2968539000 138638.53008461
2975353000 138358.603910446
2982174000 138138.049910545
2988987000 139838.811479568
2995798000 141516.118378162
3002612000 140215.981317997
3016260000 143784.546079159
3023072000 143450.839641094
3029888000 144148.877143383
3036704000 143841.859514713
3043517000 144502.196348667
3050336000 143212.658861637
3057150000 143872.085201263
3063958000 145471.291910648
3070769000 146093.036858559
3077582000 146728.120279789
3084391000 145321.383601665
3091204000 146946.36862278
3098021000 146603.066447258
3112034000 148384.062393665
3118844000 147960.989008427
3125649000 148486.930063248
3132459000 148053.767911434
3139272000 148643.118673325
3146082000 151199.861827374
3152907000 151889.332243919
3159716000 151426.787653923
3166536000 153060.215893745
3173358000 152706.948414326
3180167000 153229.251781464
3186981000 153792.416353703
3193796000 154359.709209919
3200613000 154940.307835102
3207429000 155506.67087841
3214240000 156022.087664604
3221058000 154596.699120522
3227863000 157046.954827309
3234694000 155730.747735977
3241507000 157244.308605194
3248318000 156734.46975708
3255121000 156146.192978382
3261932000 158626.264624119
3268737000 158046.254781246
3275548000 159516.23543787
3282742000 157493.58187294
3289553000 158953.18324852
3296365000 158416.906195641
3303177000 159875.579942226
3310002000 161448.385968685
3316826000 161006.956441402
3323635000 161422.965091705
3330451000 161898.08805418
3337265000 161349.826206207
3344080000 161805.676291466
3350891000 161219.819303989
3357707000 162674.727672577
3364530000 162188.714017391
3371340000 162578.540146828
3378153000 162990.801210403
3384972000 163452.969480038
3391790000 164900.919261456
3398604000 163307.178287506
3405421000 165735.85741663
3412232000 165104.539842606
3419059000 165614.669585705
3425886000 165119.727867126
3432701000 165509.861243248
3439560000 166297.704229355
3446359000 165531.250202656
3453168000 166851.288507938
3459984000 167230.342462063
3466792000 167531.13532877
3473593000 167762.834892273
3480411000 167145.039035797
3494460000 168672.296576023
3501276000 166020.726044178
3508084000 168290.930370331
3514899000 167620.109998703
3521711000 166916.801671982
3528518000 169162.724004745
3535327000 169421.891121864
3542164000 168932.004748344
3548981000 169254.196031094
3555800000 169589.612819195
3562617000 170901.689388275
3569437000 169236.128071308
3576257000 170565.505687237
3583073000 169853.269868374
3589885000 171099.429515839
3596698000 171349.676571846
3603523000 171704.503358364
3610349000 171063.39677906
3617164000 172316.74202013
3623967000 173455.42991066
3630783000 173707.809654236
3637602000 172982.530743599
3651612000 175913.397708416
3658431000 174172.664032936
3665240000 174335.579264641
3672053000 174529.963384628
3678866000 174719.296821594
3685682000 174930.96035862
3692498000 176137.568763733
3699309000 177293.49481678
3706117000 177416.99904108
3712943000 178699.691308022
3719759000 177886.081411362
3726571000 178030.926473141
3733377000 179115.991910934
3740216000 178497.009878159
3747038000 178717.894289017
3753849000 180833.400062084
3760658000 180925.620580196
3767478000 182113.094646454
3774284000 182167.86564827
3781100000 183308.761793137
3787919000 182471.950214863
3794727000 183529.813379765
3801549000 183710.233757973
3808369000 183867.362945557
3815184000 185973.866888523
3821999000 186075.317183018
3828815000 186180.825181484
3835668000 186618.370585918
3842486000 186731.96061039
3849297000 186776.728670597
3856107000 186807.340630531
3862928000 185933.090411186
3876944000 187575.097236156
3883757000 187612.538788319
3890568000 187626.720392227
3897377000 188617.646493435
3904191000 188649.043597221
3.911e+09 188629.876486301
3917815000 188660.274635315
3924639000 189767.52747488
3931467000 188906.114042282
3938282000 189921.334932327
3945098000 189940.60087347
3951911000 189927.517808437
3958716000 190836.606318951
3965528000 191804.331342697
3972336000 192730.624222279
3979157000 190770.10875988
3985978000 190804.530745983
3992790000 191752.048592091
3999606000 192730.888314247
4006426000 193741.041012287
4013243000 193718.858789444
4020059000 193682.529408455
4026872000 193613.875490665
4033687000 192558.349010944
4040490000 195388.709049225
4054506000 193759.916649342
4061323000 193702.070343971
4068140000 194639.167424202
4074959000 194589.377028465
4081773000 195489.10791111
4088585000 195365.620454788
4095398000 196246.166143894
4102213000 196139.82435894
4109029000 197037.509788036
4115836000 198848.418994427
4122656000 197772.31835413
4129475000 199682.078010082
4136290000 199550.466500282
4143108000 200441.032804966
4149919000 201263.006122112
4156739000 201161.612765312
4163536000 201846.434947968
4170356000 203734.936525345
4177209000 203917.800735474
4184024000 205750.792181969
4190838000 204569.65802002
4197653000 205392.542911053
4204466000 205192.233198643
4211279000 205986.872804165
4218085000 207712.978758335
4224894000 207461.249168396
4231707000 207240.744880676
4238570000 208468.528388977
4245359000 208020.301024914
4252173000 207793.690701485
4258990000 207589.221847534
4265804000 208352.50496912
4272621000 209137.92511034
4279434000 209882.039356232
4286247000 211621.102919579
4293066000 211409.480824471
4299881000 211156.558765888
4306712000 212043.532708645
4313531000 211816.725930691
4320363000 212702.611848831
4327175000 213402.276382923
4333995000 213169.342788696
4340811000 212895.125561714
4347637000 213706.402199745
4354460000 214485.446393013
4361290000 214322.798963547
4374913000 213647.35496521
4381725000 215306.585873604
4388542000 216006.019823074
4395359000 215700.397158623
4402172000 216353.522019386
4408994000 216083.03020668
4415814000 217789.379398346
4422634000 216490.66752243
4429459000 218232.124563217
4436280000 216932.332097054
4443091000 218537.031960487
4449905000 220163.815420151
4456720000 218794.589743614
4463538000 220447.437281609
4470348000 221022.894351959
4477169000 219692.754042625
4484033000 220746.273767471
4490826000 220152.875564575
4497639000 221735.227855682
4504452000 220312.529463768
4511262000 220857.66910553
4518084000 220506.198750496
4524899000 221086.415085793
4531720000 220715.786987305
4538535000 221285.891575813
4545350000 221850.942517281
4552161000 221374.809231758
4558983000 221992.979161263
4565792000 221488.679965019
4572605000 222015.457696915
4579416000 221519.125389099
4586227000 222017.745362282
4593040000 224529.37401104
4599862000 224117.19907093
4606674000 225609.692969322
4613492000 225151.293498039
4620309000 225678.810698509
4627120000 224147.12435627
4633938000 224673.556522369
4640757000 225203.953596115
4647571000 226684.179773331
4654391000 227213.482912064
4661204000 226674.579529762
4668019000 227148.665541649
4674829000 228572.601420403
4681644000 229036.583843231
4688453000 228441.405733109
4695273000 227940.370671272
4702090000 228407.225552559
4708909000 228887.05499649
4715741000 229479.017855644
4722549000 229849.563344955
4729368000 230314.212557793
4736193000 229827.877908707
4743009000 230255.367869377
4749828000 228704.836108208
4763455000 229489.487656593
4770267000 228860.722925186
4777079000 230226.908995628
4783895000 228624.075583458
4790696000 229881.08671093
4804369000 229019.37983799
4811178000 228333.27539444
4817989000 226660.133636475
4824809000 227062.970962524
4831627000 228442.742752075
4838441000 228781.450465202
4845261000 228169.110528946
4852082000 229560.709536552
4858902000 227938.246725082
4865717000 227265.73021698
4872543000 226687.135684967
4879360000 227022.497806549
4886224000 226775.629294395
4893032000 227019.883339882
4899848000 228331.052618027
4906663000 227628.172693253
4913480000 226938.225777626
4934297000 228128.782063484
4941116000 227436.317847252
4947927000 226666.877403259
4954741000 227919.355761528
4961562000 226229.698637962
4968379000 227499.029541969
4975197000 227772.290444374
4989212000 225708.994371414
4996022000 224894.925031662
5002840000 225147.678303719
5009648000 224305.544834137
5016461000 225503.278711319
5023286000 224803.73848629
5030104000 223036.265300751
5036920000 223245.77422142
5043735000 222441.248853683
5050547000 221604.734594345
5057365000 220817.037174225
5064174000 219943.489271164
5070982000 220055.920424461
5084622000 219481.04591465
5091443000 216694.991023064
5098256000 217832.087798119
5105068000 216955.161407471
5111887000 215135.988001823
5118705000 215302.784015656
5125524000 216473.492185593
5132345000 213657.079803467
5139151000 214701.073277473
5145963000 214793.834639549
5152779000 214917.415964127
5159980000 213488.055495262
5166800000 213637.1040802
5173623000 212807.986667633
5180432000 212848.303800583
5187276000 212197.300045013
5194094000 212308.166900635
5200908000 211378.127443314
5207725000 210469.919756889
5214537000 210511.852602959
5221350000 209557.6960783
5228166000 208625.366135597
5234977000 208643.189329147
5241794000 207709.710435867
5248628000 207923.441587448
5255440000 206935.056254387
5262260000 205013.264750481
5269072000 206014.77508831
5275885000 204020.190121651
5282695000 202993.695010185
5289508000 201989.010903358
5296319000 200961.372768402
5303121000 201848.128535271
5309960000 201061.006934166
5316784000 200134.554362297
5323598000 201113.547753334
5330395000 199935.373603821
5337214000 198949.011381149
5344017000 198814.445879936
5350833000 196791.13914299
5357646000 196735.942277908
5364454000 196630.973443031
5371273000 195619.340018272
5378098000 195656.303654671
5384909000 195563.01035881
5391721000 195473.610635757
5398533000 194379.161711693
5405352000 192342.242247581
5412172000 193309.202266693
5425792000 190049.187448502
5432607000 189956.294898987
5439426000 188894.093104362
5446238000 186764.284214973
5453054000 186665.164596558
5459868000 184543.122095108
5466685000 185442.826830864
5473495000 183274.94820118
5480309000 183137.749944687
5487120000 182968.706791878
5493939000 180866.057273865
5500754000 178722.630465508
5507583000 180699.151597023
5514395000 179518.823283195
5521214000 177395.9361763
5528029000 176232.283651352
5534844000 176063.577478409
5541663000 174925.517560959
5548474000 173711.00418663
5555285000 173491.443095207
5562106000 170356.061804771
5568922000 169171.007916451
5575734000 167945.213822365
5582548000 166732.211584091
5589361000 165505.237394333
5596180000 164326.726786613
5602994000 163098.565086365
5609803000 161820.763413429
5616623000 161636.002007484
5623434000 160365.93483448
5630247000 160108.650618553
5637063000 159873.059506416
5643870000 158552.188574791
5650679000 158244.102080345
5657495000 156993.357440948
5664304000 155675.176253319
5671120000 156414.326539993
5677940000 154184.062287331
5684762000 152966.55577755
5691596000 151850.889178276
5698411000 151560.890253067
5705225000 151256.930501938
5712048000 150028.07651329
5718861000 148705.100064278
5725672000 148359.263023376
5732486000 148035.090903282
5739318000 145866.129074097
5746121000 146433.909269333
5752928000 144032.261550903
5759738000 143652.275781631
5766560000 142374.049840927
5773378000 141055.160813332
5780192000 141695.617604256
5787006000 140331.022229195
5793824000 136996.964842796
5800641000 134648.952559471
5807454000 134260.299444199
5814282000 133000.025335312
5821095000 131601.259735107
5827915000 131259.700253487
5834717000 129753.004133224
5841542000 127445.797605515
5848357000 128044.606552124
5855169000 126611.689261436
5861983000 125191.503014565
5868799000 123784.043362617
5875615000 122371.528577805
5882447000 122096.164993286
5889267000 121709.076690674
5896076000 119219.17679882
5902893000 118795.317517281
5909707000 115339.746835709
5916522000 115888.008174896
5923339000 117448.982756615
5930157000 117013.783426285
5936972000 119546.880113602
5943818000 120350.24092865
5950639000 120926.490180969
5957452000 121426.639019012
5964258000 123859.584227562
5971067000 124314.123882294
5977871000 126719.231227875
5984683000 128190.315391541
5998341000 128419.095845222
6005154000 129883.881750107
6011969000 133361.364575386
6018785000 132842.666811943
6025601000 134318.913916588
6032415000 136772.362737656
6039235000 139273.984400749
6046042000 139655.233789444
6052851000 141049.180091858
6059662000 142455.818863869
6066483000 144946.08862114
6073299000 145386.960187912
6080114000 145813.910237312
6086922000 148173.747122765
6093735000 149572.865257263
6100550000 151984.661035538
6107369000 152426.85684967
6114180000 153793.091647148
6120994000 156180.864542007
6127810000 157581.307664871
6134610000 159834.928365707
6141420000 161172.1147995
6155042000 163849.065428734
6161865000 165286.259066582
6168682000 166665.24669075
6175494000 168994.897662163
6182308000 171337.209965706
6189119000 173647.906529427
6195944000 173077.508343697
6202755000 176378.099095345
6209572000 177726.755930901
6216386000 180043.801476479
6223198000 181338.093222618
6230013000 182653.885995865
6244030000 184694.707790375
6250850000 188039.291683197
6257673000 189405.355708122
6264489000 190704.429944992
6271301000 191963.066719055
6278110000 193190.119766235
6284930000 194509.413167953
6291722000 197576.031435966
6298530000 198779.112047195
6305342000 199012.516903877
6312156000 201258.554836273
6318972000 202517.221395493
6325805000 203921.106930733
6332614000 205107.77823925
6339424000 205298.242965698
6346234000 207483.661456108
6353049000 208708.217152596
6359862000 210910.047307968
6366680000 212151.00280571
6373490000 213316.224497795
6380357000 214979.921977997
6387151000 215993.68133831
6393970000 217223.224064827
6400787000 218430.044221878
6407601000 218605.315507889
6414410000 219731.38457489
6421227000 220923.043046951
6428045000 223118.473430634
6434867000 224344.156858444
6441693000 224600.084423065
6448518000 226842.115711212
6455327000 226937.869578362
6462131000 228984.454600334
6468945000 231114.243052483
6475758000 232230.156003952
6482568000 231314.550487518
6489381000 233420.364296913
6496187000 235459.379635811
6503019000 236722.684311867
6509842000 238901.533455849
6516663000 239057.679308891
6523488000 241244.035181999
6530311000 241407.687765121
6537127000 244504.558222771
6543928000 244464.134786606
6550741000 244524.460576057
6557555000 246588.550117493
6564372000 246674.028575897
6571193000 247789.702226639
6578010000 248865.064487457
6584842000 250067.542140961
6591654000 251088.72642231
6598476000 254192.961336136
6605293000 254248.086010933
6612130000 254474.324034691
6618946000 256510.512888908
6632569000 259488.468748093
6639383000 260491.887820244
6646194000 261463.840354919
6659811000 263348.585726738
6666651000 262560.673233986
6673469000 265574.029873848
6680285000 265564.726251602
6687103000 265567.968176842
6693923000 266583.751197815
6700747000 267629.668572426
6707564000 268608.932153702
6714389000 268653.518086433
6721205000 270613.865875244
6728026000 270613.137965202
6734837000 271519.396059036
6741643000 271376.634411812
6748449000 273228.832455635
6755264000 275155.126497269
6762085000 274129.119976044
6768900000 276045.302271843
6775718000 276982.803009987
6782527000 277836.136050224
6796150000 278571.610239983
6802968000 281488.89490509
6809783000 280374.760501862
6816605000 282317.076189041
6823415000 282148.901763916
6830228000 284002.035401344
6837033000 284779.846158028
6843847000 285631.667645454
6850665000 286513.567133904
6857483000 286390.408525467
6864303000 286279.753933907
6871128000 287207.939853668
6877940000 288016.922828674
6884757000 287864.750767708
6891575000 289716.300181389
6898386000 289501.350054741
6905199000 291298.905426025
6918821000 291843.763618469
6925640000 292678.816212654
6932455000 295473.714655876
6939267000 295237.240748405
6946086000 297057.122756004
6952893000 297766.688168526
6959710000 296558.918561935
6966514000 299232.083179474
6973327000 298979.133208275
6980141000 297729.901006699
6986947000 298405.474941254
6993762000 299154.911312103
7000572000 298855.462884903
7007376000 299498.375284195
7014188000 300206.368329048
7021028000 302154.704341888
7027839000 301843.814969063
7034649000 302519.115357399
7041466000 303250.701974869
7048284000 302985.993017197
7055096000 304663.664177895
7061911000 305362.564806938
7068728000 306073.929416656
7075549000 305815.26970005
7082363000 307490.246120453
7089175000 308142.657197952
7095991000 307825.042467117
7102803000 309467.352178574
7109618000 309130.875785828
7116427000 310736.82400322
7123238000 309355.233232498
7130057000 311038.611875534
7136877000 309725.682332993
7143688000 311328.935811043
7150502000 309953.391319275
7157310000 311520.299612045
7164119000 311090.913066864
7177776000 312558.136793137
7184592000 312174.810542107
7191397000 313690.229037285
7198208000 313253.077055931
7205021000 314828.365326881
7211836000 314416.089399338
7218646000 313955.047318459
7225454000 314471.47548008
7232272000 315070.270563126
7239086000 316629.046439171
7245905000 315226.467828751
7252717000 315757.658078194
7259528000 315275.061075211
7266340000 314796.153665543
7273153000 315320.933628082
7279964000 313823.191248894
7286787000 314425.222202301
7293597000 314908.641147614
7300417000 313474.349902153
7307236000 314026.264727592
7314042000 314459.602403641
7320854000 312940.288052559
7327675000 312494.500247002
7334485000 311947.621029854
7341298000 313421.88304615
7348111000 313891.094379425
7354928000 313390.165719986
7361738000 312823.091928482
7368608000 313774.543131828
7375419000 313206.057851791
7382244000 312754.670666695
7389058000 313202.251452446
7395897000 311862.860470772
7402717000 311352.653225899
7409539000 312854.828375816
7416356000 310308.334550858
7423177000 310791.665094376
7429958000 310921.152841568
7436791000 308499.013157845
7443619000 309028.202986717
7450446000 308543.602590561
7457273000 310053.930732727
7464047000 309097.250214577
7470876000 307614.904918671
7477664000 307770.198266983
7484463000 308016.327291489
7491285000 307457.821608543
7498106000 306885.539797783
7504925000 306290.772734642
7511739000 305647.393042564
7518558000 303042.510522842
7525376000 303423.859296799
7532199000 303843.691889763
7539007000 303127.84433651
7545816000 301415.660411835
7552638000 298811.611815453
7559505000 297594.242841721
7566328000 297988.737440109
7573154000 296404.278301239
7579987000 295875.671472549
7586804000 293202.745211601
7593617000 292489.955533981
7600430000 290772.115174294
7607250000 291110.125652313
7614072000 288460.474015236
7620890000 288770.963411331
7627708000 288076.394709587
7634521000 286333.281661987
7641305000 284332.919145584
7654888000 280447.596297264
7661710000 279762.582518578
7668530000 281055.11760807
7675360000 279429.519695282
7682191000 275807.53792572
7695730000 274479.400496483
7702525000 273529.443403244
7709349000 269826.446444511
7716176000 269144.447573662
7723009000 268509.502970695
7729835000 265808.66984272
7736665000 265137.511281013
7743492000 266435.220623016
7750324000 263771.281749725
7757149000 264041.476642609
7763971000 264280.553554535
7770721000 263889.431785583
7777493000 263684.349575043
7784320000 262951.729693413
7791146000 261205.358142853
7797981000 259532.031790733
7804799000 260706.083835602
7811621000 260909.789700508
7818452000 259186.526656151
7825272000 257362.74478054
7832102000 257620.659351349
7838918000 254752.047886848
7845687000 253470.690609932
7852432000 250976.182783127
7859234000 250971.074274063
7866027000 249882.882849693
7872810000 247702.957147598
7879590000 245492.013394356
7886360000 245189.369307518
7893167000 244202.495088577
7899963000 242115.227052689
7906741000 239866.916203499
7913525000 238665.607777596
7920299000 237372.630043983
7927098000 234291.294668198
7933887000 234118.282599449
7940658000 231784.304493904
7947450000 232627.264997482
7967778000 226710.301664352
7974549000 225351.354021072
7981334000 224108.650959969
7988125000 222912.891289711
7994924000 221781.377776146
8001721000 219627.519727707
8008531000 219581.169892311
8015337000 217495.150570869
8022137000 217352.160506248
8028932000 218160.867350578
8035732000 217007.818132401
8042502000 217590.151833534
8049293000 216349.192904472
8056059000 214886.931354523
8062835000 215506.195013046
8069639000 213362.660051346
8076416000 214980.560285568
8083199000 214645.353645325
8089978000 213270.549942017
8096768000 212985.862318039
8103558000 212696.158056259
8110312000 212090.200008392
8117085000 209643.528479576
8123867000 209269.661435127
8130688000 209227.876832962
8137473000 207869.898927689
8144285000 206740.239912987
8151052000 205216.68476963
8157879000 205206.56525898
8164692000 205070.420441628
8171513000 203998.335495949
8178330000 198886.635692596
8185146000 198761.241938591
8191961000 197622.156458855
8198778000 195495.289034843
8205593000 196346.0947752
8212376000 193915.547000885
8219145000 193359.122033119
8225964000 191229.356245995
8232787000 189129.059484482
8239546000 189471.286791801
8246303000 186791.28180027
8253057000 186080.41897583
8259810000 183355.963356018
8266629000 182196.024827957
8273454000 180082.793078423
8280275000 179929.984903336
8287101000 178815.245387077
8293924000 179669.559396744
8300730000 178372.187005043
8307487000 178647.197286606
8314291000 178322.533998489
8321109000 178113.548951149
8327929000 177916.749402046
8334713000 176404.53066349
8341478000 176723.517996788
8348241000 176020.28638649
8355065000 176837.827788353
8361902000 175762.337526321
8368729000 175595.587343216
8375555000 175415.149084091
8382375000 174177.945601463
8389207000 176039.062637329
8396039000 175895.100780487
8409732000 174841.714477539
8416558000 176630.821455002
8423378000 177363.189979553
8430178000 176918.283993721
8436931000 178063.679593086
8443784000 177065.032901764
8450597000 177716.938076019
8457394000 177226.069190025
8464193000 177747.387261391
8470966000 178039.913311005
8477735000 176293.025816917
8484489000 177412.081223488
8491277000 175818.709959984
8498084000 175383.787435532
8504861000 175685.746760368
8511655000 173128.939383507
8518459000 173653.120134354
8525269000 172223.865497589
8532084000 170832.562550545
8538897000 169419.008268356
8545692000 169845.637448311
8552481000 169215.658407211
8559274000 168615.050710678
8566079000 168112.57257843
8572886000 168622.245907784
8579647000 167731.534729004
8586453000 168222.564879417
8593248000 167614.032504082
8600054000 168094.990181923
8606861000 165579.498999596
8613670000 166076.14744091
8620483000 164602.110993385
8627304000 163191.737657547
8634114000 161681.828466415
8640923000 160158.285297394
8647723000 159552.414362907
8654498000 156726.855415344
8661304000 156162.453271866
8668100000 154507.162977219
8674914000 152001.359972
8681720000 151421.838380814
8688523000 149811.528795242
8695340000 148316.328842163
8702145000 146713.099319458
8708945000 144061.929267883
8715769000 144611.638168335
8722583000 142070.491506577
8729385000 142421.355291367
8736192000 141810.071569443
8743023000 139399.585262299
8749842000 138881.110874176
8756675000 139477.628969193
8763492000 137931.876216888
8770305000 136346.772197723
8777125000 135816.627950668
8783940000 135238.561737061
8790760000 134698.299064636
8797568000 133050.126970291
8804383000 132456.901294708
8811199000 131867.191184998
8817980000 129972.529346466
8824799000 130398.43813324
8831612000 128767.885383606
8838434000 128209.378210068
8852002000 125426.249235153
8858792000 126578.557296753
8865581000 122717.285423279
8872355000 122722.560007095
8879155000 121945.448913574
8885979000 122368.772274017
8892792000 119692.864944458
8899599000 118960.549362183
8906406000 118223.191989899
8913232000 115643.396966934
8920038000 114887.384569168
8926856000 112229.011421204
8933671000 109539.912511826
8940540000 109307.737682343
8947355000 108608.49143219
8954139000 107639.028112411
8960931000 106732.980388641
8967751000 105061.374135971
8974539000 102111.060768127
8981314000 102044.574577332
8988131000 100332.192380905
8994974000 98837.0332527161
9001795000 98148.7124404907
9008615000 95446.7813453674
9015414000 94560.3023509979
9022217000 91702.9784259796
9029019000 91832.0731163025
9035836000 91084.3050003052
9042650000 89305.8481807709
9056280000 88750.8631362915
9070314000 84626.2442035675
9077129000 81830.7643260956
9083950000 77081.4680175781
9090771000 73327.1091556549
9097585000 72507.9213848114
9104395000 69649.5322055817
9111212000 69845.8527755737
9118019000 68951.7584533691
9124792000 65762.4292888641
9131589000 65772.933052063
9145526000 63705.6285800934
9152332000 61777.586561203
9159165000 59074.8507575989
9166001000 57392.6263999939
9172839000 57722.3769264221
9179679000 55064.0978755951
9186519000 53400.7280311584
9193362000 52757.8502845764
9200203000 50092.8235034943
9207036000 50354.495306015
9213879000 47696.340713501
9220714000 46964.8936290741
9227933000 43501.536781311
9234828000 43271.0247020721
9241696000 42805.2356491089
9248532000 42061.6220207214
9255369000 40321.4444351196
9262208000 41593.2207984924
9269015000 42587.2871627808
9275801000 41397.4198951721
9282632000 42585.8482666016
9289452000 41675.5103168488
9296273000 39768.6277332306
9303091000 38831.1355247498
9309915000 36939.6749095917
9316735000 36009.090467453
9323560000 34116.0122776031
9330392000 33277.4546375275
9337224000 30433.818107605
9344040000 29448.9229393005
9350859000 27484.5041179657
9357671000 27455.4574546814
9364489000 25472.4156532288
9371309000 24501.3322887421
9378126000 22499.6652793884
9384945000 21509.9552230835
9391769000 19557.7157936096
9398578000 18472.829864502
9405401000 18501.9630031586
9412220000 15492.0153598785
9419032000 14417.4866142273
9425853000 14414.4296646118
9432669000 12363.8022117615
9439488000 12333.6221733093
9446303000 11264.3821239471
9453125000 11249.583984375
9459948000 9238.22043609619
9466773000 10238.7871246338
9473604000 8285.26814651489
9480434000 6318.17537117004
9487249000 5218.57190513611
9494068000 3147.89443206787
9500889000 2089.1457118988
9507712000 2042.32129478455
9514557000 -822.729639053345
9521382000 -862.717555999756
9528211000 -2873.80918121338
9535036000 -5923.93704605103
9541874000 -6868.76718521118
9548698000 -8937.53065109253
9555521000 -11019.8493480682
9562347000 -14081.7711219788
9569172000 -16157.2496070862
9575990000 -18297.1985530853
9589612000 -21711.0539302826
9596436000 -22815.2641563416
9603268000 -26856.6771583557
9610076000 -29106.7439174652
9616866000 -30514.5218029022
9623696000 -32588.0840301514
9630528000 -34649.762052536
9637358000 -34733.4776039124
9644181000 -35881.6191062927
9651006000 -37017.8704624176
9657852000 -37981.1714191437
9664670000 -40186.9097766876
9671459000 -38643.4988174438
9678256000 -41037.3040714264
9692280000 -41196.4481887817
9699086000 -42529.3990058899
9705902000 -43782.6715259552
9712724000 -43990.1724662781
9719561000 -46075.6818180084
9726394000 -47200.1560211182
9733207000 -48499.0883655548
9740076000 -50328.8552837372
9746878000 -52731.0719184875
9753705000 -53926.6564388275
9760530000 -55144.2442512512
9767353000 -56383.8308982849
9774178000 -56611.5542068481
9780999000 -57878.2007579803
9787806000 -58268.3911266327
9794595000 -60815.9430408478
9801340000 -62740.8149356842
9808087000 -65653.7157115936
9814861000 -67343.1496315002
9821678000 -67673.8281841278
9828480000 -71136.4411754608
9835286000 -71570.2574253082
9842105000 -71899.1724567413
9848918000 -75283.8848590851
9855737000 -74622.914604187
9862556000 -76967.0039291382
9869363000 -79417.6017189026
9876188000 -79721.0813159943
9.883e+09 -82139.5130672455
9889814000 -81546.0903186798
9896648000 -82788.6976165771
9903467000 -85163.1422100067
9910225000 -86058.073474884
9917037000 -89501.7341785431
9923851000 -94933.5477905273
9930649000 -97505.5720386505
9937436000 -99175.5380840302
9944234000 -102757.611129761
9951052000 -108175.808917999
9957882000 -115497.731489182
9964699000 -118934.498077393
9971516000 -122376.321279526
9978301000 -129093.352088928
9985112000 -137595.913656235
9991942000 -146943.148939133
9998762000 -155379.860074997
10005582000 -163821.632276535
10012390000 -169369.727668762
10019216000 -174770.986488342
10026027000 -176303.870676041
10032853000 -180715.258306503
10039671000 -181199.200244904
10046505000 -183553.243488312
10053313000 -183131.654071808
10060135000 -182597.041496277
10066956000 -181075.92552948
10073739000 -179880.281785965
10080557000 -178394.555995941
10094180000 -176547.863653183
10101001000 -176052.015909195
10107825000 -173535.946334839
10114626000 -171218.773626328
10121374000 -167353.246248245
10135246000 -162469.19437027
10141992000 -160635.656198502
10148788000 -158385.886253357
10155611000 -157913.722747803
10162421000 -154556.113172531
10169239000 -152136.178276062
10176060000 -149696.03937149
10182886000 -146218.863222122
10189698000 -144864.626087189
10196521000 -143422.834915161
10203345000 -139977.691532135
10210169000 -139537.615152359
10216989000 -139136.270769119
10223816000 -139681.078912735
10230635000 -141298.276622772
10237463000 -142844.807723999
10244284000 -143455.304719925
10251111000 -144020.38904953
10257943000 -144548.485881805
10264778000 -146056.428459167
10271602000 -145661.967744827
10278427000 -147264.164476395
10285255000 -146846.203237534
10292074000 -146508.987642288
10305698000 -146967.427536011
10312521000 -146611.756885529
10319325000 -145420.84888649
10326141000 -142134.125770569
10332983000 -140633.963447571
10339784000 -137483.413167953
10346609000 -136136.244300842
10353429000 -132836.150934219
10360251000 -128524.317314148
10367082000 -128141.948474884
10373903000 -123848.648780823
10380723000 -121568.810070038
10387546000 -118268.839353561
10394327000 -117326.606046677
10401151000 -113028.338981628
10407975000 -109735.13891983
10414805000 -108396.637519836
10421623000 -105163.939813614
10428417000 -101137.737998962
10435159000 -98552.9690589905
10441953000 -96536.7739048004
10448796000 -93114.4409351349
10455618000 -88873.3991451263
10462444000 -85603.8632278442
10469269000 -81347.7860832214
10476087000 -76155.4938163757
10482915000 -74884.386516571
10489738000 -70660.2850131989
10503764000 -64040.9539680481
10510587000 -62832.3311443329
10524221000 -55530.8758640289
10537847000 -49316.697725296
10544717000 -48739.4909915924
10551534000 -50611.5514984131
10558357000 -51438.393995285
10565194000 -52153.0049667358
10572018000 -52981.6112823486
10578844000 -53798.5308532715
10585672000 -53603.7681350708
10592494000 -53464.3306980133
10599323000 -53271.33477211
10606155000 -54058.2915668488
10612983000 -54883.8198947906
10619807000 -52747.9108390808
10626637000 -56566.8387393951
10633464000 -56415.9553546906
10640294000 -58245.0328636169
10647130000 -59028.969625473
10653953000 -59926.7843456268
10660783000 -59771.0888710022
10667632000 -61461.4922389984
10674466000 -63282.4968452454
10681303000 -65083.4861354828
10688141000 -63881.1967773438
10694979000 -65683.9952335358
10701809000 -65558.7894592285
10708645000 -66388.4830989838
10715474000 -66281.795633316
10722284000 -67339.0466442108
10735943000 -72142.6558570862
10742829000 -72579.7877960205
10749618000 -73832.8330821991
10756440000 -77815.0943183899
10763273000 -78710.4947090149
10770105000 -77619.3315429688
10776952000 -77407.9174842834
10783785000 -77318.5686798096
10790618000 -77234.3002548218
10797462000 -79063.2282524109
10804276000 -77147.8232975006
10811110000 -79070.4384632111
10817948000 -78964.7320613861
10824790000 -79830.7130260468
10831628000 -82735.1852359772
10838472000 -83594.6535148621
10845291000 -84667.9155635834
10852123000 -86637.7243843079
10858922000 -85888.0431976318
10865760000 -86817.9113407135
10872584000 -88869.6960582733
10879417000 -90851.4502601624
10886242000 -92905.0322475433
10893066000 -96972.0254058838
10899894000 -96010.7178077698
10906719000 -99079.5067501068
10913541000 -100178.385549545
10920369000 -102232.29010582
10927195000 -105307.945547104
10934019000 -107405.347419739
10940846000 -110482.803844452
10947667000 -113615.352180481
10954497000 -116677.939071655
10961316000 -122837.289703369
10968138000 -125976.696376801
10974963000 -128096.165763855
10981800000 -133120.707294464
10988642000 -137108.673728943
10995472000 -142201.712421417
11002298000 -145333.150220871
11009118000 -149519.63833046
11015935000 -153736.175449371
11022749000 -158982.754899979
11029573000 -166151.108207703
11036393000 -170357.836875916
11043217000 -178536.321222305
11050048000 -186661.593357086
11056878000 -195800.267759323
11063707000 -202952.342193604
11070531000 -214151.10792923
11077352000 -222379.908561707
11084177000 -230580.484189987
11090992000 -239869.339775085
11097827000 -249996.840917587
11104664000 -260112.786094666
11111488000 -270341.963512421
11118314000 -278559.571586609
11125144000 -288748.979911804
11131977000 -297918.514093399
11138804000 -306143.024318695
11145631000 -316372.606006622
11152453000 -325648.831451416
11159288000 -334822.042617798
11166113000 -344083.466861725
11172891000 -352740.634550095
11179666000 -362427.735658646
11186478000 -369812.333171844
11193251000 -379526.07059288
11199982000 -387593.789552689
11206791000 -397018.371360779
11213523000 -404087.699308395
11220273000 -413012.431098938
11227036000 -421834.138116837
11241010000 -438771.910774231
11247773000 -445608.87793541
11254586000 -454035.654468536
11261414000 -461342.942621231
11268232000 -469738.322332382
11275050000 -475138.760139465
11281867000 -481552.556425095
11288683000 -488979.708959579
11295492000 -495470.008892059
11302317000 -500832.583120346
11309136000 -509250.01030159
11315962000 -513614.420387268
11322777000 -521075.155632019
11329600000 -525474.583049774
11336408000 -533003.492624283
11350047000 -543885.70349884
11356869000 -550313.668880463
11370877000 -558166.972467422
11377701000 -561593.82025528
11384538000 -561917.97536087
11391374000 -564255.50525856
11398189000 -565772.162107468
11404996000 -566360.168439865
11411799000 -566986.361522675
11418629000 -568393.882022858
11425461000 -568789.908939362
11432276000 -569331.842927933
11439098000 -569820.847677231
11445926000 -570265.221302032
11452713000 -571054.221082687
11459510000 -570765.422584534
11466332000 -573274.643390656
11473154000 -573788.928232193
11479968000 -574374.5076828
11486836000 -573518.123096466
11493628000 -574295.948278427
11500459000 -574756.005861282
11514115000 -574741.003885269
11520942000 -575249.386680603
11527775000 -575713.199214935
11534609000 -573173.819250107
11541445000 -573622.976886749
11548273000 -574143.390480042
11555142000 -575329.780590057
11561979000 -575785.941446304
11568814000 -576263.72694397
11575650000 -574738.327383041
11582471000 -574342.027683258
11589289000 -572975.591312408
11596101000 -574663.810153961
11602925000 -573257.892869949
11609766000 -573716.542695999
11616594000 -574287.716220856
11623433000 -572773.06735611
11630257000 -573387.444824219
11637082000 -574998.627571106
11643910000 -573590.095853806
11657946000 -572649.650047302
11664772000 -574273.136926651
11671598000 -570901.693777084
11678425000 -571527.063381195
11685252000 -569157.504442215
11692085000 -569743.482515335
11698908000 -567417.09095192
11705727000 -569128.781936646
11712938000 -565610.162935257
11719762000 -566291.000291824
11726589000 -563952.148691177
11733410000 -561667.876020432
11740247000 -562256.657869339
11747066000 -559999.021690369
11753881000 -558779.441165924
11767514000 -555330.698457718
11774339000 -553043.813180923
11781170000 -554712.520105362
11787994000 -551444.021572113
11794812000 -551230.057422638
11801643000 -550913.98169899
11808477000 -549578.254148483
11815299000 -546346.51647377
11822137000 -546987.977371216
11828933000 -544980.641727448
11835750000 -542805.289279938
11842565000 -543651.472179413
11849395000 -542379.129350662
11856219000 -541161.289730072
11863037000 -539997.939950943
11869854000 -539847.884670258
11876674000 -537678.179035187
11883498000 -535480.594810486
11890318000 -534321.014276505
11897132000 -533215.895389557
11903936000 -531198.155557632
11910756000 -531053.741897583
11917575000 -527922.620510101
11924397000 -527771.867315292
11931219000 -525626.178153992
11938041000 -523485.553028107
11944864000 -525341.763702393
11951678000 -522277.087345123
11958492000 -521217.463153839
11965310000 -519129.987081528
11972116000 -518146.272352219
11978917000 -518208.720584869
11985733000 -519152.844871521
11992551000 -517085.578195572
11999373000 -514990.480396271
12006193000 -514916.889759064
12013012000 -512856.581007004
12019814000 -511941.073200226
12026639000 -511841.554969788
12040652000 -508674.650491714
12047469000 -506656.3438797
12054291000 -507602.012233734
12061113000 -504552.744621277
12067935000 -503508.541046143
12074757000 -503469.401504517
12081574000 -502476.392803192
12088394000 -501463.802858353
12095218000 -500423.426475525
12102034000 -498453.806171417
12108851000 -497481.030603409
12115682000 -495398.376548767
12122500000 -494427.515687943
12129318000 -492461.712926865
12136145000 -491427.101453781
12142967000 -490438.594846725
12149789000 -487455.152271271
12156608000 -486501.389318466
12163428000 -484544.481496811
12170252000 -482559.819892883
12177067000 -481654.052021027
12183896000 -479638.506608963
12190720000 -479669.043050766
12197547000 -476680.044271469
12211570000 -474691.74307251
12218385000 -472816.614471436
12225190000 -472028.516853333
12232005000 -472163.488134384
12238823000 -469278.924312592
12252464000 -466483.997135162
12259293000 -464524.477058411
12266112000 -464651.964221954
12272930000 -461792.703504562
12279755000 -461881.158309937
12286571000 -460048.401092529
12293387000 -458220.699007034
12300259000 -457939.436218262
12314285000 -456083.294870377
12321112000 -455186.086791992
12334791000 -454202.239782333
12341608000 -452402.115312576
12348440000 -451484.282604218
12355263000 -449645.181009293
12362085000 -449819.327770233
12368919000 -447900.35342598
12375740000 -447092.818517685
12382562000 -446282.165550232
12389386000 -445460.216884613
12396218000 -445577.902225494
12403042000 -443766.093509674
12409911000 -442591.358156204
12416739000 -440757.009300232
12423561000 -438976.790279388
12430406000 -439013.600975037
12437233000 -438202.653791428
12444058000 -435413.125905991
12457705000 -433873.792905807
12464534000 -433066.781499863
12471357000 -430313.87021637
12478180000 -429566.024448395
12485002000 -427831.413665771
12491852000 -425873.142774582
12498664000 -424230.360609055
12505489000 -423486.4535923
12512310000 -422780.281030655
12519132000 -423071.005270004
12525955000 -419358.628540039
12539639000 -418638.857868195
12546469000 -416884.566478729
12553297000 -417151.675075531
12560129000 -416391.211462021
12566962000 -414627.66619873
12573782000 -411975.278741837
12580622000 -411164.771156311
12587443000 -411514.362360001
12594273000 -408795.597948074
12601106000 -408057.438966751
12607942000 -408299.892105103
12614768000 -405628.983512878
12621599000 -404922.371892929
12628409000 -404392.068696976
12635239000 -403703.749399185
12642068000 -402028.658390045
12648896000 -401366.793445587
12655719000 -397750.755882263
12662541000 -398147.933984756
12669360000 -396574.624332428
12676186000 -394949.33363533
12683024000 -394231.337911606
12689851000 -392608.048906326
12696676000 -391006.124221802
12703497000 -389441.850784302
12710373000 -388434.668006897
12717199000 -385839.839502335
12724030000 -385209.363698959
12730862000 -382575.822587967
12737742000 -381556.546051025
12744552000 -380112.305253983
12751391000 -377437.036808014
12765022000 -374484.300428391
12771850000 -372913.785676956
12778672000 -371397.168924332
12785495000 -368877.479440689
12792328000 -368281.495241165
12799159000 -367706.861982346
12805993000 -364112.902519226
12812837000 -361442.687005997
12819669000 -360875.164806366
12826493000 -360377.779939651
12833325000 -358820.409578323
12840154000 -357292.510568619
12846979000 -354802.206291199
12853806000 -354300.711839676
12860636000 -352779.903079987
12867467000 -351256.042388916
12874299000 -348729.132001877
12881135000 -347174.795066833
12887958000 -345731.175991058
12894797000 -345162.624448776
12901626000 -343680.40350914
12908449000 -341251.99732399
12915284000 -340731.184925079
12922108000 -338304.796789169
12928933000 -336875.35449791
12935748000 -335532.184864044
12942580000 -335056.034410477
12949404000 -331649.914293289
12956234000 -332200.152050018
12963072000 -331690.526172638
12969909000 -329194.104812622
12976747000 -326694.65382576
12983589000 -326167.829809189
12990409000 -323824.617862701
12997264000 -324202.486595154
13004089000 -321828.857849121
13010918000 -322427.848642349
13017740000 -321088.694335938
13024567000 -319714.050298691
13031397000 -323320.147693634
13038219000 -332996.195142746
13045007000 -340952.996534348
13051822000 -349695.901321411
13058643000 -358395.217485428
13065456000 -366164.446624756
13072271000 -371922.515323639
13079057000 -372920.677505493
13085882000 -374607.791181564
13092708000 -377291.870008469
13099524000 -382062.044773102
13106338000 -378853.478376389
13113158000 -377601.357465744
13119984000 -377305.695398331
13126789000 -375185.195508957
13133586000 -377134.525564194
13140412000 -374854.036287308
13147241000 -375554.324771881
13154078000 -374194.914403915
13160904000 -372929.645450592
13167724000 -371718.017524719
13174545000 -369503.356233597
13181378000 -369196.633205414
13188187000 -368089.221302032
13195021000 -366784.548984528
13201853000 -366501.141454697
13215510000 -365006.192905426
13222346000 -362705.659921646
13229174000 -362474.919689178
13236004000 -361233.076910019
13242827000 -360052.919075012
13249647000 -359902.085540771
13256468000 -357748.227556229
13263331000 -357259.871582031
13270157000 -357075.749721527
13276988000 -355856.281402588
13283820000 -355633.807945251
13290645000 -355472.98597908
13297464000 -352365.718854904
13304267000 -351392.796388626
13311027000 -351772.331741333
13317829000 -350817.528020859
13324653000 -348690.040462494
13338319000 -347304.887310028
13345140000 -347216.841741562
13351944000 -346271.135929108
13358741000 -343386.988193512
13365569000 -342257.584310532
13372370000 -342351.221847534
13379131000 -341772.779087067
13385892000 -339199.310209274
13392661000 -338566.249603271
13399488000 -337470.116962433
13406277000 -335685.685998917
13413103000 -334607.736528397
13419924000 -333575.195697784
13426743000 -332563.851398468
13433490000 -330138.336927414
13440282000 -328354.827323914
13447105000 -328326.329214096
13453924000 -327335.152757645
13460749000 -326300.656135559
13467565000 -326343.790943146
13474380000 -323400.042692184
13481188000 -323517.775556564
13487979000 -320777.577259064
13494802000 -318784.490274429
13501614000 -318885.116094589
13508435000 -317918.268190384
13515258000 -315940.368112564
13522079000 -314983.646793365
13528906000 -312983.652772903
13535720000 -310093.446937561
13542544000 -310127.749355316
13549361000 -307223.494318008
13556194000 -306195.449392319
13563022000 -305212.745656967
13569835000 -302355.88617897
13576647000 -299512.128063202
13583458000 -297681.469085693
13590272000 -296831.710231781
13597080000 -295035.294282913
13603907000 -292091.015022278
13610713000 -290320.793640137
13617517000 -288571.705032349
13624336000 -286706.971393585
13631159000 -284815.118341446
13637986000 -283896.154785156
13644813000 -281982.262691498
13651614000 -278282.547616959
13658423000 -277523.531190872
13665252000 -276608.738716125
13672053000 -273924.149003983
13678862000 -272180.275726318
13685677000 -269393.21430397
13692505000 -267506.711565018
13699332000 -264633.319103241
13706153000 -262813.217632294
13712966000 -262062.465484619
13719791000 -260220.342756271
13726614000 -257399.357246399
13733421000 -256711.97518158
13740233000 -255989.470506668
13747053000 -253207.757923126
13753878000 -252390.949426651
13760677000 -249788.00643158
13767465000 -248278.422464371
13774257000 -247741.735469818
13781073000 -244017.385564804
13787897000 -243233.8692379
13794724000 -240431.339061737
13801528000 -239818.483161926
13808347000 -237090.282567978
13815169000 -234343.06737709
13821987000 -233633.01215744
13828810000 -233887.898826599
13835606000 -230364.458545685
13849231000 -228067.960788727
13856050000 -226375.155014038
13862869000 -223687.408819199
13869687000 -223012.741003036
13876474000 -219591.690958023
13883302000 -218846.943208694
13890098000 -216363.798692703
13896909000 -214765.442192078
13903709000 -213260.299415588
13910538000 -210527.77189827
13917399000 -209543.883472443
13931013000 -207456.781383514
13937832000 -205824.65646553
13944650000 -205205.601768494
13951470000 -202575.585378647
13958280000 -201030.721593857
13965097000 -199434.845153809
13971916000 -197828.00998497
13978728000 -195282.282905579
13985547000 -192685.561710358
13992360000 -191141.932769775
13999179000 -188555.326288223
14006004000 -187925.755617142
14012798000 -183549.353271484
14019634000 -181841.869291306
14026449000 -182307.506601334
14033270000 -180730.191587448
14040082000 -179229.941404343
14046831000 -177238.709896088
14053651000 -176684.521196365
14060434000 -175431.320922852
14067250000 -173919.216087341
14074074000 -171348.193943024
14080900000 -169766.247177124
14087668000 -167653.084581375
14094478000 -167209.144025803
14101295000 -163714.294551849
14108110000 -162240.487398148
14114930000 -163731.773347855
14121755000 -159188.163526535
14128586000 -158601.67845726
14135396000 -157188.058294296
14142133000 -155362.691953659
14148874000 -153510.310581207
14155710000 -152904.044401169
14162525000 -149470.588571548
14176523000 -146680.200706482
14183351000 -144158.378068924
14190164000 -141761.387208939
14196987000 -140289.615221024
14203814000 -139790.979001999
14210638000 -138321.359329224
14217466000 -136824.882852554
14224283000 -135421.261629105
14231102000 -132006.738084793
14237913000 -130661.103935242
14244743000 -128168.935787201
14251566000 -126737.684249878
14258396000 -124255.6627388
14265225000 -124786.692905426
14272051000 -122346.722539902
14278863000 -119023.461936951
14285688000 -116601.594652176
14292503000 -115264.52372551
14299313000 -112972.366674423
14306132000 -110613.514118195
14312947000 -109291.603395462
14319769000 -106918.957572937
14326612000 -107384.025175095
14333435000 -106013.554681778
14340248000 -104727.825620651
14347068000 -103391.379289627
14353899000 -100972.366847992
14360720000 -99638.0854511261
14367518000 -97492.0529403687
14374328000 -96255.4822883606
14381141000 -95000.0684432983
14387971000 -94614.3444805145
14394786000 -92353.1212863922
14401606000 -94057.1471633911
14408434000 -92702.5527229309
14415264000 -93337.1123695374
14428887000 -94915.9033889771
14435709000 -95629.320930481
14442528000 -97371.6718959808
14449345000 -98134.9938850403
14456162000 -99903.3724899292
14462975000 -100708.624660492
14469795000 -101463.253038406
14476615000 -99222.942483902
14483441000 -100939.980930328
14490264000 -100685.943153381
14497085000 -100452.871952057
14510676000 -99407.318479538
14517489000 -100252.983524323
14524292000 -102183.17490387
14531118000 -101935.625188828
14537936000 -101756.714097977
14544755000 -102574.915763855
14551589000 -103279.008068085
14558410000 -104091.452322006
14565232000 -104901.016016006
14572065000 -103628.277694702
14578886000 -104455.919252396
14585708000 -105280.682476044
14592512000 -104253.432287216
14599320000 -104199.461837769
14606128000 -103150.534660339
14612941000 -103066.96115303
14619764000 -101909.066549301
14633792000 -101577.047254562
14640620000 -100394.958274841
14647379000 -100765.399892807
14654163000 -99942.4765529633
14660952000 -102084.897506714
14667730000 -103319.585159302
14674506000 -100575.134176254
14681328000 -100470.877033234
14688134000 -103498.559720993
14694912000 -100753.294689178
14701687000 -100036.813369751
14708510000 -101944.805421829
14715328000 -102897.496887207
14722148000 -100839.394374847
14728921000 -102158.841911316
14735704000 -101404.035369873
14742491000 -102622.539834976
14749297000 -103695.517915726
14756109000 -104726.002252579
14762930000 -101690.241392136
14769744000 -99714.9890842438
14776550000 -97808.1498775482
14783368000 -93811.3184661865
14790160000 -92025.4296646118
14796966000 -89133.709903717
14803774000 -86231.196144104
14810525000 -84784.9614486694
14817275000 -81351.6016178131
14830754000 -76665.9536552429
14837499000 -74287.018945694
14844240000 -70944.6856079102
14850985000 -69575.6486930847
14857794000 -66705.2401809692
14864587000 -62966.445016861
14871358000 -60406.6865272522
14878161000 -58598.826631546
14884970000 -56748.5526828766
14891777000 -51919.1386432648
14898602000 -51952.443315506
14905420000 -48046.1591396332
14912242000 -46113.3116512299
14919060000 -43217.1466407776
14925870000 -42389.2706832886
14932690000 -40487.4096794128
14939499000 -38677.535987854
14946303000 -35912.2152843475
14959926000 -31278.1834411621
14966728000 -29543.7847309113
14973505000 -29011.8875350952
14980297000 -26366.5185642242
14987090000 -22718.2719783783
14993910000 -20861.8418388367
15000711000 -20160.4915447235
15007501000 -16551.0190105438
15014288000 -13970.2458610535
15021117000 -13062.9575786591
15027918000 -10381.7411308289
15034735000 -7579.28518867493
15041483000 -6326.38459587097
15048289000 -3620.78673553467
15055076000 -1070.13557052612
15061897000 743.731779098511
15068709000 2481.541639328
15075468000 5796.26008415222
15082278000 6508.23712730408
15089098000 9294.02902412415
15095906000 10980.1354484558
15102723000 12732.160243988
15109546000 13526.4317245483
15116364000 14276.2219791412
15123181000 17013.0717334747
15129989000 19673.9299449921
15136865000 21865.6470909119
15143655000 22374.5253009796
15150470000 24075.372674942
15157288000 26794.8024673462
15164105000 28501.2962150574
15170922000 31202.7333450317
15177740000 31906.9903259277
15184534000 34417.1718578339
15191345000 38056.2055683136
15198167000 38776.8082141876
15204942000 41122.2922763824
15211734000 43596.6188545227
15218556000 45302.0865516663
15225382000 48033.9753341675
15232200000 49697.8298416138
15239021000 52380.2356395721
15245836000 56010.3645629883
15252646000 56596.0982761383
15259454000 59161.0506095886
15266270000 61783.8943195343
15273085000 65393.8168067932
15279905000 67038.0123825073
15286715000 68598.5008392334
15293524000 72146.0791931152
15300339000 73735.7915363312
15307154000 74320.4502334595
15313972000 76923.6402015686
15320789000 80513.9111709595
15327613000 81154.1466197968
15334434000 84765.7368240356
15341226000 87144.3629646301
15347981000 87227.2258281708
15354757000 90470.1249046326
15361531000 92692.3150806427
15368349000 93255.1641521454
15375172000 95852.2300300598
15381988000 96389.2507171631
15388808000 95952.6302604675
15395632000 98542.3597564697
15402431000 101930.721918106
15409216000 102204.13627243
15416004000 106496.092988968
15422812000 107940.031980515
15436385000 110475.302488327
15443140000 112488.221668243
15449964000 114037.608179092
15456810000 116754.541858673
15463637000 118317.314090729
15470465000 119882.859472275
15477292000 122435.488040924
15484111000 123920.300132751
15490927000 127376.525489807
15497754000 124913.95378685
15504571000 125367.901622772
15511370000 124675.669965744
15518108000 125500.203477859
15524869000 123500.086837769
15531669000 122800.676534653
15538479000 123174.606920242
15545307000 120684.547513962
15552132000 121165.90798378
15558955000 120626.530000687
15565728000 120690.374326706
15572465000 120467.220705032
15579281000 120857.917732239
15586034000 121750.141540527
15592818000 124880.173536301
15599643000 129326.250631332
15606457000 128681.131286621
15613236000 130756.942157745
15620059000 135172.199443817
15626887000 134621.529167175
15633716000 139073.612792969
15640542000 140497.143671036
15647359000 142845.176301956
15654180000 144219.450805664
15660990000 147502.600078583
15667806000 149827.641952515
15674629000 153202.385471344
15681443000 155501.668581009
15688274000 157928.855039597
15695093000 161257.122062683
15701879000 162322.288330078
15708689000 165570.092466354
15715499000 166812.850366592
15722270000 170745.690824509
15729060000 170822.055700302
15735876000 176096.613006592
15742695000 178389.560152054
15749477000 180388.320461273
15756269000 181460.211082458
15763096000 184800.52913475
15769921000 187120.151666641
15783565000 192697.328010559
15790393000 194025.17893219
15797215000 197301.102561951
15804041000 197603.195415497
15810854000 200798.719846725
15817681000 202098.489234924
15824500000 205330.738458633
15831322000 206581.344137192
15838081000 207335.195501328
15851693000 211561.480113983
15858503000 212698.271512985
15872131000 218019.122854233
15878953000 220234.371589661
15885763000 221350.963226318
15892586000 222563.891479492
15899408000 226763.956274033
15906223000 225904.376663208
15913041000 223063.132766724
15919856000 221193.443632126
15926683000 218412.240497589
15933505000 216586.994766235
15940278000 217374.804079056
15947091000 213469.33190918
15953912000 212621.145116806
15960737000 210799.060834885
15967483000 210356.456481934
15974317000 206594.401975632
15981132000 205679.273757935
15987941000 204712.362064362
15994719000 203498.991092682
16001496000 199272.834367752
16008277000 198072.82456398
16015086000 197085.801279068
16021919000 196280.563848495
16028740000 194376.839664459
16035570000 193538.101034164
16042348000 190289.60263443
16049131000 189075.013547897
16055947000 188112.188077927
16062770000 185198.768611908
16069589000 185249.16594696
16076431000 182473.413276672
16083271000 180677.010969162
16090098000 179774.414422989
16096919000 176820.087739944
16104094000 174613.291034698
16110897000 172508.627864838
16117720000 169554.41251564
16124506000 169307.514263153
16131295000 164078.923400879
16138110000 162047.38848877
16144926000 160018.571151733
16151743000 157992.469165802
16158561000 154969.080303192
16165383000 153971.709331512
16172195000 153891.591772079
16179012000 155845.262582779
16185883000 156213.282320023
16192702000 157172.331893921
16199513000 158064.199625015
16206333000 158020.900512695
16213154000 159980.304132462
16219975000 160934.645200729
16226779000 161751.964355469
16233556000 162354.683572769
16240362000 163177.46969986
16247181000 164096.09677887
16253998000 165994.145568848
16260771000 166545.758670807
16267560000 168216.506299973
16274387000 169177.010017395
16281198000 170008.339967728
16288016000 170888.911775589
16294823000 173679.121452332
16301625000 174425.518480301
16308417000 176089.346794128
16315239000 175980.736291885
16322058000 177843.805904388
16328872000 179663.059902191
16335689000 179500.513130188
16342508000 181348.409191132
16349330000 183214.492614746
16356141000 183990.281364441
16362957000 185799.75989151
16369777000 186635.170316696
16376544000 189054.980751038
16383324000 190570.497159958
16390153000 192460.494256973
16396979000 195322.185533524
16403797000 195116.86239624
16410613000 197890.996538162
16417437000 197722.008113861
16431081000 200337.869909286
16437868000 202867.3276577
16444602000 204981.626768112
16451335000 206083.253763199
16458077000 206249.582334518
16464817000 207395.492115021
16471555000 208520.987501144
16478294000 210649.277742386
16485034000 212780.360635757
16491772000 210891.033538818
16498509000 212989.033596039
16505249000 215105.291072845
16511987000 216201.142957687
16518758000 217547.162815094
16525492000 217602.191062927
16532232000 219698.65955925
16538977000 217828.826757431
16545716000 218907.677915573
16552457000 220997.041273117
16559201000 225104.638570786
16565968000 224384.971403122
16572754000 225807.09028244
16579588000 227594.947042465
16586399000 229200.088695526
16593226000 227923.741729736
16600056000 228665.488401413
16606859000 231193.69329071
16613689000 231925.308191299
16620519000 231651.847169876
16627325000 232188.060682297
16634137000 234765.541837692
16640956000 233391.994537354
16647781000 235059.686698914
16654603000 236699.163076401
16661423000 237318.145372391
16668232000 238847.209516525
16675050000 240440.650764465
16681860000 242967.331531525
16688672000 243504.390174866
16695495000 244121.224090576
16702296000 245563.359865189
16709125000 247216.338066101
16715946000 247802.569120407
16722726000 251067.695291519
16729529000 252505.094684601
16736352000 253091.59561348
16743164000 255588.263624191
16749978000 255095.293205261
16756800000 255658.907779694
16763617000 257178.938808441
16770444000 259770.944822311
16777265000 261311.664873123
16784077000 262778.007293701
16790894000 260277.805185318
16797719000 264834.14799881
16804491000 265977.35136795
16818119000 267895.417907715
16824931000 270331.478469849
16831751000 270824.061742783
16838560000 272226.93073082
16845383000 272732.485052109
16852168000 273940.591781616
16858953000 276143.689256668
16865771000 275595.639507294
16872583000 277996.379386902
16879409000 279499.748317719
16886234000 280990.356714249
16893058000 280468.206802368
16899880000 284925.61173439
16906696000 283331.822628021
16913511000 285725.290800095
16920310000 284990.715698242
16927085000 289066.643913269
16933877000 289268.229042053
16940671000 289480.163850784
16947490000 290879.173517227
16954315000 292319.222515106
16961137000 292731.155794144
16967954000 296099.616699219
16974775000 293493.744693756
16981599000 295905.850687027
16988417000 298266.813028336
16995241000 296668.789468765
17002058000 298011.953203201
17008868000 300296.319812775
17015688000 300652.404933929
17022503000 303965.050325394
17029322000 301303.342033386
17036141000 302636.574157715
17042956000 303934.052671432
17049778000 304280.18689537
17056588000 306529.192804337
17063398000 306773.152479172
17070214000 307058.089164734
17077415000 309290.83549881
17084203000 309350.643894196
17090997000 311451.448286057
17097746000 308202.190689087
17104571000 309530.654184341
17111403000 311907.711608887
17118221000 312172.375705719
17125043000 310462.640005112
17131859000 312701.85726738
17138674000 315928.356309891
17145541000 313548.243780136
17152348000 312703.304134369
17159092000 312370.688083649
17165882000 316385.489297867
17172708000 316671.01194191
17179532000 314936.147315979
17186336000 315043.057590485
17193099000 315830.986639023
17199922000 317073.324716568
17206749000 316341.220010757
17213577000 318611.698789597
17220402000 319854.142021179
17227223000 321060.902938843
17234008000 319987.103504181
17240791000 320892.990854263
17247620000 322145.82894516
17254394000 321972.815242767
17261210000 322116.098480225
17268040000 318361.412817001
17274916000 320953.471647263
17281724000 321020.354398727
17288552000 323235.129573822
17295373000 324391.309513092
17302193000 324534.781602859
17309017000 324703.77085495
17315837000 324837.117841721
17322656000 323957.760692596
17329473000 327058.059295654
17336300000 326229.71717453
17343122000 324358.09936142
17349940000 326450.857097626
17356811000 323943.442771912
17363616000 326926.742996216
17370445000 326088.313365936
17377265000 328176.075138092
17384083000 326243.503063202
17390921000 326458.5858078
17397744000 329554.057209015
17404567000 328644.463092804
17411351000 330432.100090027
17418144000 329283.423458099
17424954000 331259.468772888
17431775000 330314.411060333
17438602000 329410.073532104
17445418000 327416.737682343
17452232000 325403.088764191
17458981000 323888.552364349
17465747000 319498.727287292
17472513000 317103.920978546
17479280000 313711.759460449
17486023000 310131.608142853
17492805000 303843.867271423
17499614000 302756.964691162
17506438000 300779.363494873
17513259000 297773.828296661
17520048000 294519.339584351
17526869000 291503.703037262
17533697000 287536.34469986
17540440000 283916.266906738
17547198000 283405.521289825
17554002000 283240.22971344
17560821000 276184.158164978
17567589000 273734.589691162
17574377000 269432.350708008
17581173000 267186.017593384
17587986000 264064.100418091
17594803000 258967.586395264
17601623000 258888.853919983
17608413000 254576.701042175
17615217000 252366.088886261
17622055000 246409.196266174
17628880000 245348.2890625
17635693000 242191.005245209
17642497000 237960.196315765
17649313000 235815.640392303
17656114000 232551.927520752
17662932000 228412.484550476
17669758000 226328.825920105
17676579000 225202.074508667
17683391000 217001.826160431
17690215000 214887.76556015
17697035000 212738.228610992
17703854000 207576.029003143
17710679000 206454.374919891
17717508000 201358.052783966
17724337000 198256.656215668
17731161000 194112.192100525
17737985000 187962.660980225
17744803000 187762.48002243
17751631000 181633.204933167
17758452000 180445.687324524
17765274000 178260.702072144
17772101000 175108.623630524
17778922000 169905.913169861
17785748000 167736.103580475
17792572000 167546.040130615
17799393000 164328.13608551
17806262000 159469.511260986
17813044000 154945.447757721
17819859000 153666.815551758
17826679000 149421.070846558
17833492000 144117.15265274
17840319000 140914.398227692
17847145000 136698.986339569
17853963000 132417.82239151
17860788000 129184.69197464
17867612000 126938.909294128
17874432000 120657.727474213
17881257000 115409.396038055
17888066000 112034.691333771
17901721000 104550.610103607
17908538000 101221.378307343
17915351000 97856.7755699158
17922170000 94532.5891838074
17928993000 91233.6516075134
17935813000 86906.9194450378
17942630000 85552.3993797302
17949443000 82162.5232124329
17956256000 76767.5963668823
17963047000 71201.0042610168
17969832000 69583.9581184387
17976613000 63931.6150665283
17983369000 61084.9892044067
17990172000 57589.2075996399
17996959000 53967.2749252319
