38000 -412761.029923448
6894000 -416482.769900087
13717000 -414537.489429556
20536000 -412636.363431692
27357000 -409719.64418393
34126000 -406324.962458231
40963000 -405257.568803392
47797000 -413224.382470883
54626000 -416245.306051873
61459000 -410230.748363182
68290000 -418240.434321538
75129000 -420174.837634549
81972000 -422073.779999897
88781000 -417315.406204432
95586000 -412601.141259164
102328000 -411518.010952488
109083000 -405309.765532628
115836000 -405125.656454742
122587000 -401965.67995441
129718000 -410030.004178658
136469000 -409878.734805495
143225000 -407681.970215678
149978000 -399519.28217262
156729000 -402380.720362961
163476000 -407286.169102758
170225000 -414175.960391492
176981000 -413000.384064853
190476000 -416830.959426552
197225000 -418737.680753261
203977000 -421618.813131183
210728000 -415514.12080434
217480000 -416403.723846018
224230000 -415317.439323515
230992000 -419116.134726912
237735000 -429107.883984625
244488000 -429004.49246791
251241000 -421905.337851435
257992000 -414830.290651947
264741000 -415779.347106189
271500000 -428633.295403481
278255000 -426531.221635997
285010000 -424433.387278795
291763000 -429359.656573474
298513000 -432319.957249105
305266000 -430254.698462009
312018000 -424203.606814146
318770000 -421156.750811815
325522000 -417114.130454898
332274000 -422075.745743573
339028000 -416021.741218448
345774000 -415051.391667902
352529000 -417995.931957841
359287000 -417914.934115648
366041000 -418877.880328655
372801000 -418785.517144561
379633000 -411982.874503016
386497000 -421867.022207379
393327000 -424092.918468773
400188000 -426015.565292001
406951000 -422914.884230316
413738000 -424580.353678584
420565000 -422853.296560287
427379000 -416259.523473144
434205000 -411551.037527382
441033000 -403827.044073761
447841000 -404305.734534442
454657000 -401709.395295203
461478000 -405067.790612876
468306000 -397361.098555982
481954000 -393040.024646699
488781000 -405356.235934019
495606000 -403696.603851318
502439000 -399961.999115944
509271000 -393241.644173622
516101000 -384545.448397994
522941000 -387754.480264902
529773000 -392047.138963699
536607000 -397324.315527499
543453000 -398486.926393747
550281000 -395832.237489939
557110000 -394171.972652674
563938000 -391525.947451949
570774000 -391805.004195452
577601000 -395177.552702665
584426000 -392574.241335392
591249000 -386995.066289306
598070000 -386440.023760557
604891000 -384889.303889513
611719000 -379273.589913845
618541000 -378721.618033528
625365000 -377154.16782546
632189000 -368591.044078112
639043000 -369735.251079917
645863000 -368220.396161795
652695000 -372591.07957983
659519000 -366045.283232212
666341000 -369523.607983947
673152000 -362115.120208263
679970000 -368641.670050502
686788000 -368172.538748741
693608000 -372687.936730623
700427000 -368217.550255299
707248000 -369731.696865082
714083000 -364111.665750146
720916000 -370515.759553075
727753000 -371884.624780536
734620000 -372961.103654265
741445000 -368457.357952952
748273000 -364928.270858288
755486000 -358596.229115367
762317000 -360046.384117246
769139000 -356589.864374757
775947000 -358276.088454127
782767000 -362847.980693221
789585000 -368443.966060519
796417000 -359905.87699461
803253000 -352332.586142063
810083000 -343822.940765858
816907000 -342376.929443955
823739000 -334856.183013082
830559000 -329458.357933164
837394000 -340916.632824898
844224000 -339428.652098894
851059000 -332895.6046561
857882000 -333485.451910973
864710000 -333030.22991097
871534000 -330618.852465987
878368000 -332113.025273442
885207000 -331562.152305126
892036000 -322114.388339162
898864000 -325680.832892299
905688000 -318291.109307647
912511000 -308915.586631894
919339000 -315495.020078897
926163000 -311118.277778745
939804000 -309446.875945687
946636000 -314004.138365388
953466000 -311585.478681922
960289000 -302240.243133187
967121000 -298810.508403182
973946000 -297454.191464543
980769000 -304121.938467383
987591000 -301803.87813592
994420000 -298421.073860049
1001262000 -305914.341747165
1008089000 -292559.942462206
1014914000 -285229.603310823
1021744000 -274854.270389557
1035386000 -284294.141326308
1042205000 -287040.285578012
1049022000 -281810.473483086
1055846000 -286515.951056838
1062658000 -294344.081064224
1069476000 -282117.363138914
1076296000 -271875.245607138
1083115000 -273647.308063149
1089944000 -261325.111005783
1096767000 -259066.390725613
1103589000 -253821.852333546
1110401000 -250680.198487997
1117217000 -244503.434182167
1124032000 -245340.84099555
1130852000 -248133.292051077
1137672000 -253930.064497232
1144492000 -252731.15833354
1151311000 -251546.425821781
1158147000 -243198.535768032
1164971000 -247973.199308395
1171787000 -242830.992181063
1178600000 -242722.650555134
1185415000 -239598.923266649
1192218000 -244597.692560673
1199051000 -234305.32689929
1205875000 -226105.923844337
1212700000 -219901.000692606
1219545000 -222503.48680687
1226364000 -212366.303524971
1233185000 -209213.751055956
1240008000 -211045.8332026
1246829000 -200901.927316189
1253660000 -207663.916556835
1260471000 -204627.083516598
1267676000 -201717.021796465
1274505000 -200511.923362017
1281337000 -199281.637186289
1288541000 -189395.382775545
1295363000 -190272.394724607
1302175000 -183252.113045931
1308989000 -182216.467400789
1315805000 -189165.461587906
1322622000 -190108.935752153
1329436000 -186086.234642506
1336256000 -182008.836848736
1343458000 -178179.009188414
1350262000 -186267.836651325
1357079000 -182233.134370565
1363895000 -180212.582189798
1370704000 -176265.169477224
1377521000 -177243.414264202
1384331000 -167294.790923357
1391143000 -170330.81635046
1397948000 -164439.958462954
1404762000 -170464.944547892
1411580000 -165454.932099819
1418393000 -166498.375744581
1425197000 -172634.573248148
1432009000 -163696.462426186
1438822000 -162752.837312937
1445634000 -159823.349640131
1452446000 -158898.173225403
1459257000 -162987.131719589
1466121000 -158559.780375481
1472924000 -165735.971438885
1479739000 -168798.601393461
1486553000 -161875.367518902
1500180000 -158051.660989046
1506994000 -154141.367851496
1513801000 -150304.11858511
1520616000 -143392.63064599
1527429000 -143505.092396975
1534628000 -146832.633491755
1541442000 -144944.148607492
1548256000 -152059.977513313
1555064000 -146239.008705139
1561873000 -156412.531976461
1575486000 -136821.565164089
1582301000 -134949.134340286
1589110000 -131139.888090372
1595936000 -130168.163099289
1602749000 -124328.301248789
1609555000 -125561.419728994
1616370000 -120710.560387373
1623184000 -120873.824522972
1629995000 -126070.825811863
1636805000 -120281.944248438
1643619000 -110458.145322561
1650435000 -114619.048408508
1657256000 -116735.241539955
1664076000 -120865.561950684
1670894000 -109019.811727524
1677702000 -106276.413911819
1684516000 -105478.505955696
1691385000 -96145.7970123291
1698191000 -92434.9630680084
1705003000 -94669.6278748512
1711818000 -90879.2033810616
1718649000 -88936.3011116982
1725466000 -82134.9190251827
1732281000 -77357.4510974884
1745893000 -73991.8067564964
1752706000 -75246.8653743267
1759516000 -75535.6237783432
1766326000 -69828.6909096241
1773139000 -73096.6833012104
1779953000 -68359.1943612099
1786768000 -67616.2259886265
1793580000 -65906.9504406452
1800393000 -72192.19419384
1807207000 -69471.9591474533
1814013000 -65834.363417387
1820825000 -59142.3310024738
1827638000 -56444.820420742
1834450000 -49761.4111549854
1841261000 -53092.1013069153
1848093000 -60221.5634093285
1854911000 -51492.378592968
1861733000 -45728.3676016331
1868550000 -54017.6086552143
1875360000 -57379.6622364521
1882178000 -52667.7496769428
1888990000 -46018.8583228588
1895803000 -36364.4951348305
1902615000 -30724.2269296646
1909438000 -31980.6698980331
1916259000 -32261.0004425049
1923078000 -35565.2147605419
1929892000 -29922.6488256454
1936714000 -28206.162348032
1943527000 -25582.0077159405
1950347000 -17893.7194333076
1957168000 -17199.9751498699
1963982000 -16578.9908266068
1970796000 -10962.3202929497
1977628000 -4174.00471544266
1984448000 -10507.3240177631
1991264000 -7884.06160187721
1998074000 -3323.75704884529
2004884000 -767.761222600937
2012078000 -1463.50820231438
2018895000 -17847.9711954594
2025713000 -12226.9807555676
2032534000 -11580.9980051517
2039350000 -16988.1866884232
2046161000 -18448.5373060703
2052975000 -6883.89244747162
2059792000 -4294.25780940056
2066611000 3310.59368467331
2073809000 -3387.34433507919
2080622000 -14849.9687232971
2087814000 -12615.8681740761
2094625000 -8106.88675117493
2101461000 -6358.11567091942
2108279000 -5789.42659091949
2115095000 -6244.581802845
2121909000 -5723.57750749588
2128723000 -11206.8870022297
2135530000 -5762.8360209465
2142344000 -8254.76866412163
2149173000 -3604.62180709839
2155985000 -8124.7093641758
2162810000 -3522.25046658516
2170014000 -4225.97628498077
2176833000 -7690.95506000519
2183651000 -4170.01030683517
2190471000 -13633.872979641
2197283000 -25180.0976967812
2204474000 -18033.7040734291
2211291000 -11540.0222682953
2218110000 -15031.1517572403
2224925000 -15565.6114253998
2238549000 -18705.9834170341
2245365000 -26243.6338396072
2252183000 -33766.1006212234
2258991000 -32390.3797445297
2265796000 -34048.2112135887
2272604000 -35681.1008319855
2279423000 -26211.0746831894
2286242000 -25745.3686585426
2293067000 -30225.5056562424
2299877000 -24856.1536283493
2306688000 -17481.3654088974
2313501000 -20091.3986124992
2320319000 -25657.0260834694
2327126000 -19334.1456103325
2333932000 -12025.3124551773
2340750000 -18603.881925106
2347564000 -13225.7347297668
2354381000 -8822.67986440659
2361195000 -12453.1621479988
2368013000 -10049.0013418198
2374839000 -6571.2507019043
2381652000 -4224.42243766785
2388465000 -14881.9066972733
2395274000 -4582.6502289772
2402090000 -12219.548842907
2408901000 -5909.44088315964
2416107000 -10758.4087929726
2422927000 -11369.5637087822
2429738000 -8072.6413769722
2436555000 -721.631924629211
2443377000 -4326.27897119522
2450192000 4996.62896585464
2457007000 4315.22184658051
2463823000 6639.22999000549
2470637000 -6060.53755998611
2477831000 -1067.58576774597
2484650000 -727.579549789429
2491463000 3549.74004507065
2498278000 10842.2013511658
2505097000 9169.25353574753
2511917000 -498.288552761078
2518721000 4674.24449443817
2525536000 1949.44684123993
2532356000 4268.95388889313
2539174000 10564.6929111481
2545990000 13836.6677079201
2552802000 11065.4379777908
2559626000 15406.554005146
2566441000 2655.85651731491
2573265000 4988.32532978058
2580096000 5384.5042924881
2586912000 4630.56468915939
2593731000 901.463509559631
2600567000 7333.24165344238
2607336000 6109.64033317566
2614150000 10319.0179343224
2620965000 4533.79746389389
2627781000 8753.97702217102
2634598000 18979.5547103882
2641416000 16210.5286273956
2648236000 24456.6100583076
2655073000 24863.4834566116
2661879000 26964.9445018768
2668692000 33130.0808730125
2675518000 24417.1431794167
2682325000 22515.3861699104
2689133000 28619.0336136818
2695947000 35776.6273751259
2702756000 37881.3667507172
2709573000 28059.4585566521
2716390000 30233.232773304
2723211000 37441.514277935
2730027000 41596.9451966286
2736839000 44709.2399821281
2743651000 48817.2235093117
2750463000 54920.895778656
2757288000 61146.396487236
2764099000 57231.7355923653
2770912000 56332.1682801247
2777736000 61535.0011348724
2784543000 56568.5986890793
2791358000 54675.4904155731
2798175000 53797.4655942917
2804988000 55876.3286995888
2811802000 54960.5772690773
2818609000 49972.6305603981
2825421000 59028.8625359535
2832237000 52119.5676131248
2839049000 60167.1745414734
2852681000 58327.0081472397
2859496000 61390.7569098473
2866315000 61488.9623103142
2873125000 60495.6169743538
2879940000 65546.4212012291
2886756000 63602.601395607
2893577000 64702.917222023
2900385000 58672.943543911
2907198000 67687.1092953682
2914013000 70716.339507103
2920835000 68809.0696716309
2927648000 64810.2908887863
2934467000 55865.3191332817
2941287000 44925.7132129669
2948094000 36855.8766775131
2954918000 35946.3749804497
2961728000 32896.9700083733
2968540000 27862.6231613159
2975354000 27843.3306417465
2982174000 30877.8172893524
2988988000 21849.8933916092
2995799000 26788.6130242348
3002612000 31742.3831858635
3016261000 40859.6027827263
3023073000 44790.742454052
3029888000 37746.6040463448
3036704000 44707.8276758194
3043518000 49645.382062912
3050336000 56617.3259658813
3057150000 50546.2502403259
3063959000 59422.4879226685
3070770000 65313.765999794
3077583000 65220.0806741714
3084391000 71073.7195134163
3091204000 66971.4123048782
3098021000 60903.4781579971
3104842000 56869.9094715118
3112035000 55429.2995457649
3118844000 57270.8162665367
3125649000 63069.350209713
3132459000 66911.9227342606
3139272000 69779.1892232895
3146083000 61622.8093271255
3152901000 69529.7835211754
3159716000 78403.4418678284
3166537000 67330.7753419876
3173358000 69253.7861585617
3180167000 82056.5091557503
3186981000 79903.2403473854
3193796000 87755.3202466965
3200613000 85622.4088191986
3207430000 93485.1798019409
3214241000 91285.6696076393
3221058000 95139.8092122078
3227864000 91883.3785748482
3234695000 98864.1117477417
3241508000 104666.664425373
3255121000 116133.293814182
3261933000 126913.26098156
3268737000 136611.672612667
3275548000 136373.367424965
3282742000 137828.330663681
3289553000 139581.16312933
3296365000 139339.338570595
3303178000 148102.855089188
3310003000 155977.879504681
3316827000 156838.925124168
3323636000 160550.887775421
3330452000 168326.091575623
3337266000 155077.680717468
3344081000 163834.604604244
3350891000 157538.97392416
3357707000 162296.918133736
3364530000 163118.072468758
3371340000 162809.503586292
3378154000 155535.207456589
3384973000 158304.821216106
3391791000 162060.470750332
3398604000 169763.58408308
3405422000 171510.59907198
3412232000 180176.15758276
3419059000 181001.314052105
3425886000 173822.140255451
3432701000 176522.952581882
3439561000 179653.234833717
3446359000 183181.525014877
3453169000 186821.182445526
3459985000 190514.357750893
3466792000 193116.48252964
3473594000 194666.119866848
3480411000 191355.996638298
3487263000 191378.789005756
3494461000 195730.783864498
3501276000 195388.176531315
3508085000 196983.454357147
3514900000 203632.220710278
3521711000 204238.143881321
3528518000 204801.231463432
3535378000 208870.444628239
3542164000 213222.656087875
3548982000 216878.733121395
3555800000 220530.491299629
3562618000 225177.930621624
3569437000 236830.678684711
3576258000 235498.360552788
3583073000 230103.961780548
3589886000 221685.996557236
3596699000 229263.718809605
3603524000 232952.621712685
3610349000 241637.196886539
3617164000 236221.212702751
3623967000 243685.443093777
3630784000 243280.080191612
3637602000 242880.020964146
3644418000 248456.401619434
3651613000 250674.438509464
3658431000 255261.18517065
3665240000 262757.044709206
3672053000 261287.069042206
3678866000 254812.780850887
3685682000 256363.030528545
3692498000 248908.963883877
3699310000 236412.11879158
3706117000 240862.887948036
3712944000 237501.637483597
3719759000 238020.693183422
3733378000 239940.123392105
3740216000 246667.310720921
3747044000 248294.042858601
3753850000 240705.013275146
3760658000 231130.89968729
3767479000 238677.399483681
3774284000 243065.839584351
3781101000 238565.272476196
3787919000 238069.995078087
3794727000 242474.332165718
3801550000 242018.4535532
3808369000 243519.82815218
3815185000 247988.068332672
3821999000 251432.783925533
3828866000 237382.171066284
3835669000 242712.594045162
3849297000 256571.775522232
3856108000 254966.092685699
3862928000 256442.502829075
3869746000 262895.39218998
3876945000 260001.198928833
3883758000 248397.217261791
3890576000 251836.911877155
3897378000 253118.73358202
3.911e+09 257842.206723213
3917815000 262235.859226704
3924640000 252721.142641544
3931467000 261221.286252499
3938283000 265611.572986603
3945098000 262987.95070219
3951911000 257340.829237461
3958716000 252612.663808823
3965529000 240956.922359467
3972337000 243248.917563915
3979157000 240651.680952549
3985975000 246030.945155621
3992790000 251377.125709534
3999607000 240738.166469097
4006422000 243075.715643883
4013243000 249466.467950344
4020060000 250814.554676056
4026872000 261110.398322582
4033687000 247430.684106827
4040491000 249641.232680321
4047302000 258914.562517166
4054506000 250949.524077415
4061323000 243271.476625443
4068140000 238589.111584187
4074959000 241921.590214729
4081775000 237221.008731365
4088585000 244458.634739876
4095398000 242720.688217163
4102213000 243997.585367203
4109029000 247279.744925499
4115837000 250480.973504066
4122656000 246783.234080791
4129476000 251090.750099659
4136291000 253346.070068359
4143109000 249625.797877789
4149919000 246824.61750555
4156739000 244114.858735085
4163536000 235180.613379478
4170357000 240471.798169136
4177209000 235055.365391731
4184025000 231290.032735348
4190839000 238501.244028568
4197654000 249717.710762501
4204466000 245901.156646252
4218086000 241216.845310211
4224895000 248358.659852028
4231707000 249524.865133762
4238520000 256696.324592113
4245360000 257121.721125126
4252174000 263294.102610588
4258990000 251481.297370911
4265804000 248645.050010681
4272622000 242842.737923622
4279434000 245978.737185001
4286248000 247129.547188282
4293067000 246323.845234394
4299882000 248475.584225178
4306713000 242775.953748226
4313532000 239957.286356449
4320364000 238258.55064249
4327175000 241354.777192593
4333995000 248532.702827454
4340811000 241668.083351135
4347637000 235894.700520515
4354461000 232097.879366875
4361287000 234315.839810371
4368109000 231491.257678986
4374913000 230490.401919365
4381726000 232571.214187622
4388543000 240685.919917107
4395359000 240786.757194519
4402172000 244854.62746048
4408994000 241004.131567955
4415815000 246139.762788773
4422634000 253251.974695206
4429460000 255426.700340271
4436280000 252539.81462574
4443091000 257562.689675331
4449905000 258609.892116547
4456720000 251662.325928688
4463538000 252739.078270912
4470349000 253744.704490662
4477169000 257831.910077095
4483983000 257857.538503647
4490826000 255155.570973396
4497640000 259172.553460121
4504452000 253166.140704155
4511262000 248136.336501122
4518084000 247216.697102547
4524899000 251225.961992264
4531720000 250288.140986443
4538536000 252298.309523582
4545350000 240285.087883949
4552162000 234248.479866028
4558983000 232293.381539345
4565792000 239219.540225983
4572606000 239189.063426018
4579416000 240116.137788773
4586227000 240048.436553955
4593040000 248995.490320206
4599862000 248024.018328667
4606675000 241962.441349983
4613492000 248934.674232483
4620310000 247912.119488716
4627120000 244809.01125145
4633938000 245777.823863029
4640757000 242751.84568119
4647572000 243683.437657356
4654391000 235648.821763992
4661205000 228562.254932404
4668019000 223471.374311447
4674830000 227347.605208397
4681645000 232257.623169899
4688454000 238106.184288025
4695274000 248055.190927505
4702091000 247971.309082985
4715742000 257952.451277733
4722550000 257769.92172718
4729369000 260687.804120064
4736194000 259658.481567383
4743009000 257529.645661354
4749828000 261434.566417694
4756647000 263335.167051315
4763455000 269126.764268875
4770267000 265952.119413376
4777079000 275773.163300514
4790697000 276345.232507706
4797564000 280676.588747025
4804369000 288413.76655674
4811179000 287194.203113556
4817989000 286970.330943108
4824809000 292837.259681702
4831628000 299690.35669899
4838442000 286491.585113525
4845262000 294345.554116249
4852082000 298195.201727867
4858902000 297040.527951241
4865717000 286833.99697113
4872543000 293727.722752571
4879360000 299531.566486359
4886224000 302777.83981514
4893033000 304496.981610298
4899849000 303278.343884468
4906663000 303036.383118629
4913480000 304818.616739273
4920290000 299530.018127441
4927489000 301933.171452522
4934298000 310626.208474159
4941117000 310409.939608574
4947927000 310103.854906082
4954742000 312840.955932617
4961562000 311621.233192444
4968379000 299368.696188927
4975198000 305130.835578918
4982019000 303907.647559166
4989212000 307212.539485931
4996022000 307876.024794579
5002841000 299620.651182175
5009648000 299247.031972885
5016462000 306935.559932709
5023287000 311724.191859245
5030105000 311442.052833557
5036921000 314136.612440109
5043736000 307817.365099907
5050547000 306455.842745781
5057365000 307156.435896873
5064174000 308767.311678886
5070983000 306373.880001068
5084623000 314782.804412842
5091443000 311480.784532547
5098257000 319117.529919624
5105069000 325730.991668701
5111887000 324397.047906876
5118706000 325068.268946648
5125525000 328735.169863701
5132345000 325407.233047485
5145964000 332539.291639328
5152780000 339160.481993675
5159980000 331417.61485672
5166801000 336077.325338364
5173624000 341751.670273781
5180432000 347279.521184921
5187277000 342153.72557354
5194095000 338767.707226753
5200909000 338339.46594429
5207725000 346925.861644745
5214538000 350479.516762733
5221351000 352028.859354973
5228167000 342602.30988884
5234978000 346124.079825401
5241794000 354688.900878906
5248629000 355429.365773201
5255441000 360947.658334732
5262260000 356527.931882858
5269073000 356047.067185402
5275886000 351561.889965057
5282695000 354034.526535034
5289508000 349540.726798058
5296319000 356023.680225372
5303121000 350417.124949455
5309960000 351156.509001732
5316784000 346749.568745613
5323599000 342253.120440483
5330396000 332582.005277634
5337214000 331105.328326225
5344018000 334491.854390144
5350833000 326978.162322044
5357646000 333441.232281685
5364454000 333852.685591698
5371273000 333363.894823074
5378098000 337927.541279793
5384910000 345363.893990517
5391722000 347795.935442924
5398534000 355223.66563797
5405352000 358703.826729774
5412173000 360208.038143158
5418986000 361632.28082943
5425792000 366986.025107384
5432607000 356420.556163788
5439426000 362888.587604523
5446238000 367286.12633419
5453055000 368726.61677742
5459868000 362124.981788635
5466686000 370566.290912628
5473496000 378927.675626755
5480310000 377322.551861763
5487121000 377684.766019821
5493939000 377108.81175518
5500754000 375500.194149017
5507584000 378028.974411011
5514396000 379383.37651062
5521214000 381790.144921303
5528029000 379164.257593155
5534845000 381543.500202179
5541664000 376946.759573936
5548474000 380260.70526886
5555286000 389589.228428841
5562106000 390988.980029106
5568923000 393356.08475399
5575735000 392671.665912628
5582548000 399992.376374245
5589361000 397308.774313927
5596180000 397677.495508194
5602994000 392994.703264236
5609803000 395260.407078743
5616623000 403625.614803314
5623434000 407901.570264816
5630247000 405192.087996483
5643870000 406731.881291389
5650680000 414981.160652161
5657495000 414273.299284935
5664305000 417513.958028793
5671121000 413806.902048111
5677940000 405123.824846268
5684762000 408464.720720291
5691596000 411914.457852364
5698411000 416180.689684868
5705226000 410442.606461525
5712048000 411766.207901955
5718861000 415000.634338379
5725672000 412211.893719673
5732487000 405456.549638748
5739318000 405847.706473351
5752928000 413126.928125381
5759739000 413316.629952431
5766560000 416596.256456375
5773378000 424843.29180336
5780193000 427057.741695404
5787006000 434249.033396721
5793824000 429483.117243767
5800641000 431703.46193409
5807455000 436891.230034828
5814283000 427206.550811768
5821095000 424366.845669746
5827916000 432607.589167595
5834718000 441665.084477425
5841542000 447925.444202423
5848358000 447106.150533676
5855170000 455244.879608154
5861984000 451398.126626968
5868800000 459565.887789726
5875616000 461729.332632065
5882448000 445039.064354897
5889268000 438231.51468277
5896077000 438316.117858887
5902894000 439471.699976921
5909707000 433585.323839188
5916522000 431713.45424366
5923339000 434856.087393761
5930157000 441003.811221123
5936973000 445128.400925636
5943819000 437530.884280205
5950640000 436693.854162216
5957452000 437767.849811554
5964259000 436790.508709908
5971067000 435818.26714325
5977872000 440813.507879257
5984684000 434870.268622398
5991505000 435007.341216087
5998341000 424281.120144844
6005154000 424334.327527046
6011970000 424411.424384117
6018785000 429474.804884911
6025601000 423543.269729614
6032416000 414598.01948452
6039236000 413695.444849014
6046042000 416656.983826637
6052852000 412651.806610107
6059662000 409642.320666313
6066484000 409741.27321434
6073300000 412779.532032967
6080114000 413794.68585968
6086923000 423758.557386398
6093735000 424746.30065918
6100551000 427767.302419662
6107369000 422802.771461487
6114180000 416768.183463097
6120994000 417757.457081795
6127810000 416761.196717262
6134610000 423610.391695976
6141420000 414549.176986694
6148233000 419511.817569733
6155042000 410432.596135139
6161865000 417480.481599808
6175495000 422413.10939312
6182309000 423363.565865517
6189120000 424281.55592823
6195944000 423317.222455978
6202755000 431226.584306717
6209573000 418197.312314987
6216387000 422126.194773674
6223199000 410032.00135994
6230014000 407961.63791275
6236830000 397896.339182854
6244030000 401428.30752182
6250851000 402401.025334358
6257674000 399388.176164627
6264490000 391305.361371994
6271302000 392180.723970413
6278111000 383023.647494316
6284930000 383956.016616821
6291723000 384640.324110985
6298531000 378460.955003738
6305342000 370305.399928093
6312157000 360183.025964737
6318972000 359056.336943626
6325805000 362094.020027161
6332614000 359902.46424675
6339424000 361715.971248627
6346234000 366525.169523239
6353049000 371376.90395546
6359862000 377205.586645126
6366680000 373076.795362473
6373490000 370868.748606682
6387152000 381833.092946053
6393971000 385696.380012512
6400788000 390536.617873192
6407602000 389344.446419716
6414411000 383101.144798279
6421227000 381919.074215889
6428046000 382760.773337364
6434868000 379626.236461639
6441694000 376524.818626404
6448519000 378409.711686134
6455327000 383131.165966988
6462132000 382820.23752594
6468946000 385589.230566978
6475759000 388344.552243233
6482568000 390058.133621216
6489381000 394804.832780838
6496187000 397481.729672432
6503020000 394406.909098625
6509843000 387234.206555367
6516663000 396029.117492676
6523489000 387875.825890541
6530311000 392680.795260429
6543929000 391034.629954338
6550741000 392733.137937546
6557556000 386455.38459301
6564373000 386192.014877319
6571193000 390952.373702049
6578010000 393680.366908073
6584842000 398544.254154205
6591654000 394216.8686409
6598477000 383987.979794502
6612130000 384582.640867233
6618946000 383275.362098694
6625760000 366945.079727173
6632569000 376563.768530846
6639383000 374224.861744881
6646195000 374862.957687378
6653008000 375506.083478928
6659862000 384527.856149673
6666651000 381938.174794197
6673470000 371624.387497902
6680285000 371268.925783157
6687103000 380937.162835121
6693923000 380619.755642891
6700747000 380335.373753548
6707564000 373981.313128471
6714389000 377697.618161201
6721206000 376334.917290688
6728026000 380995.901247978
6734837000 373568.562268257
6741643000 376090.248931885
6748449000 378607.63192749
6755264000 376204.695730209
6762085000 375853.430322647
6768901000 368451.190554619
6775718000 374053.96417141
6782527000 365577.787603378
6789340000 355134.617342949
6796150000 355659.151129723
6802969000 355263.320774078
6809783000 353816.537584305
6816605000 355440.047877312
6823415000 358947.330940247
6830229000 360487.603848457
6837034000 361939.646875381
6843848000 347471.297901154
6850665000 354026.603370667
6857483000 357586.913360596
6864303000 358161.547448158
6871128000 363778.464362144
6877941000 369279.211034775
6884757000 370803.603913307
6891576000 374351.637299538
6898386000 377811.485772133
6905199000 374294.978549957
6912012000 368774.158804893
6918822000 367221.077301025
6925640000 370738.213299751
6932456000 363232.400151253
6939267000 361675.698121071
6946087000 355198.51101017
6952894000 353595.930315971
6959711000 353082.170823097
6966515000 355443.038000107
6973328000 340883.406172752
6980141000 344319.461820602
6986949000 333704.654535294
6993763000 327141.397749901
7000572000 328527.283092499
7007376000 320862.320054054
7014188000 319267.516292572
7021029000 325938.301872253
7027840000 327325.550956726
7034649000 325689.878749847
7041467000 328133.644236565
7048285000 332573.090867996
7055097000 329952.396141052
7061912000 328355.299509048
7068728000 326763.190303802
7075550000 320222.575881004
7082364000 322603.227797508
7089176000 316960.964755058
7095991000 311342.290308952
7102803000 319691.402852058
7109619000 319073.398878098
7116428000 318385.99221611
7123238000 312703.575511932
7130058000 312109.817948341
7136877000 310502.442840576
7143689000 303825.678975105
7150502000 304153.898737907
7157316000 303487.100231171
7164119000 307713.758101463
7170940000 292103.389895439
7177777000 298637.37668705
7184592000 300962.60270977
7191398000 302199.893897057
7198208000 309470.043235779
7205021000 306763.753312111
7211836000 307071.729242325
7218646000 310328.947338104
7225455000 310572.568784714
7232273000 308895.468379021
7239087000 307176.902492523
7245905000 301491.166910172
7252718000 303754.685520172
7259529000 300995.322093964
7266341000 295240.932799339
7273153000 300482.232245445
7279964000 295709.937576294
7286787000 299044.719617844
7293598000 305263.797369957
7300417000 299552.812799454
7307233000 283809.667131424
7314043000 285006.526988029
7320855000 293217.636236191
7327676000 292507.940063477
7334485000 292682.587719917
7341299000 294899.313717842
7348112000 289102.449398994
7354929000 287338.376131058
7361739000 293505.058449745
7368559000 291760.178318977
7375419000 299381.936477661
7389058000 301861.24585247
7395897000 294275.225129128
7402722000 292555.05856514
7409540000 286765.668535233
7416356000 292953.419275284
7429958000 295037.904141426
7436791000 291370.285823822
7443619000 285651.99135685
7450446000 286920.098337173
7457274000 286193.141437531
7464047000 276952.236573219
7470876000 278225.916615486
7477665000 278124.684306145
7484464000 276111.808396339
7491285000 277298.42864418
7498107000 276489.988825798
7504926000 274649.439208984
7511740000 264758.262846947
7518558000 266899.815461159
7525376000 265037.049218178
7532200000 263225.520665169
7539008000 271261.525000572
7545816000 279293.223140717
7552638000 276450.220443726
7566329000 257186.28726387
7573155000 253367.305476189
7579988000 253608.779582024
7586804000 245688.591858864
7593617000 243736.32666111
7600430000 236779.74893856
7607251000 234892.878303528
7614073000 228010.93682766
7620891000 225087.666692734
7627709000 212160.077701569
7634522000 217181.920269966
7641306000 205931.221030235
7648078000 190565.262015343
7654889000 196555.715269089
7661710000 199634.332449913
7668531000 200708.626972198
7675361000 190861.813947678
7682192000 196019.912339211
7688973000 204711.432589531
7695731000 192186.063456535
7702526000 182998.464378357
7709349000 176065.378596306
7716177000 177174.179275513
7723010000 181324.856901169
7729835000 179397.268156052
7736666000 183520.79424572
7743493000 183603.025822639
7750324000 186717.883769035
7757149000 182772.975229263
7770722000 166158.905978203
7777494000 158711.521607399
7784321000 153767.856585503
7791147000 151810.625930786
7797981000 145922.944128036
7804800000 140892.411728859
7811622000 135885.259597778
7818453000 129956.879000664
7825272000 124913.376729965
7832103000 118976.333067894
7838918000 111887.259239197
7852432000 104625.52513504
7859235000 100412.831118584
7866028000 86103.5531492233
7872811000 93697.7101602554
7879590000 99250.6839504242
7886360000 97716.3494815826
7899963000 90216.0970516205
7906741000 88742.7451887131
7913526000 90329.6929674149
7920300000 91810.9065752029
7927098000 95509.2025442123
7933887000 100120.206028938
7940658000 89560.9407901764
7947450000 92191.0537719727
7954251000 89899.8626832962
7961001000 85134.1755542755
7967778000 85613.1671056747
7974549000 79032.5816345215
7981334000 72576.7843933105
7988126000 65181.2294559479
7994924000 61836.6871376038
8001722000 52487.8512649536
8008532000 48245.3038663864
8015337000 45952.3750600815
8022138000 50618.2882347107
8028933000 51224.6244268417
8035733000 49872.7340602875
8042503000 57240.1872806549
8049294000 54796.82127285
8056059000 56109.6910028458
8062836000 55528.830247879
8069639000 47183.1492271423
8076417000 47602.9468240738
8083199000 36055.3090190887
8089978000 25475.7750406265
8096768000 16993.2481584549
8103559000 17515.644159317
8110312000 10683.9384393692
8117085000 16032.0975008011
8123867000 20458.834608078
8130688000 8240.24737167358
8137473000 6686.02273654938
8144285000 12375.9899978638
8151052000 15647.5593671799
8157879000 8466.95199775696
8164693000 162.405792236328
8171514000 6917.94598293304
8178330000 3623.16655158997
8185146000 13324.0707969666
8191962000 14020.6587219238
8198778000 16712.9303226471
8212376000 3771.85279655457
8219146000 10028.1994218826
8225965000 8730.84129524231
8232787000 7456.74604606628
8239547000 6608.3173160553
8246310000 10783.2221307755
8253057000 8806.79829502106
8259810000 10881.2960233688
8266630000 3567.36673355103
8273454000 3285.87827396393
8280276000 -1018.31648826599
8287101000 -5299.26731395721
8293925000 -2593.73452281952
8300731000 -13057.9125509262
8307487000 -5985.76379108429
8314292000 -7467.70429801941
8321110000 -11834.5275421143
8327930000 -16187.2986526489
8334713000 -11884.231048584
8341479000 -6741.57005310059
8348241000 -3639.89671325684
8355066000 -2963.94411087036
8361903000 -2182.1311788559
8368729000 3494.34006118774
8375556000 -9824.33662796021
8382381000 -8165.70445156097
8389208000 -10493.0404024124
8396040000 -15778.8107891083
8402869000 -14096.4533805847
8409732000 -15106.3803329468
8416559000 -9451.06462001801
8423378000 -12873.4921798706
8430178000 -18474.5837335587
8436932000 -26502.0381393433
8443784000 -19634.6067066193
8450597000 -15129.3270282745
8457395000 -16765.9618453979
8464193000 -17406.8902177811
8470967000 -23272.2450275421
8477735000 -27196.8925819397
8484490000 -29245.018198967
8491277000 -26003.9330158234
8498084000 -25583.7337827682
8504862000 -32433.7420492172
8518460000 -27761.5162191391
8525270000 -34331.0067749023
8532085000 -35858.9734249115
8538897000 -29418.7528104782
8545692000 -25138.6528940201
8552482000 -29908.6658983231
8559275000 -24655.4703588486
8566079000 -34305.7650089264
8572886000 -27932.8725891113
8579647000 -26985.7419376373
8586454000 -21621.4302902222
8593248000 -23380.5145330429
8600055000 -20024.8045253754
8606861000 -23682.5590295792
8613671000 -32307.9814147949
8620484000 -33910.2375860214
8627305000 -46443.5448436737
8634114000 -43091.0593147278
8640923000 -49742.8812465668
8647723000 -48481.4126787186
8654498000 -49453.1189870834
8661304000 -45145.2996635437
8668101000 -46924.1690034866
8674914000 -39560.8785266876
8681721000 -41256.8163127899
8688524000 -40993.6669979095
8695341000 -38606.6985301971
8702145000 -32343.0070858002
8708945000 -38120.2171535492
8715770000 -28672.9867687225
8722584000 -30330.7212047577
8729386000 -38102.5477695465
8736193000 -40832.9351272583
8743023000 -36357.248041153
8749842000 -31986.5042648315
8756676000 -26482.8957042694
8763493000 -28139.0917301178
8770305000 -35845.3273105621
8777125000 -48482.7240657806
8783940000 -47170.1578464508
8790760000 -45816.1942157745
8797569000 -44567.1124343872
8804383000 -38276.6319770813
8811199000 -38972.1841220856
8817980000 -38991.9512748718
8824800000 -37659.5565776825
8831613000 -35395.4541511536
8838435000 -44053.4216709137
8845252000 -43761.40026474
8852002000 -44085.8620586395
8858793000 -35039.9738445282
8865581000 -35025.7769737244
8872356000 -34134.6148834229
8879156000 -45019.3603096008
8885980000 -44689.1942749023
8892792000 -40472.9508571625
8899599000 -35306.6806030273
8906407000 -36135.583530426
8913232000 -46813.5636959076
8920039000 -52660.2202510834
8926857000 -48410.7534008026
8940540000 -49495.7330265045
8947355000 -51286.636346817
8954139000 -52364.801404953
8960932000 -55365.1022071838
8967751000 -53132.412940979
8974539000 -51186.931722641
8981315000 -60355.2289009094
8988131000 -64162.8255882263
8994975000 -78719.2800064087
9001796000 -84489.9126377106
9008615000 -86283.1124324799
9015415000 -86253.9431266785
9022213000 -94247.311882019
9029020000 -90162.8909778595
9035837000 -82991.5777683258
9042650000 -76861.0585079193
9049471000 -78661.9041137695
9056281000 -85567.3684368134
9063104000 -96358.6180076599
9070315000 -90616.9759750366
9077130000 -88490.0489826202
9083950000 -90321.8607788086
9090771000 -87148.8793468475
9097586000 -92034.9044876099
9104395000 -89979.9248046875
9118020000 -81819.1032085419
9124792000 -83114.1742477417
9131590000 -86176.6245269775
9138381000 -90307.1397342682
9145526000 -86217.1593742371
9152333000 -90210.7249565125
9159165000 -101980.888811111
9166001000 -110718.958757401
9172840000 -111434.049407959
9179679000 -107153.485561371
9186525000 -102813.5271492
9193363000 -111550.763841629
9200203000 -115274.135860443
9207037000 -116056.477554321
9213880000 -115761.229759216
9220715000 -122543.152921677
9227933000 -127843.391153336
9234828000 -121088.164075851
9241696000 -125583.070055008
9248533000 -127364.457244873
9255369000 -127159.286725998
9262208000 -128931.161819458
9269015000 -132998.520265579
9275801000 -137261.229625702
9282633000 -141109.764772415
9289453000 -134071.790449142
9296273000 -135038.137516022
9303091000 -140026.995758057
9309915000 -145965.607299805
9316736000 -142935.826179504
9323560000 -136883.088739395
9330393000 -143752.84654808
9337224000 -139645.125680923
9344040000 -145678.10647583
9350860000 -143679.041772842
9357672000 -143757.017034531
9364489000 -147793.857608795
9371310000 -156798.661550522
9378126000 -158853.227760315
9384946000 -162875.761137009
9398578000 -176006.480232239
9405402000 -185005.631160736
9412220000 -183063.617071152
9419033000 -186171.342445374
9425854000 -181210.712438583
9432669000 -183308.902215958
9439491000 -186347.831501007
9446303000 -183481.900585175
9459948000 -196572.285785675
9466774000 -196592.186325073
9473605000 -191571.02060318
9480434000 -195572.347057343
9487250000 -203696.017490387
9494068000 -210805.849945068
9500889000 -216892.771707535
9507713000 -218956.788480759
9514557000 -215843.62677002
9521383000 -208898.159919739
9528212000 -214929.800134659
9535036000 -211011.139871597
9541875000 -220960.715431213
9548699000 -220050.717599869
9555521000 -223163.189105988
9562347000 -229243.701313019
9569173000 -236328.542518616
9575991000 -244490.269025803
9582808000 -254665.383295059
9589612000 -257962.702695847
9596436000 -262082.970434189
9603268000 -258135.028594971
9610076000 -259409.016263962
9616867000 -254841.427711487
9623697000 -250924.584657669
9630529000 -245993.946733475
9637359000 -240085.773094177
9644182000 -238245.375947952
9651006000 -237400.241424561
9657853000 -247351.008880615
9664670000 -257577.970954895
9671460000 -262053.88863945
9678256000 -260479.729557037
9685074000 -259710.55459404
9692281000 -262421.843828201
9699086000 -269779.308307648
9705902000 -269041.443027496
9712727000 -274226.382555008
9719561000 -283334.144010544
9726394000 -278455.300180435
9733208000 -276752.837917328
9740027000 -271009.417953491
9746878000 -276980.600889206
9753706000 -271164.364192963
9760530000 -271388.668605804
9767353000 -269626.351236343
9774179000 -285841.205688477
9.781e+09 -287105.641590118
9787807000 -288501.098167419
9794596000 -295063.745773315
9801341000 -308028.813957214
9808087000 -315989.061035156
9814862000 -311691.163175583
9821678000 -314026.614587784
9828481000 -317483.981357574
9835287000 -328918.5116539
9842106000 -330239.763027191
9848918000 -330628.643789291
9855738000 -324949.487426758
9862556000 -324292.738279343
9869364000 -331730.730802536
9876189000 -326019.321498871
9.883e+09 -322438.814125061
9889815000 -322826.455213547
9896649000 -326046.656152725
9903468000 -328406.782930374
9910226000 -330322.577266693
9917038000 -327754.570608139
9923851000 -329181.837989807
9930649000 -336748.966703415
9937437000 -337410.748540878
9944234000 -340995.493375778
9951053000 -347385.767250061
9957882000 -341690.020666122
9964699000 -341107.007972717
9971517000 -340519.280076981
9978302000 -339233.932285309
9985113000 -338718.041887283
9991943000 -339034.87449646
9998763000 -333446.343769073
10005582000 -343871.164058685
10012391000 -340390.594398499
10019217000 -331760.85008049
10026028000 -338270.850646973
10032854000 -334649.754810333
10039672000 -333105.199640274
10053313000 -345983.919906616
10060136000 -342407.201683044
10066965000 -340780.665113449
10073740000 -350645.71905899
10080558000 -350127.063089371
10087375000 -346621.748001099
10094180000 -338229.007228851
10101001000 -347696.236675262
10107820000 -353185.829034805
10114626000 -355796.994943619
10121375000 -352926.539833069
10128114000 -349150.499019623
10135247000 -349825.744207382
10141993000 -351995.270112991
10148789000 -345718.207983017
10155611000 -343211.028985977
10162421000 -350816.354560852
10169239000 -354353.87348938
10176060000 -347868.669914246
10182887000 -348333.710077286
10189698000 -342947.280817032
10196521000 -348457.018907547
10203346000 -345953.059686661
10210169000 -340471.449428558
10216989000 -345021.194320679
10223817000 -350503.18579483
10230636000 -352070.587251663
10237463000 -357570.244169235
10244284000 -352128.276041031
10251112000 -352627.582872391
10257943000 -353104.202695847
10264778000 -353549.13568306
10271602000 -368097.463100433
10278427000 -368641.112701416
10285255000 -368162.079105377
10292074000 -371768.404117584
10298896000 -375352.042125702
10305698000 -374120.038896561
10312522000 -369694.309864044
10319325000 -377461.917280197
10326142000 -376107.826753616
10332984000 -372533.073598862
10339785000 -369331.611284256
10346609000 -368927.49363327
10353430000 -374554.694366455
10360252000 -375177.22108078
10367082000 -372732.103403091
10373903000 -382372.27844429
10380724000 -383016.776145935
10387546000 -380656.602365494
10394327000 -379669.486274719
10401152000 -379290.955734253
10407976000 -379925.745162964
10414805000 -377519.903022766
10421623000 -378217.294374466
10428417000 -373134.772743225
10435159000 -379524.004655838
10441953000 -380450.027210236
10448796000 -373939.904216766
10455618000 -373622.875883102
10462445000 -370265.235574722
10469270000 -374929.898622513
10476088000 -374661.790782928
10482916000 -375308.149015427
10489739000 -370003.762002945
10496610000 -368272.467815399
10503765000 -374994.287403107
10510587000 -367712.099563599
10517405000 -370470.16394043
10524221000 -370250.510053635
10531039000 -378017.210874557
10537898000 -373420.04352951
10544718000 -380177.448961258
10551535000 -390966.112493515
10558357000 -396714.202270508
10565194000 -402331.951459885
10572019000 -409061.767595291
10578844000 -407795.911458969
10585673000 -404498.480129242
10592494000 -408277.182374954
10599324000 -404979.437112808
10606155000 -409677.052095413
10612983000 -409405.921998978
10619807000 -409175.01367569
10626637000 -409894.600259781
10633464000 -407645.43478775
10640295000 -400364.716957092
10647130000 -417052.45438385
10653954000 -410843.195482254
10660783000 -408593.419277191
10667633000 -407159.645420074
10674466000 -397882.678220749
10681303000 -395574.181518555
10688141000 -392261.061563492
10694979000 -391952.285840988
10701810000 -395710.608932495
10708645000 -396437.410142899
10722285000 -402172.924926758
10729120000 -396912.728345871
10735944000 -393755.45164299
10742780000 -392494.967781067
10749618000 -390220.904615402
10756441000 -397085.58364296
10763273000 -400873.954786301
10770105000 -402666.66254425
10776953000 -398320.379550934
10783785000 -393121.770683289
10790619000 -391909.585048676
10797462000 -391621.134077072
10811111000 -388388.610897064
10817949000 -392157.958911896
10824790000 -392904.790613174
10831629000 -398673.876117706
10838472000 -402411.498147964
10845291000 -401368.30937767
10852123000 -402213.078046799
10858922000 -395357.544612885
10865761000 -385148.317594528
10872585000 -392077.67218399
10879418000 -392930.817272186
10886243000 -393859.8826828
10893066000 -395811.170164108
10899895000 -395713.103614807
10906719000 -396664.099382401
10913541000 -403637.312149048
10920369000 -410561.181030273
10927195000 -414507.269447327
10934020000 -412466.630228043
10940847000 -414412.433273315
10947667000 -413425.161270142
10954498000 -416343.854551315
10961316000 -413383.113960266
10968138000 -411390.931436539
10974964000 -418367.314588547
10981800000 -419258.637464523
10988643000 -415091.733985901
10995472000 -417054.308280945
11002298000 -418048.026451111
11009119000 -417090.755559921
11015936000 -427173.550348282
11022749000 -428296.403215408
11029573000 -432325.289226532
11036394000 -430385.303260803
11043218000 -426422.84029007
11050048000 -422411.108261108
11056878000 -425403.71030426
11063708000 -424400.646421432
11070531000 -423464.431390762
11077352000 -418550.401651382
11084177000 -413604.976905823
11090993000 -410744.238927841
11097828000 -412718.18245697
11104665000 -405678.611383438
11111488000 -405768.359554291
11118314000 -400835.654184341
11125144000 -395871.575374603
11138804000 -386956.419973373
11145631000 -384032.114500046
11152454000 -385147.831575394
11159289000 -386160.804595947
11166113000 -389276.257863998
11172893000 -392788.569116592
11179666000 -389367.595022202
11186479000 -394594.086454391
11193251000 -399190.580881119
11199982000 -398157.000909805
11206791000 -393432.024150848
11213524000 -388389.076839447
11220274000 -386198.756252289
11227037000 -388896.758935928
11233832000 -385313.714670181
11241011000 -384311.65309906
11247774000 -376022.685653687
11254587000 -375292.288398743
11261410000 -374477.074172974
11268232000 -368675.097457886
11275050000 -368913.09139061
11281868000 -369155.404180527
11288684000 -365419.856657028
11295493000 -365750.993932724
11302318000 -373943.892282486
11309136000 -368203.477964401
11315963000 -369387.21157074
11322777000 -366691.069654465
11329601000 -367910.175390244
11336408000 -364285.009248734
11343238000 -357459.325044632
11350047000 -348824.97388649
11363680000 -348435.642230988
11370878000 -345351.035043716
11377701000 -344609.539270401
11384539000 -337738.846040726
11391375000 -336890.298789978
11398190000 -334232.998271942
11404997000 -330651.209676743
11411800000 -329109.321918488
11418630000 -320331.47876358
11425462000 -312540.174266815
11432276000 -302913.353704453
11439098000 -296219.675403595
11445927000 -296468.050384521
11452713000 -298103.25062561
11459511000 -290635.994745255
11466332000 -282968.472463608
11473154000 -284296.379562378
11479968000 -276699.751729965
11486787000 -273062.977636337
11493629000 -275226.022039413
11500459000 -270500.104625702
11507290000 -263769.631177902
11514116000 -263087.940425873
11520942000 -262410.578668594
11527775000 -263675.328495026
11534610000 -266926.64107132
11541446000 -269173.40713501
11548324000 -273051.290527344
11555142000 -281466.708490372
11561979000 -274717.629844666
11568814000 -280990.662937164
11575650000 -275259.152694702
11596101000 -270596.937608719
11602926000 -268980.451334
11609766000 -278235.084020615
11616594000 -280600.622865677
11623434000 -280863.9414711
11630258000 -280273.665718079
11637082000 -278687.716424942
11643910000 -275070.583946228
11650740000 -273440.029445648
11657947000 -266467.509893417
11664772000 -267890.240135193
11671599000 -262299.548429489
11678425000 -263722.061191559
11685253000 -258131.155809402
11692085000 -260509.090219498
11698909000 -258962.339651108
11705727000 -259473.145551682
11712939000 -251493.089776993
11719763000 -246959.560781479
11726590000 -243403.749055862
11733411000 -238905.482172012
11740247000 -236278.511018753
11747067000 -232797.766784668
11753881000 -229374.547105789
11760706000 -230858.109046936
11767514000 -226496.719474792
11774340000 -226980.060800552
11781170000 -235432.272485733
11787995000 -236933.138368607
11794812000 -235509.239109039
11801643000 -240965.578830719
11808477000 -238399.66753006
11815300000 -235935.571741104
11822137000 -234351.749198914
11828934000 -237126.678396225
11835751000 -232728.708105087
11842565000 -227361.632268906
11849395000 -229857.137084961
11856219000 -230410.122089386
11863037000 -238020.575870514
11869854000 -232644.204929352
11876674000 -240245.584217072
11883499000 -248807.009134293
11890318000 -247425.88889122
11897132000 -251093.358192444
11903937000 -251844.820560455
11910756000 -243476.648645401
11917576000 -240103.944871902
11924397000 -246726.711133957
11931220000 -241336.098617554
11938042000 -249958.66137886
11944864000 -253585.548063278
11951678000 -261287.549213409
11958493000 -263985.015964508
11978918000 -261280.232276917
11985733000 -254994.946592331
11992551000 -252687.44090271
11999374000 -251340.032138824
12006193000 -251032.323574066
12019815000 -237571.346599579
12026639000 -233232.379001617
12033453000 -237986.150062561
12040653000 -239331.775339127
12047471000 -239059.058675766
12054291000 -232772.982299805
12061114000 -231464.711364746
12067936000 -234169.603637695
12074757000 -236887.657218933
12081574000 -242645.38045311
12088394000 -246380.912931442
12095218000 -245085.424871445
12102034000 -259864.942056656
12108851000 -260639.941347122
12115682000 -253295.588096619
12122500000 -252070.398487091
12129319000 -249840.695421219
12136145000 -243553.490722656
12142967000 -255305.939199448
12149789000 -251062.711605072
12156609000 -254841.467487335
12163429000 -254624.544761658
12170253000 -252376.629386902
12177068000 -253212.491359711
12183897000 -251929.086984634
12197548000 -250437.05846405
12204369000 -253237.250778198
12211570000 -257688.383951187
12218385000 -256550.406625748
12225190000 -258504.978408813
12232005000 -255375.624862671
12238823000 -250224.119955063
12245650000 -247997.540355682
12252464000 -243889.962347031
12259293000 -242654.394557953
12266112000 -243511.355604172
12272930000 -236381.455747604
12279755000 -237194.146389008
12286571000 -241090.524082184
12293388000 -251982.401027679
12307075000 -256311.870260239
12314285000 -259752.380979538
12321112000 -265573.665817261
12327986000 -268985.029619217
12334791000 -274008.895683289
12341608000 -277931.313064575
12348441000 -276717.056749344
12355264000 -271595.251516342
12362086000 -263486.582164764
12368919000 -261285.326156616
12375741000 -260185.311628342
12382562000 -257098.42980957
12389386000 -257989.446193695
12396218000 -264814.32890892
12403043000 -266705.196407318
12409911000 -265221.723064423
12416740000 -260086.050848007
12423561000 -266025.15123558
12430406000 -277757.270103455
12437233000 -284652.208784103
12444059000 -282560.280799866
12450884000 -282481.484251022
12457705000 -289442.222642899
12464534000 -294336.87433815
12471358000 -291279.861509323
12478187000 -292183.175638199
12485053000 -286765.249797821
12491851000 -289950.010520935
12498665000 -291998.296823502
12505490000 -287954.125909805
12512311000 -281949.469642639
12519133000 -288940.339941025
12526006000 -283486.965703964
12532823000 -285530.49029541
12539639000 -282587.126665115
12546470000 -278516.176006317
12553297000 -274484.732372284
12560129000 -278413.657567978
12566962000 -276338.127723694
12573783000 -276372.427974701
12580623000 -286244.033586502
12587443000 -282295.780944824
12594274000 -282255.169424057
12601106000 -287210.104764938
12607942000 -282134.225334167
12614768000 -274150.559698105
12621599000 -281127.290178299
12628409000 -273292.860790253
12635239000 -268287.03393364
12642068000 -266294.325824738
12648897000 -270305.950517654
12655720000 -267374.608448029
12662539000 -271482.722661972
12669360000 -285577.592720032
12676187000 -281624.096406937
12683024000 -285587.12166214
12689852000 -296633.511987686
12696673000 -301745.691055298
12703497000 -296835.85587883
12710373000 -304473.873962402
12717200000 -300546.391593933
12724031000 -295588.131252289
12730863000 -293625.429824829
12737693000 -292684.616592407
12744553000 -285484.882804871
12751392000 -288473.786092758
12758206000 -283686.381959915
12765023000 -288876.971862793
12771850000 -290984.153182983
12778673000 -293130.752700806
12785496000 -289281.677410126
12792328000 -282357.990884781
12799159000 -280447.411046982
12805994000 -277506.088773727
12812838000 -281490.187639236
12819673000 -279557.551921844
12826493000 -270760.769712448
12833325000 -270863.106025696
12840154000 -264996.077756882
12846980000 -264159.679204941
12853806000 -266327.609649658
12860636000 -264464.811618805
12867467000 -260597.583927155
12874300000 -252717.165380478
12881136000 -249814.797325134
12887959000 -246030.674730301
12894797000 -242119.459411621
12901627000 -234282.672794342
12908450000 -236511.539726257
12915284000 -230648.379650116
12922109000 -224868.38662529
12928933000 -219101.479352951
12935748000 -215417.715040207
12942580000 -220589.400943756
12949405000 -213826.716300964
12956234000 -216033.337440491
12963072000 -214165.497728348
12969909000 -216310.75646019
12976748000 -214442.85099411
12983590000 -219553.032194138
12990410000 -214860.113521576
12997265000 -213865.207605362
13004090000 -223137.198690414
13010918000 -221387.266288757
13017740000 -218694.164047241
13024568000 -224952.890909195
13031398000 -221198.452301025
13038219000 -219527.078577042
13045007000 -215148.686317444
13051823000 -212529.670021057
13058644000 -206871.240188599
13065456000 -211295.841054916
13072272000 -214689.774358749
13079058000 -211350.34617424
13085883000 -206674.202159882
13092709000 -206993.643066406
13099524000 -213413.576868057
13106339000 -209837.825723648
13113159000 -210222.685106277
13119984000 -218568.164516449
13126790000 -215084.024793625
13133586000 -213691.57881546
13140412000 -212041.272602081
13147241000 -210369.082166672
13154078000 -221631.327697754
13160905000 -224985.280883789
13167724000 -222413.451026917
13174544000 -226837.206087112
13181378000 -228142.998577118
13188188000 -237662.74464035
13195021000 -231985.933494568
13201854000 -230313.460227966
13208683000 -231680.252965927
13215510000 -224068.841302872
13222347000 -225374.452281952
13229175000 -238762.977363586
13236004000 -230147.104486465
13242828000 -232579.208705902
13249647000 -232059.280513763
13256519000 -221081.110210419
13263332000 -221622.217559814
13270157000 -215062.921592712
13276989000 -209446.873556137
13283821000 -207835.162130356
13290645000 -217297.582641602
13297465000 -218799.224744797
13304270000 -226436.035480499
13311027000 -233495.829595566
13317829000 -230167.380462646
13324654000 -231642.641012192
13331516000 -239799.566326141
13338319000 -236475.345485687
13345140000 -231998.476146698
13351944000 -230674.147708893
13358742000 -233406.428945541
13365570000 -230881.480043411
13372370000 -225604.933689117
13379131000 -220672.614957809
13385884000 -214814.267709732
13392661000 -209750.998821259
13399489000 -210247.567390442
13413104000 -202610.933647156
13419924000 -197190.170049667
13426743000 -194782.43961525
13433490000 -197006.231481552
13440283000 -193833.569000244
13447106000 -193403.897327423
13453925000 -199013.387830734
13460749000 -202583.655397415
13467565000 -205227.913251877
13474380000 -200885.194774628
13481188000 -207607.738342285
13487980000 -211473.885408401
13494802000 -206083.154966354
13501615000 -205775.091779709
13508435000 -199410.411844254
13515259000 -202015.239107132
13522079000 -198659.204486847
13528903000 -192272.682136536
13535721000 -190942.696123123
13542544000 -192573.5239048
13549361000 -191260.879150391
13556194000 -194813.356061935
13563022000 -190413.666402817
13569835000 -183148.785425186
13576648000 -180888.216974258
13583459000 -177649.355464935
13590273000 -185388.714216232
13597080000 -184193.258377075
13603908000 -179819.505903244
13610714000 -174641.367887497
13617517000 -175493.61567688
13624337000 -174202.375297546
13631160000 -179889.377967834
13637987000 -178545.937253952
13644813000 -174215.518312454
13651615000 -172098.009441376
13658424000 -166923.967453003
13672054000 -155484.538089752
13678862000 -154332.114421844
13685678000 -156114.495235443
13692505000 -152805.634485245
13699333000 -152492.417552948
13706154000 -152244.332838058
13712966000 -151078.737388611
13719792000 -148795.869560242
13726614000 -152552.066371918
13733421000 -152442.836278915
13740233000 -147294.497886658
13747054000 -148072.332639694
13753878000 -154828.445915222
13760677000 -152805.904283524
13767465000 -146883.138734818
13774257000 -147929.936180115
13781074000 -143764.048294067
13787897000 -143550.408691406
13794724000 -139306.38394928
13801528000 -130266.259319305
13808348000 -128091.614738464
13815170000 -127903.940179825
13821987000 -131763.964796066
13828810000 -124576.260505676
13835607000 -122618.399774551
13842416000 -120560.753507614
13849231000 -113455.379583359
13856050000 -117319.633176804
13862869000 -120188.206892014
13869687000 -126069.771347046
13876475000 -125215.754249573
13883303000 -125019.243875504
13890098000 -127113.1328125
13896909000 -127072.622077942
13903710000 -131123.095905304
13917349000 -137916.286493301
13924197000 -142572.394598007
13931017000 -146475.477380753
13937832000 -141426.202989578
13944651000 -141346.589036942
13951471000 -134262.632188797
13958280000 -135278.282985687
13965097000 -141228.947212219
13971916000 -136166.606782913
13978728000 -135169.209888458
13985548000 -131106.84541893
13992361000 -126109.416883469
13999180000 -130064.349346161
14006004000 -134980.312164307
14012799000 -134151.663742065
14019634000 -135981.037530899
14026449000 -136987.872800827
14033270000 -129947.090602875
14040083000 -126979.869356155
14046832000 -122570.826692581
14053651000 -122560.268821716
14060434000 -130865.53528595
14067250000 -129889.551643372
14074075000 -126840.019659042
14080900000 -131794.815402985
14087668000 -125247.009593964
14094479000 -122331.520910263
14101296000 -129368.447616577
14108110000 -138435.637311935
14114930000 -129455.253797531
14121756000 -133427.308475494
14128587000 -140360.459331512
14135397000 -137479.510068893
14142133000 -138242.621915817
14148875000 -142958.081281662
14155710000 -145873.86721611
14162526000 -142958.21836853
14169316000 -136271.598100662
14176523000 -135985.493026733
14183352000 -133970.685089111
14190165000 -135098.463434219
14196988000 -130144.152204514
14203814000 -127168.247444153
14210638000 -124213.949560165
14217466000 -118229.424909592
14224283000 -117344.246196747
14231103000 -117437.473953247
14244744000 -115628.257865906
14251566000 -121717.180147171
14258397000 -121732.715816498
14265225000 -115778.488435745
14272051000 -109845.859060287
14278864000 -111029.782503128
14285689000 -116114.434846878
14292503000 -110298.35959816
14299314000 -106512.490247726
14306133000 -107661.89033699
14312947000 -103858.757724762
14319770000 -102982.279684067
14326612000 -99946.1916599274
14333435000 -98078.3760490417
14340248000 -95301.1546173096
14347068000 -97467.8618507385
14353900000 -95535.3828926086
14367519000 -82071.5311737061
14374329000 -78341.7555885315
14381142000 -75590.4194297791
14387971000 -73705.43633461
14394787000 -78936.8698558807
14401606000 -85146.7560997009
14408434000 -77283.3773880005
14415264000 -74407.0903491974
14422074000 -83707.5233058929
14428888000 -82977.7903308868
14435709000 -80192.0449333191
14442528000 -83427.8569869995
14449346000 -83676.6059246063
14456162000 -82946.9059810638
14462976000 -88238.7533512115
14469795000 -91491.8401947021
14476616000 -92732.0187015533
14483441000 -90942.0654830933
14490264000 -90173.6659164429
14497085000 -80426.8162002563
14503898000 -77753.1826972961
14510677000 -72376.6378726959
14517490000 -66711.6078968048
14524292000 -69145.5982379913
14531118000 -64377.2671813965
14537937000 -69673.5248451233
14544756000 -63974.1026325226
14551586000 -59184.3206310272
14558410000 -53450.5124816895
14565232000 -56738.2427845001
14572066000 -52927.0326690674
14578886000 -50240.6278820038
14585708000 -44541.3363018036
14592512000 -40001.2309417725
14599320000 -45431.0154018402
14606128000 -41865.1060600281
14612941000 -39260.495092392
14619764000 -42574.1873474121
14626583000 -42926.6059780121
14633792000 -39929.4832744598
14640621000 -38204.7993068695
14647379000 -32094.9317722321
14654164000 -37757.1685657501
14660952000 -36397.8911972046
14667730000 -27128.859495163
14674507000 -21872.6919631958
14681326000 -23259.7925853729
14688134000 -23745.7536811829
14694913000 -19485.2454242706
14701688000 -14263.3800315857
14708510000 -9641.92290496826
14715328000 -8059.15790748596
14722149000 -2454.93751335144
14728922000 -6267.39750671387
14735704000 -4006.8081073761
14742492000 -5698.95490837097
14749297000 -3249.37141036987
14756109000 -1743.97247505188
14762930000 2834.40386390686
14769745000 3356.93557357788
14776551000 10797.8749637604
14783369000 17337.5394496918
14790160000 19641.0874462128
14796966000 17069.1177330017
14803775000 16518.5958538055
14810525000 16457.3574829102
14817276000 26400.4685516357
14824025000 32322.1813278198
14830755000 34076.617023468
14837499000 35946.974445343
14844241000 24795.9461040497
14850985000 31657.8535499573
14857795000 30081.7373695374
14864588000 23355.4833488464
14871359000 32436.235906601
14878161000 28778.6135959625
14884970000 16176.7267093658
14891777000 18553.3810462952
14898602000 19080.0808906555
14905421000 15551.0066680908
14912243000 17043.3335914612
14919061000 24497.0440998077
14925870000 27869.2833423615
14932690000 27331.5055541992
14939500000 24703.6941394806
14946304000 22020.1504516602
14953127000 21495.1348381042
14959927000 11768.6995601654
14966728000 18046.5368919373
14973505000 12114.4433612823
14980297000 17306.5942707062
14987091000 11511.5928058624
14993911000 10935.0232524872
15000711000 9182.82158851624
15007502000 14349.2396945953
15014288000 7468.55171012878
15021118000 14960.3855991364
15027919000 22199.5581932068
15034736000 17571.4314651489
15041483000 23339.6649646759
15048289000 19608.7751178741
15055077000 19719.4928760529
15061893000 15065.6056060791
15068709000 16407.402015686
15075469000 25265.6011428833
15082279000 23547.4526195526
15089099000 28910.5686225891
15095907000 29166.6829357147
15102724000 31495.4955844879
15109546000 30862.7677726746
15116364000 34191.4968700409
15123181000 34507.3529510498
15129990000 41750.4632415771
15136815000 47126.1123466492
15143655000 46625.7175769806
15150470000 52907.1854877472
15157288000 57209.9913139343
15164106000 54508.4782829285
15170923000 57794.0966701508
15177740000 59075.3974704742
15184534000 57155.7661705017
15191346000 54385.7072353363
15198168000 55696.8089599609
15204942000 65593.3518867493
15211735000 65648.0042285919
15218556000 65937.6376857758
15225382000 65265.6717987061
15232200000 70521.0246829987
15239021000 72797.6888999939
15245837000 71027.3166465759
15252646000 78192.8331642151
15259455000 82354.0422172546
15266270000 87562.188999176
15273086000 84774.5609550476
15279906000 84016.7749767303
15286715000 93160.7390022278
15293525000 97308.9338989258
15300340000 95495.5085639954
15307154000 95669.2311077118
15313972000 99872.7855911255
15320790000 104072.021215439
15327613000 108309.6138134
15334435000 112534.346683502
15341227000 116498.738674164
15347981000 118134.580392838
15354758000 112962.434768677
15361532000 111760.42603302
15368350000 110929.534820557
15375173000 112136.9784832
15381988000 121271.856050491
15388808000 132445.065961838
15395632000 128648.069864273
15402432000 135642.070207596
15409216000 137495.333147049
15416005000 149386.954961777
15422812000 153427.768358231
15429645000 154685.944671631
15443140000 149731.607236862
15449964000 151900.164293289
15456811000 152260.427625656
15463638000 152445.884759903
15470466000 140635.533521652
15477292000 148803.808233261
15484111000 146908.109575272
15490928000 152991.050811768
15497754000 149146.348676682
15504572000 145229.167757034
15511370000 146137.306154251
15518109000 144538.620649338
15524869000 149114.569417953
15531670000 150035.437030792
15538480000 144028.64746666
15545307000 141162.303155899
15552132000 143274.599969864
15558955000 141365.541711807
15565729000 140035.019317627
15572466000 143385.274303436
15579281000 150395.231786728
15586034000 146873.182756424
15592819000 149619.233673096
15599644000 155701.403152466
15606457000 155677.133811951
15613236000 149359.258647919
15620060000 155419.973724365
15626887000 154501.884420395
15633717000 155604.985025406
15647359000 159645.085794449
15654180000 167658.652191162
15660990000 169574.349832535
15667806000 176536.760095596
15674630000 181562.877433777
15681444000 187499.645404816
15688275000 180576.627758026
15695094000 177547.262500763
15701879000 184224.563833237
15708689000 192110.082036972
15715499000 187991.29151535
15722271000 186545.249414444
15729060000 177239.410291672
15735877000 180167.211557388
15742696000 173107.688432693
15749478000 168729.494356155
15756270000 173431.980306625
15763096000 168419.000295639
15769922000 173401.691289902
15776748000 165380.053285599
15783565000 166277.651060104
15790393000 160264.345106125
15797216000 163204.249946594
15804041000 168156.811393738
15810855000 170011.652173996
15817681000 171964.054773331
15824501000 176861.194375992
15831322000 183762.500957489
15838081000 192133.245294571
15844886000 201890.152168274
15851693000 207659.729585648
15858503000 203450.459594727
15865321000 206304.762540817
15872132000 206095.354608536
15878954000 203974.960039139
15885763000 210739.958545685
15892586000 208619.407039642
15899408000 213486.048301697
15906224000 220297.47719574
15913038000 220087.628217697
15919856000 225907.386014938
15926683000 227799.140514374
15933505000 228644.170389175
15940279000 230077.920778275
15947091000 217829.557126999
15953907000 218610.790128708
15960737000 213506.375608444
15967484000 213694.142946243
15974317000 219606.538192749
15981132000 218362.055519104
15987942000 214070.888715744
15994720000 211504.271312714
16001496000 210916.440467834
16008277000 217366.703439713
16015086000 221049.890544891
16021920000 217940.536664963
16028740000 217708.263303757
16035621000 214988.301212311
16042348000 210959.75213623
16049132000 207409.68227005
16055948000 216126.296449661
16062770000 219889.395484924
16069590000 220631.238136292
16076438000 228605.796031952
16083271000 222449.022621155
16090099000 222245.589715958
16096920000 226978.5794487
16104094000 231694.699541092
16110898000 231274.959615707
16117721000 227011.691959381
16124507000 225431.037479401
16131295000 224863.025583267
16138110000 227519.149085999
16144929000 225204.794452667
16151744000 213852.285312653
16158562000 216520.835002899
16165384000 222218.895154953
16172196000 227828.064424515
16185883000 224566.161115646
16192702000 222221.540277481
16199514000 222813.420213699
16206333000 219460.163566589
16213154000 217119.492576599
16219976000 206782.951187134
16226779000 202281.50501442
16233557000 201564.484121323
16240363000 199079.805091858
16247181000 208692.219156265
16253999000 212300.314365387
16260771000 213515.461345673
16267560000 219869.960777283
16274387000 217541.171741486
16281198000 221072.907352448
16288016000 226659.454523087
16294824000 234157.229810715
16301626000 233600.030879974
16308418000 226954.092945099
16315239000 228548.727848053
16322058000 221122.154546738
16328873000 224657.492567062
16335689000 230196.957036972
16342508000 232757.42780304
16349330000 231338.8991642
16356141000 230823.2109375
16362957000 232345.407583237
16376545000 228005.59274292
16383324000 221202.696369171
16390153000 222817.352825165
16396980000 219410.804855347
16403797000 218915.574840546
16410614000 214416.027236938
16417437000 218962.765510559
16424266000 210555.778253555
16431081000 204026.401195526
16437868000 197256.612752914
16444603000 201044.112632751
16451330000 206759.952072144
16458077000 209640.189903259
16464817000 210457.191795349
16471555000 201253.115316391
16478295000 202061.67725563
16485027000 200798.597541809
16491772000 200640.858308792
16498511000 193428.333936691
16505251000 196220.015966415
16512040000 203420.308467865
16518760000 209035.028676987
16525492000 213746.639764786
16532232000 206521.426231384
16538977000 202334.105192184
16545716000 211092.025327682
16552459000 212879.411579132
16559203000 216670.99420929
16565968000 207635.173583984
16572754000 211771.910106659
16579588000 214308.472930908
16586399000 216647.077728271
16593226000 222116.053806305
16600056000 217605.950452805
16606859000 223864.272628784
16613689000 226345.518262863
16620519000 221822.429824829
16627319000 229042.575016022
16634137000 229409.872142792
16640956000 235781.263557434
16647783000 226215.634933472
16654605000 213603.616662979
16668234000 205240.449207306
16675050000 209565.008810043
16681858000 214817.977338791
16688674000 212133.909362793
16695497000 214504.381603241
16702296000 218668.749992371
16709127000 224097.841550827
16715946000 226421.723648071
16722728000 231430.280447006
16729531000 235611.067111969
16736352000 237938.830982208
16743164000 241186.639362335
16749978000 237446.94251442
16756800000 226770.150932312
16763617000 225047.026685715
16770444000 221403.595993042
16777265000 209705.432155609
16784079000 213944.146730423
16790894000 212186.946731567
16797721000 212526.214639664
16804491000 220382.469247818
16811294000 210511.577159882
16818120000 210829.508962631
16824931000 215017.171005249
16831753000 212292.872655869
16838560000 216438.328613281
16845383000 219713.786073685
16852170000 204682.751649857
16858953000 205613.8659935
16865771000 205834.434766769
16872583000 209000.334939957
16879409000 206279.397726059
16886236000 198562.521869659
16893058000 198799.367139816
16899880000 192031.888483047
16906696000 183209.755174637
16913511000 179374.917722702
16920310000 183401.570186615
16927087000 188239.423522949
16933879000 193198.798742294
16940671000 184153.887981415
16947542000 176767.079668045
16954315000 178554.250530243
16961137000 179747.945915222
16967956000 179912.169088364
16974775000 178072.072137833
16981599000 181269.562543869
16988417000 186412.441316605
16995241000 185601.282606125
17002058000 187727.140268326
17008870000 186806.785533905
17015688000 193932.38951683
17022503000 194028.541557312
17029322000 194153.886789322
17036141000 192274.911897659
17042958000 192374.865293503
17049778000 189495.626585007
17056588000 192528.321203232
17063398000 197556.7070961
17070216000 202647.770364761
17077415000 205924.479707718
17084203000 214755.505069733
17090997000 211632.477493286
17097746000 205128.479793549
17104571000 213256.375846863
17111405000 212455.269098282
17118221000 211499.184770584
17125043000 202588.993133545
17131861000 201641.00743103
17138676000 201663.602165222
17145541000 202100.195171356
17152348000 202047.203083038
17159092000 204462.910923004
17165884000 205275.883214951
17172710000 190368.936738968
17179534000 193440.935054779
17186336000 182324.63250351
17193099000 189877.919433594
17199922000 197928.629776001
17206749000 200008.457239151
17213579000 189109.034263611
17220402000 191146.762056351
17227225000 181180.164653778
17234008000 190874.920341492
17240791000 190565.401397705
17247620000 196636.019813538
17254394000 193242.717271805
17261210000 196196.083257675
17268040000 191262.101291656
17274916000 194708.080581665
17281724000 205581.621847153
17288554000 200634.622436523
17295373000 200591.413179398
17302195000 203568.938926697
17309017000 212542.140748978
17315837000 217494.317762375
17322656000 211433.823577881
17329473000 213352.310920715
17336300000 217349.966087341
17343122000 220301.551452637
17349942000 225232.118347168
17356813000 211584.042373657
17363616000 217364.052131653
17370445000 217356.741630554
17384083000 215162.240215302
17390921000 220217.035194397
17397744000 216142.343471527
17404567000 212063.326557159
17411353000 208671.346488953
17418144000 206316.792701721
17424956000 199133.100605011
17431775000 205003.474948883
17438602000 206936.241462708
17445418000 205772.955280304
17452232000 206588.67723465
17458983000 199874.845588684
17465749000 206281.827274323
17472513000 188667.883960724
17479282000 184091.366218567
17486023000 185277.221855164
17499616000 181561.271942139
17506440000 180426.00970459
17513259000 180244.760509491
17520048000 181809.247150421
17526869000 183636.038383484
17533699000 186533.478778839
17540440000 193685.253307343
17547198000 185974.398097992
17554002000 192642.402282715
17560821000 190431.020561218
17567591000 182807.293266296
17574377000 185312.530475616
17581173000 189896.747180939
17587988000 187634.850860596
17594803000 193368.639484406
17601627000 180173.028064728
17608413000 176656.806388855
17615217000 177286.113613129
17622055000 178194.06747818
17628882000 174006.142185211
17635695000 165697.396492004
17642499000 168309.457439423
17649313000 171000.41185379
17656114000 176578.907722473
17662932000 179294.515563965
17669758000 178072.345031738
17676581000 177820.894721985
17683391000 170457.007415771
17690215000 177205.230625153
17697037000 173932.497318268
17703854000 167613.868125916
17710679000 167357.431415558
17717508000 169129.919471741
17724337000 166898.07472229
17731163000 163636.961605072
17737985000 156338.274612427
17744805000 151018.64250946
17751631000 149744.548744202
17758452000 145424.579387665
17765276000 144125.213428497
17772101000 139829.829055786
17778922000 141496.88728714
17785748000 138201.156780243
17792572000 126884.484973907
17799395000 118555.18119812
17806262000 122586.966930389
17813046000 108925.119297028
17819859000 106499.800628662
17826681000 103144.896263123
17833494000 104710.946853638
17840321000 94388.9089126587
17847147000 91054.2396278381
17853963000 91632.2368888855
17860788000 83280.6161422729
17867612000 81916.3684844971
17874432000 88514.600189209
17881257000 90150.0000572205
17888066000 89648.3157691956
17894883000 85208.6971740723
17901721000 79938.9771957397
17908538000 71490.7101249695
17915351000 67004.9464912415
17922170000 66564.6349945068
17928993000 62153.1772689819
17935815000 62729.1015129089
17942632000 62259.2407913208
17949443000 69735.3130378723
17956256000 65223.657169342
17963047000 66525.3019599915
17969834000 63789.5033111572
17976615000 60999.6906890869
17983369000 56981.818572998
17990172000 52365.81016922
17996959000 55612.9073371887
