38000 -168982.423860152
6893000 -173842.242244487
13713000 -176028.131941102
20535000 -177199.285805605
27357000 -178374.124938406
34126000 -179040.694092631
40962000 -180093.965190507
47797000 -182160.144008994
54632000 -182230.022154443
61459000 -182377.249458648
68290000 -183491.344681025
75129000 -181535.493724674
81971000 -182555.732610956
88781000 -184874.208469853
95585000 -184251.577804193
102327000 -184203.198407397
109083000 -185029.583931163
115836000 -184887.189531192
122587000 -184766.809005946
129718000 -184153.718538895
136470000 -184031.55878219
143225000 -184885.409789085
149977000 -184770.471691966
156728000 -184668.342307985
163476000 -186597.416335285
170228000 -186493.305648327
176974000 -185447.987480789
183728000 -186332.700546592
190476000 -186276.201855868
197225000 -185214.113438278
203982000 -185082.07229045
210727000 -184063.979426444
217479000 -184985.131983608
224230000 -185919.087908715
230984000 -185829.074375957
237739000 -184733.480739415
244488000 -184696.650754273
251241000 -185626.662783802
257991000 -183587.857910603
264740000 -182561.851059258
271500000 -183438.365455747
278255000 -182364.443749547
285009000 -181303.32380724
291763000 -182245.816031754
298512000 -180237.857712626
305266000 -181187.571596563
312017000 -179168.456813097
318769000 -178143.765134096
325521000 -176122.683482945
332274000 -177096.027074814
339027000 -176072.981763899
345773000 -175117.833558559
352529000 -175074.457156301
359286000 -173025.512414634
366040000 -172007.72938168
372801000 -173929.287485003
379633000 -172202.611595809
393327000 -172484.949517965
400188000 -170503.17526722
406950000 -168433.836422682
413738000 -169129.481598854
420565000 -168470.841402173
427378000 -165944.373423338
434205000 -165293.107002854
441032000 -165645.531254709
447840000 -164175.983201385
454657000 -164627.529459536
461477000 -162055.231924653
468305000 -161413.22539109
475133000 -163774.910611212
481954000 -161204.498108208
488781000 -159582.735442221
495606000 -158983.007150769
502438000 -157322.768196523
509271000 -157657.05455339
516101000 -156022.548757017
522941000 -155300.040007293
529773000 -152654.589161158
536607000 -151994.497186184
543443000 -149319.767329454
550280000 -149639.570360422
557110000 -150027.24374795
563937000 -148446.110372782
570773000 -147786.174575806
577601000 -149203.262052298
584426000 -147651.535735726
591249000 -146121.826484323
598069000 -143623.294794083
604891000 -144110.11981678
611719000 -143545.654166222
618541000 -142039.852966785
625365000 -142519.413883328
632239000 -140544.610540748
639043000 -140214.783178449
645862000 -138751.222358227
652694000 -138172.271202445
659519000 -138661.128226399
666341000 -137181.148754358
673152000 -135805.590258718
679970000 -135369.604388952
686788000 -134937.299467444
693608000 -134490.363149047
700426000 -133065.421203017
707247000 -130616.694927931
714083000 -132034.334567785
720916000 -130483.136646509
727753000 -129899.022013068
734620000 -128044.021095276
741444000 -126586.306677699
748273000 -127086.520470619
755485000 -124085.483926654
762317000 -125565.838304996
769139000 -125141.390672565
775947000 -124848.723431587
782767000 -123449.936997175
789585000 -122073.13081491
796416000 -122581.081166267
803253000 -122037.841574907
810083000 -121562.332117558
816907000 -121145.395028114
823739000 -119658.978423476
830558000 -118295.147153616
837394000 -117779.536530018
844224000 -117322.491788387
851058000 -113832.566144705
857882000 -115437.770382881
871534000 -113622.672814727
878367000 -112156.667621374
885207000 -111630.372585773
892036000 -112208.32734251
898864000 -110799.114853263
905687000 -109439.291010022
912511000 -109074.014677048
919339000 -106675.872582436
926163000 -107317.973269939
932980000 -106027.7219069
939803000 -103686.330347776
946635000 -102266.399908662
953466000 -103859.301144958
960289000 -102528.977816939
967120000 -101129.264722705
973946000 -100778.916493535
980769000 -100459.658155084
987590000 -98162.3519513607
1001262000 -99304.8377569914
1008089000 -96963.8127001524
1014914000 -96644.7397743464
1021743000 -95292.8346031904
1028565000 -94008.5298048258
1035386000 -94737.0393830538
1042205000 -93487.4902861118
1049022000 -94259.8792738914
1055846000 -92972.0557101965
1062658000 -91797.4429563284
1069476000 -90571.7462193966
1076295000 -88340.6045614481
1083115000 -88104.0196022987
1089943000 -85798.1194422245
1096766000 -84541.5322749615
1103589000 -84288.6314561367
1110401000 -82139.7718324661
1117217000 -81958.0961661339
1124032000 -80789.2213776112
1130852000 -78578.4165530205
1137672000 -77371.2948360443
1144492000 -76167.8562269211
1151310000 -73986.340583086
1158147000 -75635.2375106812
1164970000 -72415.4997837543
1171787000 -72254.1582486629
1178600000 -72132.9676525593
1185414000 -70006.3353791237
1192217000 -67983.6633176804
1199050000 -67691.1715319157
1205875000 -68475.3017714024
1212700000 -67263.1205208302
1219545000 -66872.3372516632
1226364000 -65722.2277431488
1233185000 -65557.5733714104
1240007000 -64387.4902820587
1246831000 -63202.8677310944
1253660000 -63976.3734867573
1267676000 -62272.8226783276
1274505000 -61057.600530386
1281337000 -60818.7423195839
1288540000 -59204.112639904
1295363000 -59054.8239936829
1302175000 -58009.4094994068
1308989000 -56949.4545910358
1315804000 -53884.0694096088
1322621000 -53804.1492102146
1329436000 -53746.1205267906
1343458000 -54072.0424909592
1350262000 -52125.4043955803
1357079000 -51064.0848855972
1363894000 -48024.65143466
1370704000 -48034.4084720612
1377520000 -44993.2257246971
1384330000 -44010.330627203
1397947000 -42082.8585729599
1404762000 -41065.4795055389
1411580000 -40024.480189085
1418393000 -39032.6557188034
1425197000 -38126.3909649849
1432009000 -36151.0104427338
1438822000 -35170.2072303295
1445634000 -34202.1761918068
1452446000 -34237.8196256161
1459257000 -32286.2330753803
1466070000 -30320.129909277
1472923000 -28993.9237587452
1479744000 -28962.4418985844
1486552000 -26052.8581929207
1493370000 -26056.016215086
1500180000 -25135.5936098099
1506994000 -24182.4762630463
1513801000 -23296.6741185188
1520616000 -21341.815570116
1527429000 -19408.8150222301
1534628000 -19970.9079208374
1541442000 -18036.377682209
1548255000 -16114.6125705242
1555064000 -16232.8748385906
1561873000 -14354.8083431721
1568674000 -11553.1081192493
1575485000 -11664.2071025372
1582300000 -10742.6362755299
1589109000 -9879.25472569466
1595935000 -7865.1041431427
1602749000 -6963.65332388878
1609554000 -6147.63191485405
1616370000 -4235.36329340935
1623184000 -4344.93858742714
1629995000 -2485.43658304214
1636805000 -1638.6894569397
1643619000 240.709136009216
1650435000 1134.59190964699
1657256000 1070.19522213936
1664075000 3983.95569586754
1670894000 4894.03414201736
1677701000 7691.49160981178
1684516000 6557.90165376663
1691334000 8447.86548948288
1698190000 10679.0601429939
1705002000 11507.1850612164
1711817000 12358.8621423244
1718648000 13352.0615873337
1725466000 12223.598007679
1732281000 14064.2317075729
1739091000 14855.8207731247
1745892000 15562.0819077492
1752706000 15382.6204257011
1759516000 16163.1952431202
1766326000 17940.0977458954
1773138000 19731.4693119526
1779953000 19546.3768548965
1786768000 20357.6066884995
1793580000 20137.9516017437
1800393000 21923.6905739307
1807207000 22714.8219861984
1814013000 24429.7371518612
1820824000 25186.3188817501
1827638000 24966.4263391495
1834449000 26715.6596641541
1841260000 28461.2195959091
1848092000 29393.4659826756
1854910000 30195.1173012257
1861733000 30038.4060413837
1868549000 31814.5664970875
1875360000 32541.7351918221
1882177000 34319.6028234959
1888990000 34057.5445261002
1895802000 34782.7497019768
1902615000 35513.340842247
1909438000 35330.8553965092
1916259000 37126.5648903847
1923078000 38900.4725642204
1929891000 41616.3485524654
1936714000 40419.1263566017
1943526000 43118.5886507034
1950347000 43895.8863868713
1957168000 45669.4999349117
1963982000 46376.0402576923
1970796000 47078.9039502144
1977628000 46941.0719623566
1984448000 48690.8964226246
1991264000 49400.824108839
1998074000 50052.7557430267
2004884000 50701.0150620937
2012078000 50821.4870252609
2018895000 51525.5532448292
2025713000 51234.9902851582
2032534000 51967.8968238831
2039349000 52642.8215215206
2046161000 52286.9213016033
2052975000 52945.4436695576
2059792000 53627.4333786964
2066610000 55314.7906701565
2073808000 56436.2872908115
2080622000 56079.8921666145
2087814000 56139.1276392937
2094625000 57748.0396015644
2101461000 58579.3954629898
2108278000 61235.2120621204
2115095000 60887.3487927914
2121909000 61508.6764411926
2128723000 61126.3274593353
2135530000 62677.0078990459
2142344000 63287.3094339371
2149173000 64029.5480368137
2155984000 66605.3670988083
2162810000 66313.1102674007
2170014000 66434.0106511116
2176833000 67070.8992667198
2183650000 69686.0294890404
2190471000 69333.6304130554
2197282000 71887.1761236191
2204474000 70879.9734764099
2211291000 70480.1828775406
2218110000 72094.7833185196
2224925000 73669.5620756149
2231742000 74258.7318720818
2238548000 75744.8496155739
2245365000 75326.6656136513
2252182000 76904.8017435074
2258991000 76407.0002746582
2265796000 76869.4008588791
2272604000 77355.2279348373
2279431000 79008.9662308693
2286242000 78514.5329251289
2293067000 79142.8394889832
2299883000 81686.1967391968
2306688000 81126.5623688698
2313500000 83626.4563779831
2320319000 82185.8674397469
2327125000 84624.2478017807
2333932000 83067.9864439964
2340743000 84544.1589798927
2347563000 87097.8849520683
2354381000 86629.8784899712
2361194000 89113.0704631805
2368013000 89646.7283887863
2374838000 91230.8425474167
2381651000 91702.9981565475
2388465000 91180.5001788139
2395273000 92600.1970219612
2402090000 92097.4116778374
2408900000 93527.8040452003
2416107000 94535.3811330795
2422927000 95048.4071440697
2429737000 96467.5630908012
2436555000 95955.1919741631
2443377000 96475.2103743553
2450192000 97928.4239740372
2457007000 98377.9598646164
2463822000 99823.8180456161
2470637000 100265.998517513
2477830000 101112.13450098
2484650000 99591.8273057938
2491463000 101004.740347862
2498277000 102422.991107464
2505096000 103882.628880978
2511917000 103356.609004021
2518721000 103673.706904888
2525536000 106086.261175156
2532356000 106540.190587044
2539174000 106972.416831017
2545989000 109373.933656216
2552802000 107753.754869461
2559628000 109247.009875298
2566441000 109619.472973347
2573265000 110087.341162682
2580096000 109614.569452763
2586911000 110994.002752781
2593731000 111414.786895275
2600567000 112975.970639229
2607336000 111930.143758297
2614149000 114276.86882782
2620965000 112646.929007053
2627781000 113013.310398102
2634598000 113385.015473843
2641416000 113762.042615414
2648236000 113153.391597748
2655072000 114685.071125984
2661879000 113952.041180134
2668692000 114269.340800762
2675517000 113690.955681801
2682325000 113955.904254436
2689133000 115217.182668686
2695947000 114528.776622772
2702756000 114791.708563328
2709573000 113122.94156599
2716390000 113450.494700909
2723211000 113810.349796295
2730027000 113121.546117783
2736839000 114393.086139202
2743650000 113651.957849979
2750462000 112916.149466991
2757288000 113302.565241814
2764098000 113541.415923595
2770912000 113812.561010838
2777734000 115151.958588123
2784542000 115361.80249691
2791357000 115630.906675339
2798174000 115914.312187195
2804987000 115158.081904888
2811802000 115416.152956009
2818608000 116589.655173302
2825421000 115822.400935173
2832237000 116078.431618214
2839049000 116294.838375568
2845869000 114579.456617832
2852681000 114788.510115623
2859495000 116011.85847187
2866314000 114276.450826168
2873125000 114465.49246645
2879940000 114686.792900085
2886756000 113913.398130417
2893570000 114118.360638618
2900385000 113328.627943993
2907198000 113517.255764484
2914012000 114711.188382149
2920835000 113982.262646198
2927647000 115150.878610134
2934467000 113387.649933815
2948093000 113724.456170082
2954917000 113986.094169617
2961728000 112127.34933567
2968540000 112273.907139301
2975353000 112425.765961647
2982174000 112645.748843193
2988987000 112790.25224781
2995799000 112922.106228828
3002612000 112059.259070873
3009472000 113614.457551003
3016260000 114519.927662373
3023072000 113637.070269585
3029888000 114786.423096657
3036704000 112932.09713459
3043517000 115047.182104111
3050336000 115212.408844948
3057150000 114329.108489037
3063958000 116388.320655346
3070770000 115479.734405994
3077582000 115567.473684788
3084391000 115624.637920856
3091204000 115713.996190071
3098021000 115835.542020321
3104842000 115989.268932819
3112034000 117465.208924294
3118844000 116512.761663437
3125649000 116511.824138641
3132459000 115552.034944534
3139272000 116615.460968971
3146082000 117648.325527191
3152901000 115758.170660973
3159716000 115828.490198612
3166536000 117939.933788776
3173358000 116065.613895416
3180167000 116071.138193607
3186981000 116117.784923077
3193796000 116169.713215351
3200613000 116235.879106522
3207430000 116298.365129471
3214240000 118294.475262642
3221058000 116358.561362743
3227863000 117302.545073509
3234694000 116475.690718651
3241507000 117483.96189785
3248318000 117470.649773598
3255121000 116382.037558079
3261934000 118379.288558006
3268737000 116283.341417313
3282742000 115651.968130589
3289553000 116616.416631699
3296365000 115586.141811848
3303178000 113561.142052174
3310002000 114630.905655384
3316826000 114696.981829166
3323635000 115625.151898861
3330455000 113648.071831226
3337265000 114577.840330124
3344081000 113557.614274502
3350891000 113480.034908295
3357707000 114452.454514503
3364530000 112483.808051109
3371340000 112395.201494694
3378153000 112329.753409386
3384972000 113314.288105965
3391790000 113286.198259354
3398604000 111218.659562588
3405422000 111183.209979534
3412232000 111072.552278042
3419059000 111110.208325863
3425886000 110144.173701763
3432701000 109067.177101135
3439560000 110379.807105064
3446359000 109152.420243263
3453169000 108019.687129974
3459984000 108927.967280388
3473594000 107554.773715496
3480411000 107469.902526379
3487263000 107694.074952602
3494460000 108996.897294998
3501276000 107891.828635216
3508085000 108720.548043728
3514900000 108599.192818165
3521711000 106438.430974007
3528518000 107238.268983364
3535327000 107052.300210953
3542164000 107112.717255116
3548981000 107990.831460953
3555800000 106883.124854565
3562617000 107753.8782444
3569437000 106647.737110615
3576258000 106546.840777397
3583073000 105388.696047306
3589886000 104209.019949436
3596698000 105016.742010593
3603524000 103945.750094891
3610349000 104862.143379211
3623967000 105398.29228878
3630783000 106223.325025082
3637602000 105071.448124409
3644418000 104889.12166357
3651612000 107075.615851879
3658431000 105912.49200058
3665240000 106656.47750473
3672053000 106432.473063469
3678866000 106204.79307127
3685682000 106000.195258617
3692498000 106791.918656826
3699309000 107535.37244606
3706117000 106248.399966717
3712943000 106118.264866352
3719759000 103895.274728775
3726571000 104632.941781521
3733377000 104313.441563606
3740216000 104284.465913773
3747038000 103100.242074966
3753850000 103823.194516659
3760658000 103506.819262505
3767478000 104293.727050781
3774284000 103952.180556297
3781100000 104696.082939625
3787919000 104463.039978027
3794727000 104128.298298836
3801549000 104914.627426624
3808369000 103679.452229977
3815184000 104396.048982143
3821999000 103108.968026161
3828815000 101827.117269039
3835668000 102871.160344601
3842486000 101599.745694637
3849297000 100262.306086063
3856107000 100912.287336349
3862928000 98656.5535650253
3869746000 98370.4216017723
3876944000 99464.1717200279
3883757000 98125.954911232
3890568000 98766.2565131187
3897378000 96393.9822416306
3904191000 96044.7414770126
3.911e+09 94656.2195563316
3917815000 93317.4315719604
3924640000 92063.9690952301
3931467000 92824.6176700592
3938283000 92483.6839265823
3945098000 92130.1726922989
3951911000 91755.1874256134
3958717000 92314.2432489395
3965529000 91923.0135726929
3972337000 91492.5232477188
3979157000 91165.1148223877
3985975000 89816.2323608398
3992790000 91436.9841766357
3999606000 92062.9526686668
4006421000 91676.3485269547
4013243000 91348.3198142052
4020059000 90963.2492418289
4026872000 90547.82320261
4033687000 89146.5049848557
4040490000 91634.8152914047
4047302000 91199.4763069153
4054506000 91245.3637723923
4061323000 90846.9118852615
4068140000 91444.7801299095
4074959000 91056.7453427315
4081773000 90620.58913517
4088585000 89162.9816198349
4095398000 90710.5864315033
4102213000 89272.2882127762
4109029000 89839.1980051994
4115837000 89331.3475613594
4122656000 89917.5580182076
4129475000 91500.0864477158
4136291000 91052.2821650505
4149919000 92110.1073031425
4156739000 90686.7965836525
4163536000 91055.5304794312
4170408000 91086.6707968712
4177209000 90483.56899786
4184024000 92001.1215376854
4190838000 91506.1171264648
4197653000 92016.3147878647
4204466000 90505.0784134865
4211279000 90990.1664876938
4218085000 90409.4394197464
4224894000 90851.6739873886
4231707000 88325.7413430214
4238520000 88796.1331481934
4245359000 89493.5974798203
4252173000 88965.4985413551
4258990000 85460.3445100784
4265804000 85924.8906927109
4272624000 85438.9968428612
4279434000 84860.6976213455
4286248000 83314.2128348351
4293066000 84799.5360074043
4299881000 85254.5664095879
4306712000 83847.8401818275
4313583000 82792.19992733
4320363000 83925.7438912392
4327175000 83339.438149929
4333995000 81820.4011907578
4340811000 81262.2116575241
4347637000 81789.0116014481
4354460000 82285.5230960846
4361286000 79804.9454784393
4368109000 79294.082654953
4374913000 77611.1048374176
4381725000 78995.3741912842
4388543000 76429.1505966187
4395359000 76841.5199584961
4402172000 76223.6230096817
4408994000 74681.8082208633
4415814000 75118.585308075
4422634000 73551.6792888641
4429459000 74025.3918972015
4436280000 72459.97676754
4443091000 71802.2847805023
4449905000 72167.4955816269
4456720000 71537.8879432678
4463538000 71931.1755399704
4470348000 71249.925318718
4477169000 70662.4250469208
4490826000 69609.2042617798
4497640000 68948.6586894989
4504452000 69266.7276697159
4511262000 68563.4144392014
4518084000 68962.6688499451
4524899000 68296.2684669495
4531720000 66679.3038740158
4538535000 67005.5448350906
4545350000 67328.1080875397
4552162000 65620.4417381287
4558983000 66988.7517337799
4565792000 65247.1829319
4572605000 66537.3389425278
4579416000 64806.1224555969
4586227000 64071.2325763702
4593040000 65350.3640899658
4599862000 63705.4417390823
4606675000 61977.2172966003
4613492000 62280.7004003525
4620309000 62580.5036354065
4627120000 60823.5588331223
4633938000 60124.8497266769
4640757000 59431.3032865524
4647571000 60689.8594417572
4654391000 58997.7941818237
4661205000 57248.9938402176
4668019000 56496.516866684
4674829000 57704.9995956421
4681645000 55962.8522758484
4688453000 55146.3074636459
4695273000 54432.1640787125
4702090000 53687.821310997
4708909000 53957.4751119614
4715742000 52347.1743793488
4722550000 50512.248046875
4729368000 52762.0175466537
4736194000 50078.7945642471
4743009000 50294.6912946701
4749828000 48542.2502288818
4756647000 48786.1271362305
4763455000 48929.1491279602
4770267000 48103.834400177
4777079000 50274.8452014923
4783895000 48477.5106544495
4790697000 47552.852935791
4797563000 49189.7283916473
4804369000 48293.0314559937
4811178000 48419.156879425
4817989000 46559.2702302933
4824809000 45775.1715593338
4831628000 45978.5612792969
4838442000 46134.1291656494
4845262000 43338.9849510193
4852082000 45540.1576299667
4858902000 43737.6471996307
4865717000 42887.3246555328
4872543000 42130.4022789001
4879360000 41290.3678216934
4886224000 39861.3899431229
4893032000 39934.5576334
4899849000 39083.4630594254
4906663000 39202.2209396362
4920290000 37419.8853282928
4927489000 35923.670173645
4934297000 35974.5921125412
4941116000 34118.8620414734
4947927000 32188.8956098557
4954741000 32281.7120428085
4961562000 29432.5793323517
4968379000 29544.4917449951
4975198000 28670.3585538864
4982019000 28810.1765203476
4989212000 26225.8762168884
4996030000 25331.6784343719
5002840000 25363.2801561356
5009648000 24373.5807542801
5016461000 24424.2805213928
5023286000 23577.0646362305
5030104000 22664.4707508087
5036920000 22730.5714273453
5043735000 21784.1816110611
5050547000 20807.6805868149
5057365000 17880.368847847
5064174000 17870.0853843689
5070982000 17847.3211364746
5077834000 16208.4830312729
5084623000 15010.9938783646
5091443000 14082.9008131027
5098257000 14098.2803144455
5105068000 14083.5626411438
5111887000 14135.6220445633
5118706000 12183.9994211197
5125524000 13219.8895406723
5132345000 11278.5127782822
5139151000 13201.3895931244
5145963000 12173.4200668335
5152779000 12176.9883527756
5159980000 10565.8463487625
5166800000 10597.0571022034
5173623000 10650.9890089035
5180432000 9578.02224349976
5187281000 7853.39784526825
5194094000 8808.26623535156
5200908000 8768.25833511353
5207725000 6750.9699640274
5214537000 7686.01082420349
5221350000 7626.17485332489
5228167000 5597.85173606873
5234977000 6504.27282047272
5241794000 4468.59374427795
5248628000 5578.7579832077
5255440000 5491.73528862
5262260000 4471.39333534241
5269072000 4377.01738166809
5275885000 3287.76027870178
5282695000 2168.44927501678
5289514000 2124.59614753723
5303121000 2753.31771278381
5309960000 2874.2477388382
5316784000 1859.62285995483
5330395000 1494.11764812469
5337214000 424.508145332336
5344017000 210.609788894653
5350833000 -1892.71729278564
5357646000 -2026.0837059021
5364454000 -2207.05721473694
5371273000 -4295.05741691589
5378098000 -5334.02827548981
5384909000 -4499.67328548431
5391721000 -3660.20753860474
5398533000 -4824.41626358032
5405352000 -6930.81796550751
5412172000 -6032.11916542053
5418986000 -7189.79541683197
5425792000 -7421.39991092682
5432607000 -8577.64419269562
5439426000 -8702.44469547272
5446238000 -9892.38605213165
5453055000 -10042.1054162979
5459868000 -9230.61966228485
5466686000 -10378.9183893204
5473495000 -10609.8971319199
5480309000 -10800.6614351273
5487120000 -10021.4321546555
5493939000 -12175.6678209305
5500754000 -15368.6875772476
5507583000 -12442.5353822708
5514395000 -13669.2414207458
5521214000 -15838.2046575546
5528029000 -16045.9433460236
5534845000 -18248.5869274139
5548474000 -19691.2256689072
5555286000 -19939.9887886047
5562106000 -20122.2611141205
5568922000 -20343.2970199585
5575734000 -22603.0900297165
5582548000 -22849.0194311142
5589361000 -25107.3939638138
5596180000 -26316.8362884521
5602994000 -27573.7977390289
5609803000 -27878.2702236176
5616623000 -30089.9841909409
5623434000 -32384.2734766006
5630247000 -31664.7056303024
5637064000 -33913.7544460297
5643870000 -35262.8891420364
5650680000 -36580.6372623444
5657495000 -37858.2421751022
5664304000 -38192.100186348
5671120000 -38468.2952547073
5677940000 -40713.1231689453
5684762000 -41944.1123008728
5691596000 -44073.6618471146
5698411000 -45373.3470458984
5705225000 -45685.4692792892
5712048000 -46922.4390792847
5718861000 -48250.6776742935
5725672000 -49600.1072320938
5732487000 -51918.181517601
5739318000 -53099.8275003433
5746121000 -52530.3388710022
5752928000 -55929.4928197861
5759739000 -56297.2958164215
5766560000 -57581.22752285
5773378000 -57895.1052007675
5780192000 -57247.6773796082
5787006000 -58603.9261894226
5793824000 -60928.8423919678
5800641000 -63266.1913118362
5807454000 -63642.2250185013
5814283000 -64881.9232416153
5821095000 -65274.0668315887
5827915000 -64599.8880138397
5834717000 -65086.8755693436
5841542000 -68376.310593605
5848357000 -67756.9140319824
5855169000 -69167.4375352859
5861983000 -69564.1416864395
5868800000 -70938.2833509445
5875616000 -72324.8507156372
5882447000 -72583.9174890518
5896076000 -74401.6949892044
5902894000 -75785.4966411591
5909707000 -77216.6949043274
5916522000 -76634.0835313797
5923339000 -75037.665760994
5930157000 -75436.1863451004
5936972000 -72864.6107988358
5943818000 -72025.7595396042
5950639000 -70409.1167898178
5957452000 -71866.0730428696
5964259000 -70379.1377229691
5971067000 -68887.1332092285
5977872000 -68425.0120592117
5984684000 -66905.3974618912
5998341000 -65588.8998670578
6005154000 -64071.5909118652
6011970000 -62531.7524013519
6018785000 -62004.3271751404
6025601000 -61471.845703125
6032415000 -60960.509850502
6039236000 -60391.720495224
6046042000 -59957.6003751755
6052852000 -59492.2210645676
6059662000 -59030.5140686035
6066483000 -56476.4414796829
6073299000 -56969.7039718628
6080114000 -57475.3748922348
6086922000 -55045.8272190094
6093735000 -55576.3069019318
6100550000 -54093.0060920715
6107369000 -53578.473069191
6114180000 -52137.4376020432
6120994000 -50673.896323204
6127810000 -49196.579949379
6134610000 -48862.5475349426
6141420000 -49444.928809166
6148233000 -47004.8096618652
6155042000 -47603.2608890533
6161865000 -47083.2590265274
6168682000 -46619.2792663574
6175494000 -45202.5898046494
6182308000 -44772.1317214966
6189120000 -44362.7922840118
6195944000 -43852.4817075729
6202755000 -41459.2176141739
6209572000 -41017.3105859756
6216386000 -39605.2399692535
6223198000 -39214.2826023102
6230013000 -37800.8463973999
6236830000 -37373.6534442902
6244030000 -37611.654042244
6250850000 -35165.8792123795
6257673000 -33697.640753746
6264489000 -32294.093916893
6271301000 -30929.0838670731
6278110000 -29593.890171051
6284930000 -28166.5200805664
6291722000 -25986.7937841415
6298531000 -25662.6105632782
6305342000 -24324.6749677658
6312156000 -21964.2789735794
6318972000 -20590.1381578445
6325805000 -20071.6029949188
6332614000 -18765.7964429855
6339424000 -17454.9520225525
6346234000 -15147.779917717
6353049000 -13800.7399921417
6359862000 -12474.7927513123
6366680000 -11108.9863243103
6373490000 -8816.51210594177
6387151000 -5885.66217327118
6393971000 -6517.17914485931
6400787000 -3187.19620704651
6407602000 -2869.5957660675
6414410000 -616.595206260681
6421227000 711.058850288391
6428045000 2043.73512649536
6434868000 2416.23819446564
6441693000 4802.4569272995
6448519000 5193.68761730194
6455327000 6424.63003158569
6462131000 9617.10473251343
6468945000 10892.9020833969
6475758000 12156.3244953156
6482568000 11389.9780454636
6496187000 14837.5715074539
6503019000 16251.5239944458
6509842000 17583.5199079514
6516663000 17894.439330101
6523488000 20236.4526882172
6530311000 21557.3895549774
6537127000 23813.7859230042
6543928000 24936.1098356247
6550741000 25159.0796060562
6557555000 27387.0656576157
6564372000 27637.4489583969
6571193000 28918.9154033661
6578010000 30161.9368085861
6584842000 31531.6234331131
6598477000 36007.9392995834
6605293000 35227.5445423126
6612130000 34625.908747673
6618946000 36838.1450786591
6625760000 38029.3297576904
6632569000 39173.4083433151
6639383000 41357.2424602509
6646195000 40520.0303192139
6653008000 41687.8279809952
6659811000 42765.1127405167
6666651000 44160.0109567642
6673470000 43368.8687181473
6680285000 44539.31599617
6687103000 45732.1302871704
6693923000 45938.6256999969
6700747000 47176.1599807739
6707564000 48349.2471551895
6714389000 47588.0897731781
6721205000 49745.134018898
6728026000 48941.8911466599
6741643000 50107.4214715958
6748449000 51162.9887981415
6755264000 52292.9737176895
6762085000 52471.3347501755
6768900000 54593.9610137939
6775718000 54738.9332399368
6782527000 54802.1583585739
6789340000 53896.4061546326
6796150000 53960.9595832825
6802968000 57091.2198944092
6809783000 55191.7836799622
6816605000 57349.3689947128
6823415000 57399.2196826935
6830229000 57480.0790185928
6837034000 58479.2344102859
6843847000 59544.0761814117
6850665000 60648.5855140686
6857483000 59749.4138994217
6864303000 59863.8964223862
6871128000 60018.0308494568
6877941000 60064.479218483
6884757000 60133.2498064041
6891576000 61224.3377561569
6898386000 61233.7600860596
6905199000 63265.5030145645
6912012000 62293.5703907013
6918821000 63283.3093156815
6925640000 62356.003865242
6932455000 65390.3678016663
6939267000 65395.0692119598
6946087000 64465.3846826553
6952894000 66419.4301958084
6966515000 68377.1301250458
6973328000 68372.1180820465
6980141000 69363.4304895401
6986947000 69290.4625291824
6993763000 69300.3994846344
7000572000 70246.0603876114
7014188000 73109.0571374893
7021029000 73320.6696825027
7027839000 75260.2840585709
7034649000 75196.2261190414
7041466000 76189.0704641342
7048284000 76186.8879156113
7055097000 76137.7622461319
7061911000 77093.6129226685
7068728000 76071.7410335541
7075550000 75089.4433526993
7082364000 76034.2582025528
7089175000 77949.4472141266
7095991000 76904.2088155746
7102803000 78820.6970005035
7109619000 77768.1031837463
7116427000 80642.6499557495
7123238000 79539.4676856995
7130057000 80501.7840166092
7136877000 80469.0642766953
7143688000 82354.8526582718
7150502000 81262.9022865295
7157311000 81124.0535821915
7164119000 81972.8898391724
7170989000 83353.9380607605
7177777000 83022.5461931229
7184592000 83920.8445997238
7191398000 84737.6905260086
7198208000 84585.4328594208
7205021000 85455.4245672226
7211836000 86339.0207710266
7218646000 85175.7418460846
7225454000 85991.5127182007
7232272000 85889.9974842072
7239086000 86750.2498416901
7245905000 85650.0121965408
7252717000 87485.6350240707
7259528000 87308.9471330643
7266341000 86145.8572635651
7273153000 88970.4566745758
7279964000 86782.7469844818
7286787000 86694.9729642868
7293598000 87499.9100170135
7300417000 86370.2377471924
7307232000 87202.3535757065
7314042000 86987.6320457458
7320854000 86786.5009813309
7327676000 83668.0039520264
7334485000 83433.6276168823
7341299000 83238.7289047241
7348111000 85022.8950977325
7354928000 83846.5302810669
7361738000 84606.0885267258
7368608000 85879.6311407089
7375419000 84640.4394712448
7382244000 84518.345826149
7389058000 85297.6777887344
7395897000 84288.9693489075
7402717000 85112.684012413
7409540000 85958.5886707306
7416356000 84740.4401865005
7423177000 84561.7293539047
7429958000 86034.4243583679
7436791000 83951.833278656
7443619000 83822.4366931915
7450446000 83680.72722435
7457274000 83543.9476718903
7464047000 83929.3736448288
7470876000 81793.8598337173
7484463000 83899.8450202942
7491285000 83692.965836525
7498106000 82473.784029007
7504925000 83233.6844043732
7511740000 81955.4376525879
7518558000 81699.3603973389
7525376000 83439.6021938324
7532199000 82219.2363185883
7539007000 82865.9723653793
7545816000 82517.6518297195
7552640000 83294.8556127548
7559505000 83421.4842357635
7566329000 83191.2910051346
7573155000 82974.6331682205
7579987000 83805.950966835
7586804000 82504.4177293777
7593617000 82164.7654571533
7600430000 80821.4376344681
7607250000 82534.6952466965
7614072000 80261.4860935211
7620890000 81950.1611471176
7627709000 80643.7623434067
7634521000 82273.4356460571
7641305000 81658.4660778046
7648078000 79945.1919174194
7654889000 79555.2730045319
7661710000 80247.7246990204
7668530000 80927.8883447647
7675361000 79699.0053930283
7682191000 79457.8246650696
7688973000 78800.042555809
7695730000 79923.5756492615
7702525000 79370.3377943039
7709349000 76062.8620080948
7716177000 76786.0991401672
7723009000 76540.0427007675
7729835000 75238.6961526871
7736665000 75968.0538702011
7743493000 75676.5218257904
7750324000 75407.090174675
7757149000 75082.3824729919
7763971000 76728.1973571777
7770721000 75751.4319171906
7777493000 75960.1536941528
7784320000 77637.952132225
7791146000 75303.4657459259
7797981000 76042.6322536469
7804799000 77632.0172719955
7811621000 77252.0914583206
7818452000 75945.8082704544
7825272000 75541.3241624832
7832102000 77219.0660209656
7838918000 74772.8488283157
7845687000 75919.2308645248
7852432000 74855.8415622711
7859234000 76278.4090805054
7866027000 74620.0189237595
7872810000 74872.0979328156
7879590000 73094.7722482681
7886360000 72227.9404315948
7893167000 72675.1640167236
7899963000 72024.2776575089
7906741000 72215.2041397095
7913525000 72453.9994974136
7920300000 70611.8952236176
7927098000 69963.5741548538
7933887000 70234.3480806351
7940658000 69346.9907217026
7947450000 68636.2202415466
7954251000 66999.0279493332
7961001000 68920.5574407578
7967778000 69070.1434850693
7974549000 67164.6149559021
7981334000 66375.5633230209
7988125000 66634.3376016617
7994924000 66958.0841417313
8001721000 65261.0152702332
8008532000 64680.3652076721
8015337000 64044.5833692551
8022138000 63370.8311700821
8028932000 65633.3891124725
8035732000 63943.7406711578
8042502000 64993.2033376694
8049293000 63219.0846004486
8056059000 61226.9847154617
8062835000 62316.9861831665
8069639000 59643.370675087
8076417000 59743.2287664413
8083199000 57873.7330703735
8089978000 57974.8837356567
8096768000 57166.6648902893
8103558000 57354.7952680588
8110312000 56230.7953548431
8117085000 55265.981760025
8123867000 55374.6458797455
8130688000 55813.7911510468
8137473000 54940.850148201
8144285000 54295.5508117676
8151052000 54261.122797966
8157879000 54736.9754524231
8164693000 53097.7980232239
8171513000 53506.3281488419
8178330000 51885.4846944809
8185146000 51252.3984212875
8191961000 51607.0709486008
8198778000 49975.1895093918
8205593000 50322.5055370331
8212376000 49392.1984624863
8219145000 50338.4045190811
8225965000 48717.5281085968
8232787000 47110.0869464874
8239546000 46959.7661409378
8246303000 45788.711602211
8253057000 45588.3689680099
8259810000 44375.8571271896
8266629000 44724.4632825851
8273454000 43120.72315979
8280275000 42479.0728549957
8287101000 41876.5127515793
8293925000 41253.1543827057
8300731000 40472.1402263641
8307487000 40259.7949962616
8321109000 39765.0024185181
8327929000 39089.0608444214
8334713000 37101.5963439941
8341478000 37948.0266656876
8348241000 35773.7329730988
8355065000 37117.3368797302
8361902000 36568.3897724152
8368729000 34930.2570362091
8375555000 35279.8857555389
8382375000 33574.5408849716
8389207000 33968.0744199753
8396039000 33357.9118747711
8402918000 32145.7015514374
8409732000 31374.308423996
8416559000 31710.3188180923
8423378000 31974.2858495712
8430178000 31072.2434549332
8436931000 30765.0179843903
8443784000 29308.4288778305
8450597000 30506.4437522888
8457394000 30564.1207971573
8464193000 30635.2212438583
8470967000 29489.153301239
8477735000 29288.2130746841
8484489000 30964.0962343216
8491277000 29926.6834106445
8498084000 30047.8472223282
8504862000 30917.7505960464
8511655000 29912.0725383759
8518459000 29996.6426153183
8525270000 29137.2989759445
8532084000 30299.8883771896
8538897000 29450.266210556
8545692000 29443.3492860794
8552482000 30390.1068906784
8559274000 30350.280371666
8566079000 30417.7271575928
8572886000 30498.5715150833
8579647000 30183.2881116867
8586453000 31248.2879304886
8593254000 32266.9665737152
8600055000 32281.9826030731
8606861000 32335.9838047028
8613670000 33411.9040603638
8620483000 33518.2669935226
8627304000 32689.1778869629
8634114000 32762.6032056808
8640923000 32823.8293485641
8654498000 32568.659236908
8661304000 32593.3191175461
8668100000 32529.0639190674
8674914000 31614.5865345001
8681720000 30628.2434864044
8688523000 30612.6631641388
8695341000 28721.2563457489
8702145000 29706.8604164124
8708945000 29654.7127475739
8715769000 30803.4059638977
8722583000 30863.2078170776
8729385000 30817.0947818756
8736192000 30809.9146385193
8743023000 31003.516046524
8749842000 32091.2036342621
8756675000 33294.4569225311
8763492000 32357.7385883331
8770305000 32383.2739276886
8777125000 31464.7462387085
8783940000 32499.9577693939
8790760000 32574.0665683746
8797568000 32542.3187904358
8804383000 33566.4982719421
8811199000 32595.513420105
8817980000 32322.9004383087
8824800000 34378.6261005402
8831613000 34371.0863342285
8838434000 34427.9607791901
8845252000 34455.6189975739
8852002000 33900.9065418243
8858793000 34691.4801921844
8865581000 32452.8747768402
8872355000 33091.5012664795
8879155000 32947.7020778656
8885979000 33004.4203014374
8892792000 31963.8750247955
8899599000 31868.6159381866
8906406000 31769.6877727509
8913232000 30828.6911888123
8920038000 31713.9098625183
8926856000 28697.5111637115
8933671000 28651.9204769135
8940540000 28061.8214759827
8947355000 28008.8462333679
8954139000 28688.6295204163
8960931000 28432.7806453705
8967751000 27411.3063144684
8974539000 27114.1347560883
8981314000 28702.8157978058
8988131000 26644.8356304169
8994975000 26812.6438789368
9001795000 26772.7842521667
9008615000 26729.2415180206
9015415000 24512.0715751648
9022213000 24274.246761322
9029019000 25100.7315940857
9035836000 25016.9999046326
9042650000 23904.1031990051
9049471000 23846.9914302826
9056280000 24684.2678413391
9063104000 21645.2744655609
9070314000 22880.8429718018
9077129000 22757.8352909088
9083950000 19682.1005744934
9090771000 18602.6816711426
9097586000 18468.63438797
9104395000 17279.9684352875
9111212000 17155.5482120514
9118019000 17942.5573120117
9124792000 16437.2868595123
9131590000 16140.584072113
9138381000 14780.8096218109
9145526000 15421.7518978119
9152333000 14190.26521492
9159165000 15167.2550468445
9166001000 14174.4899234772
9172839000 14194.9938716888
9179679000 15228.7636432648
9186519000 12258.8286724091
9193362000 13310.6383056641
9200203000 10341.7748031616
9207037000 11309.8312492371
9213879000 11342.0413799286
9220715000 10319.6589069366
9227933000 7533.08598136902
9234828000 9003.40610313416
9241696000 8241.02092933655
9248532000 9203.5807762146
9255369000 8170.91842079163
9262208000 7151.50990104675
9269015000 7857.12978363037
9275801000 5381.07227897644
9282632000 5282.79044723511
9289452000 7087.58305931091
9296273000 4897.16752815247
9303091000 4677.64453125
9309915000 4505.2839012146
9316735000 3295.34246253967
9323560000 3124.08193969727
9330393000 3016.91102409363
9337225000 2897.5712223053
9344040000 2630.52523422241
9350859000 1393.68411064148
9357672000 1102.34033584595
9364489000 841.199266433716
9371309000 1601.78540420532
9378126000 333.282978057861
9384945000 78.0365753173828
9391769000 -138.554834365845
9398578000 -2485.83663749695
9405402000 -1709.79479980469
9412220000 -3988.23509788513
9419032000 -3321.14781570435
9425854000 -3573.08794975281
9432669000 -3887.96250915527
9439488000 -4172.66027450562
9446303000 -5494.89241027832
9453126000 -5753.10189056396
9459948000 -6023.45972251892
9466773000 -5272.11843109131
9473605000 -6465.23917770386
9480434000 -7687.43715667725
9487249000 -7031.7657699585
9494068000 -8345.93487548828
9500889000 -9646.86848449707
9507712000 -7934.56983375549
9514557000 -10039.8885345459
9521382000 -9318.06018447876
9528211000 -9566.09394836426
9535036000 -12851.6447849274
9541875000 -13022.5068721771
9548699000 -13323.89727211
9555521000 -13645.8839740753
9562347000 -14937.7403583527
9569172000 -15241.7396888733
9575990000 -15608.5972423553
9582808000 -16979.1357440948
9589612000 -17471.6795139313
9596436000 -18798.8651676178
9603268000 -21062.1329975128
9610076000 -21531.8996982574
9616866000 -21157.4289779663
9623696000 -22448.6474189758
9630528000 -23726.6627845764
9637358000 -23025.2701396942
9644181000 -24386.7033290863
9651006000 -25734.9291133881
9657852000 -24909.4703769684
9664670000 -25324.2050876617
9671460000 -24979.0878982544
9678256000 -25586.9531726837
9685074000 -25012.7037353516
9692280000 -25166.0094261169
9699086000 -27700.6481800079
9705902000 -27154.5296401978
9712724000 -26561.4379558563
9719561000 -28845.4098148346
9726394000 -29166.8467922211
9733207000 -29660.7882556915
9740077000 -29677.3352279663
9746878000 -32279.9299545288
9753705000 -30666.7799263
9760530000 -32074.196975708
9767353000 -31502.1778659821
9774178000 -31916.9708557129
9787806000 -30943.2153091431
9794595000 -31672.7401046753
9801340000 -32777.0532913208
9808087000 -33868.1001472473
9814861000 -33735.0363254547
9821678000 -33242.9714794159
9828480000 -34881.0788345337
9835286000 -33489.1207447052
9842105000 -33991.2179794312
9848918000 -35547.5844688416
9855737000 -33057.0425186157
9869364000 -36179.730140686
9876188000 -33658.083108902
9.883e+09 -35241.2655696869
9889814000 -33811.2665672302
9896648000 -34216.3956851959
9903467000 -34751.6263103485
9910226000 -35796.1198043823
9917037000 -35406.0885677338
9923851000 -36994.4549121857
9930649000 -36721.2935962677
9937436000 -36544.4578075409
9944234000 -37278.6093387604
9951052000 -37847.957901001
9957882000 -39319.9164924622
9964699000 -38905.0554637909
9971516000 -39493.8743076324
9978301000 -40355.8436698914
9985112000 -40002.5274906158
9991942000 -42492.9069881439
9998763000 -43062.7544517517
10012390000 -41339.7758293152
10019217000 -43870.1614379883
10026027000 -42547.3297672272
10032853000 -43093.5041675568
10039672000 -43702.2808551788
10046505000 -44196.9217453003
10053313000 -42905.6352558136
10060135000 -42500.2162075043
10066957000 -43098.4824314117
10073739000 -42036.9699325562
10080557000 -42676.2365283966
10087374000 -41327.5963935852
10094180000 -40075.1657409668
10101001000 -39700.2344341278
10107820000 -38345.808719635
10114626000 -38104.3971633911
10121374000 -35354.4120063782
10128113000 -33683.714466095
10135246000 -33703.6455459595
10141992000 -31981.494550705
10148789000 -32834.1666603088
10155611000 -31480.3240833282
10162421000 -30231.0433235168
10169239000 -30918.1881580353
10176060000 -30583.7980422974
10189698000 -30959.6872520447
10196521000 -31619.5401802063
10203345000 -31274.6763191223
10210169000 -32933.4998874664
10216989000 -33629.6191177368
10223816000 -34270.6108283997
10230635000 -32982.5010318756
10237463000 -34622.4693260193
10244284000 -34324.9286518097
10251112000 -34972.2766685486
10257943000 -34598.1199893951
10264778000 -35194.0652122498
10271602000 -35886.0848312378
10278427000 -37573.3946857452
10285255000 -37239.2030925751
10292074000 -36984.2682647705
10305698000 -38602.9751625061
10312522000 -39317.106388092
10319325000 -38211.1980819702
10326141000 -35999.840139389
10332983000 -35573.9462471008
10339784000 -34495.8449306488
10346609000 -33220.0031375885
10353430000 -32981.4148712158
10360251000 -29746.5107936859
10367082000 -30431.3891677856
10373903000 -29203.8588657379
10380723000 -28988.401845932
10387546000 -29751.4622745514
10394327000 -28870.5056533813
10401152000 -28624.1411361694
10407975000 -26398.2390003204
10414805000 -27117.3184509277
10421623000 -27940.7220649719
10428417000 -26969.0542030334
10435159000 -27437.0500087738
10441953000 -29472.6643276215
10448796000 -29101.1321926117
10455618000 -32909.3544483185
10462444000 -33687.7314815521
10469270000 -37469.7981090546
10476088000 -41322.6066570282
10482915000 -42103.6671390533
10489738000 -44921.9401359558
10496610000 -48333.2834739685
10503764000 -51385.3864173889
10510587000 -55214.9237689972
10517404000 -57098.4170875549
10524221000 -60985.5902748108
10531038000 -60876.4433307648
10537898000 -62410.7803516388
10544717000 -65292.2641391754
10551534000 -67194.1810913086
10558357000 -68049.5277481079
10565194000 -68791.317943573
10572018000 -68645.6709156036
10578844000 -68486.9645061493
10585672000 -69315.2019577026
10592494000 -69197.3651103973
10599323000 -70024.6110420227
10606155000 -70830.43608284
10612983000 -71673.4400119781
10619807000 -69553.6163368225
10626637000 -72387.2623672485
10633470000 -72199.4950771332
10640294000 -72090.7417964935
10647130000 -72885.259967804
10653954000 -73783.8880290985
10660783000 -72644.368938446
10667633000 -74332.8488082886
10674466000 -74167.2634086609
10681303000 -74971.9140052795
10688148000 -74713.3480949402
10694979000 -75575.5912590027
10701810000 -76441.5294189453
10708645000 -75277.7100715637
10715474000 -75167.7655639648
10722285000 -77212.0307159424
10729119000 -77067.6546173096
10735943000 -77010.5864086151
10742780000 -78848.520116806
10749618000 -78681.7954368591
10756441000 -81644.1634483337
10763273000 -81534.9885978699
10770105000 -82429.5098285675
10776952000 -82202.361366272
10783785000 -84095.9256954193
10790618000 -82993.1871891022
10797462000 -84802.2288093567
10804276000 -83865.6460876465
10811111000 -86757.2847118378
10817948000 -85635.9137210846
10824790000 -85476.4745750427
10831628000 -86354.1558876038
10838472000 -87185.4226951599
10845291000 -88229.2062072754
10852123000 -89168.0987968445
10858922000 -90386.2779045105
10865761000 -89274.0900001526
10872584000 -90299.208065033
10879417000 -91244.5164356232
10886243000 -93251.9654102325
10893066000 -94288.1495437622
10899894000 -94286.2801113129
10906719000 -96313.1447601318
10913541000 -97368.7386245728
10920369000 -99377.9395885468
10927195000 -101407.523948669
10934019000 -102457.488458633
10940846000 -103486.106180191
10947667000 -105568.479766846
10954497000 -106579.444612503
10961316000 -109685.87767601
10968138000 -110770.96503067
10974963000 -112834.711538315
10981800000 -113802.048591614
10988643000 -116723.041406631
10995472000 -118764.508003235
11002298000 -118834.687055588
11009119000 -120950.252363205
11015935000 -123111.195823669
11022749000 -125292.49458313
11029573000 -127394.092832565
11036394000 -127524.390029907
11043218000 -129633.361516953
11050048000 -129696.003879547
11056878000 -132762.340154648
11063708000 -131832.370349884
11070531000 -134964.435750961
11077352000 -135116.855360031
11084177000 -135239.625598907
11090992000 -136449.412845612
11097828000 -138487.899297714
11104664000 -138530.086158752
11111488000 -139675.948150635
11118314000 -141808.836198807
11125144000 -141912.093252182
11131977000 -142994.055408478
11138804000 -143129.68911171
11145631000 -145269.013486862
11152454000 -145445.340467453
11159289000 -147525.42448616
11166113000 -146700.80374527
11172891000 -147262.883136749
11179666000 -149853.577898026
11186478000 -150139.871574402
11193251000 -151754.505020142
11199982000 -151722.388139725
11206791000 -153044.61154747
11213523000 -152011.388307571
11220273000 -152831.946697235
11227037000 -153539.603885651
11233831000 -154001.237726212
11241010000 -155262.946975708
11247773000 -154990.03155899
11254586000 -155304.743045807
11261410000 -156531.617170334
11268232000 -158778.816354752
11275050000 -158062.973909378
11281867000 -158359.130146027
11288684000 -159658.966253281
11295493000 -161029.015478134
11302318000 -162269.678070068
11309136000 -162572.238203049
11315963000 -162803.643960953
11322777000 -163146.828834534
11329600000 -163418.864730835
11336408000 -165819.288219452
11343237000 -166048.811450958
11350047000 -166439.961902618
11356869000 -167735.043106079
11370877000 -168311.165880203
11377701000 -169600.879226685
11384538000 -168786.255125046
11391374000 -168983.641578674
11398190000 -170350.898916245
11404997000 -169796.606910706
11411803000 -169254.29142952
11418629000 -170549.505815506
11425461000 -168798.57159996
11432276000 -171192.532485962
11439098000 -171532.034080505
11445926000 -170825.392477036
11452713000 -172462.915050507
11459510000 -171021.048482895
11466332000 -172375.261981964
11479968000 -173161.161172867
11486836000 -172144.556837082
11493629000 -172754.259950638
11500459000 -173060.501239777
11507290000 -172362.136558533
11514115000 -171717.262945175
11520942000 -174059.480234146
11527775000 -172355.598611832
11534609000 -171647.11643219
11541445000 -171925.738132477
11548273000 -171274.433364868
11555142000 -173286.680337906
11561979000 -174568.121246338
11568814000 -173869.853672028
11575650000 -174166.990955353
11582471000 -171592.2376194
11589289000 -173046.048650742
11596101000 -174553.297742844
11602925000 -172964.713552475
11609766000 -175238.856678009
11616594000 -174624.491611481
11623434000 -174914.330032349
11630258000 -176340.515554428
11637082000 -176770.388502121
11643910000 -177170.792613983
11650740000 -176558.311426163
11657947000 -176824.959283829
11664772000 -176261.50689888
11671599000 -174685.169275284
11678425000 -174120.8086586
11685252000 -173551.851837158
11692085000 -173936.874176025
11698909000 -175400.156080246
11712938000 -174181.724424362
11719762000 -174656.274494171
11726589000 -174109.664432526
11733411000 -174608.154943466
11740247000 -174994.390573502
11747066000 -175525.10187912
11753881000 -176092.616645813
11760705000 -174589.290752411
11767514000 -175213.841470718
11774340000 -175701.32485199
11781170000 -175159.385032654
11787994000 -174670.805074692
11794812000 -175235.575250626
11801643000 -175696.430870056
11808477000 -176136.153377533
11815300000 -176670.604576111
11822137000 -177092.892759323
11828934000 -175849.859004974
11835750000 -174453.279895782
11842565000 -176068.652915955
11849395000 -174563.611698151
11856219000 -174111.897928238
11863037000 -172713.501880646
11869854000 -173327.057952881
11876674000 -173919.481990814
11883499000 -173474.238656998
11890318000 -173082.30116272
11897132000 -173735.390775681
11903936000 -173474.841779709
11910756000 -173085.671632767
11917575000 -171708.451992035
11924397000 -174310.113807678
11931220000 -171907.194576263
11938042000 -170516.227468491
11944864000 -171128.94562912
11951678000 -168811.466627121
11958492000 -167497.664253235
11965310000 -167154.484043121
11972116000 -166914.141710281
11978917000 -166718.780075073
11985733000 -169403.151050568
11992554000 -168049.893516541
11999373000 -167716.842008591
12006193000 -169379.212150574
12019814000 -167871.928459167
12033452000 -167238.946416855
12040653000 -168773.550058365
12047470000 -168482.984594345
12054291000 -168163.072715759
12061113000 -167838.58899498
12067936000 -167509.535051346
12074757000 -169200.677354813
12081574000 -167928.52148819
12088394000 -166635.283882141
12095218000 -166312.716058731
12102034000 -165059.857984543
12108851000 -163802.426452637
12115686000 -162400.144004822
12122500000 -162174.835432053
12129319000 -160911.950340271
12136145000 -159594.996650696
12142967000 -158314.730745316
12149789000 -157038.150108337
12156608000 -155790.000146866
12163428000 -154537.284282684
12177068000 -153042.901882172
12183896000 -150735.264877319
12190720000 -150464.302694321
12197548000 -150164.047031403
12204369000 -147925.195932388
12211570000 -146557.258979797
12225190000 -145279.735029221
12232005000 -144105.269031525
12238823000 -142909.754869461
12245650000 -141643.748888016
12252464000 -140488.564994812
12259293000 -140213.452655792
12266112000 -139024.431125641
12272930000 -136847.330879211
12279755000 -136616.240558624
12286571000 -133462.982345581
12293388000 -132305.165279388
12300259000 -130706.224906921
12307074000 -128572.269836426
12314285000 -127180.536962509
12321112000 -124955.325695038
12334791000 -122310.116172791
12341608000 -120178.328630447
12348441000 -119918.488491058
12355263000 -116752.905628204
12362090000 -116549.847047806
12368919000 -115334.015821457
12375740000 -114187.726366043
12382562000 -114036.890520096
12389386000 -112873.27986908
12396218000 -112647.520683289
12403042000 -110491.289215088
12409911000 -109968.46660614
12416740000 -109778.494960785
12423561000 -107658.034786224
12430406000 -107343.815868378
12437233000 -106181.379550934
12444058000 -104039.085315704
12450889000 -101851.128595352
12457705000 -101790.236257553
12464534000 -101626.109592438
12471358000 -99506.7934856415
12478180000 -99407.6108169556
12485002000 -97312.1134185791
12491850000 -96006.5312747955
12498665000 -95975.9681358337
12505489000 -94875.0951194763
12512311000 -94794.3501377106
12519133000 -93717.2904243469
12525955000 -92643.9159793854
12532823000 -93196.1675281525
12539639000 -92179.4972991943
12546469000 -91051.4594841003
12553297000 -91943.5496997833
12560129000 -90806.4656028748
12566962000 -89664.8616161346
12573783000 -88625.5399990082
12580622000 -87442.0344810486
12587443000 -88410.0909614563
12594273000 -85307.9073181152
12601106000 -85184.7777786255
12614768000 -83982.4589424133
12621599000 -83886.8420200348
12628409000 -82967.3533706665
12635239000 -82887.3256549835
12642068000 -81819.201883316
12648896000 -82762.9804344177
12655719000 -80751.495470047
12662539000 -80768.3220729828
12669360000 -81780.623916626
12676186000 -80755.5733203888
12683024000 -81635.7308959961
12689851000 -80609.8597240448
12696673000 -81628.7077407837
12703497000 -80634.8306980133
12710373000 -79218.0008087158
12717199000 -78215.1185684204
12724030000 -78174.9082317352
12730862000 -77130.1898975372
12744552000 -74838.5917243958
12751391000 -73747.5661010742
12758205000 -72865.2648887634
12765023000 -72953.839138031
12778672000 -69035.4407424927
12785496000 -70085.872833252
12792328000 -69074.4073219299
12799159000 -69074.8354740143
12805994000 -67046.1704387665
12812837000 -63955.6326904297
12819670000 -65950.7625656128
12826493000 -64031.5438365936
12833325000 -65042.2575111389
12840154000 -64081.2502880096
12846979000 -62156.711107254
12853806000 -62219.4739151001
12860636000 -62261.3492336273
12867467000 -62298.7262916565
12874299000 -59331.6067066193
12881135000 -59335.4188156128
12887958000 -58449.4085636139
12894797000 -58436.0444087982
12901626000 -57508.2786521912
12908450000 -57625.1503982544
12915284000 -56663.8256416321
12922109000 -55779.8897972107
12928933000 -53907.8297748566
12935748000 -53113.1381282806
12942580000 -53182.9582500458
12949404000 -50321.9599761963
12956234000 -51415.5382289886
12963072000 -50447.3335266113
12969909000 -48491.0154685974
12976748000 -47522.0318508148
12983589000 -46540.3859233856
12990409000 -46734.2771224976
12997264000 -45645.4848461151
13004090000 -45797.6729984283
13010918000 -44937.1891040802
13017740000 -44129.4786376953
13024568000 -44276.375005722
13031398000 -43410.6047286987
13038219000 -45622.1362915039
13045007000 -45107.2299728394
13051822000 -45375.1775684357
13058643000 -47597.7406272888
13065456000 -48889.3998832703
13072271000 -48168.3827648163
13079057000 -48688.1306247711
13085882000 -48892.7044353485
13092709000 -51084.6180686951
13099524000 -52378.3080120087
13106338000 -50683.8489246368
13113158000 -49944.0301265717
13119984000 -51158.8613319397
13126789000 -49548.9866485596
13133586000 -51008.1477375031
13140412000 -49234.0206928253
13147241000 -50439.0731601715
13154078000 -48582.4625930786
13160904000 -48819.4118881226
13167724000 -49109.0611915588
13174543000 -49410.561466217
13181378000 -49585.066608429
13188187000 -48975.6073989868
13195021000 -50165.6633644104
13201853000 -51375.7489738464
13208682000 -51614.0261440277
13215510000 -51864.1607685089
13222346000 -51052.6745204926
13229174000 -51310.196975708
13236004000 -52555.085193634
13242827000 -50860.804517746
13249647000 -50194.6959381104
13263331000 -48514.4514007568
13270157000 -49810.4541530609
13276988000 -49069.3477420807
13283820000 -50323.7771186829
13290645000 -51639.0132598877
13297464000 -52006.8866882324
13304268000 -52500.8059978485
13311027000 -53365.4585762024
13317829000 -53882.9983654022
13324653000 -55224.7703437805
13331515000 -57260.3232307434
13345140000 -59149.895532608
13358742000 -60241.69323349
13365569000 -60581.1148281097
13372370000 -61136.184217453
13379131000 -62020.982667923
13392661000 -62736.2338104248
13399488000 -63093.9919967651
13406277000 -61765.1222953796
13413103000 -62138.3902568817
13419924000 -62556.089969635
13426743000 -62993.7696552277
13433490000 -61021.7409591675
13440283000 -62678.5631275177
13447106000 -63094.6508598328
13453925000 -63547.0078983307
13460749000 -62962.3209667206
13467565000 -62446.4787425995
13474380000 -61942.4594268799
13481188000 -63499.1228866577
13487979000 -61197.8882350922
13494802000 -61639.7452907562
13501614000 -61174.8502902985
13508435000 -60640.3569469452
13515258000 -61093.2660236359
13522079000 -60566.1421356201
13528903000 -61018.2830276489
13535720000 -58531.08618927
13542544000 -59990.5981578827
13549361000 -59510.764831543
13556194000 -57904.4090957642
13563022000 -58342.4360275269
13569835000 -56906.2031288147
13576647000 -55481.7818050385
13583459000 -55061.0349521637
13590273000 -55627.6926841736
13597080000 -54254.9678764343
13603907000 -51723.2348556519
13610714000 -53357.8589878082
13617517000 -52028.68334198
13624337000 -51564.9242725372
13631159000 -50088.5848999023
13637986000 -50575.274969101
13651614000 -48771.1093330383
13658424000 -49407.0596466064
13665259000 -48843.4571113586
13672053000 -47616.8210067749
13678862000 -48271.9210472107
13685677000 -45881.9279899597
13692505000 -45389.9636096954
13699333000 -44901.6909828186
13706153000 -42482.1162471771
13712966000 -43123.1012115479
13719791000 -40670.2654724121
13726614000 -41237.3665370941
13733421000 -40938.1316699982
13740233000 -40601.9505386353
13747053000 -38204.4636478424
13753878000 -38770.0499248505
13760677000 -37550.482378006
13767465000 -36423.9053249359
13774257000 -37268.4953975677
13781073000 -34921.8623409271
13787897000 -35513.9537162781
13794724000 -33085.3762569427
13801528000 -32847.2083969116
13808347000 -31490.9412460327
13815169000 -30114.0047206879
13821987000 -29773.2198429108
13828810000 -31395.5356369019
13835606000 -28240.6566982269
13842416000 -29975.8253002167
13849231000 -28674.0940265656
13856050000 -28343.5848751068
13862869000 -28016.7577476501
13869687000 -29701.7254676819
13876475000 -28633.7425098419
13883302000 -28253.0502681732
13890098000 -29127.4959087372
13896909000 -28883.9388389587
13903709000 -28733.2665195465
13910538000 -28351.0777950287
13917349000 -29118.5446815491
13924196000 -27597.7788543701
13931013000 -29323.9641723633
13937832000 -29037.6145133972
13944650000 -27763.0537643433
13951470000 -28475.9612808228
13958280000 -28273.6099243164
13965097000 -29018.1940422058
13971916000 -27750.24858284
13978728000 -28542.71443367
13985548000 -28274.0256061554
13992361000 -27065.7416133881
13999179000 -24820.6203479767
14006004000 -25522.4658660889
14012799000 -24471.0444202423
14019634000 -21099.2412986755
14026449000 -21893.1455802917
14033270000 -20642.1283836365
14040083000 -19459.5899715424
14046831000 -18807.1483287811
14053651000 -18575.2381954193
14060434000 -17646.6265125275
14067250000 -15454.4513072968
14074074000 -15201.1818218231
14080900000 -13935.407579422
14087668000 -13142.8650932312
14094478000 -12013.9589557648
14101296000 -11823.9693088531
14108110000 -10670.0363616943
14114930000 -11471.2196540833
14121755000 -9235.62176322937
14128587000 -8947.06616783142
14135396000 -8848.31751251221
14142133000 -7335.80945777893
14148874000 -6794.53256607056
14155710000 -6488.28754806519
14162525000 -4355.6251335144
14169316000 -5420.7786026001
14176523000 -5124.75240135193
14183351000 -2898.17795753479
14190165000 -3788.51942825317
14196987000 -1617.84232330322
14203814000 -1410.41868591309
14210638000 -230.94317817688
14217466000 977.186014175415
14224283000 3092.69132804871
14231102000 5220.68517494202
14237913000 5280.32771682739
14244743000 6489.87613868713
14251566000 6639.15259552002
14258396000 8841.31696891785
14265225000 8031.70593070984
14272051000 9194.15918731689
14278863000 11239.7970218658
14285689000 10394.8786621094
14292503000 11449.3186759949
14299313000 13467.7668685913
14306132000 13555.2470703125
14312947000 13606.734369278
14319769000 16711.0842094421
14326612000 15981.3581523895
14333435000 17086.4022064209
14340251000 18131.2310199738
14347068000 20180.4560642242
14353899000 21339.0438976288
14360720000 21413.1973876953
14367519000 22306.0519809723
14374328000 23275.9746932983
14381141000 25274.5154399872
14387971000 26406.6008625031
14394786000 27413.9238128662
14401606000 26457.922542572
14408434000 27562.7994194031
14415264000 27680.1237792969
14422073000 28624.3036231995
14428888000 28613.2234554291
14435709000 28646.8735637665
14442528000 27660.7045669556
14449346000 27662.7866287231
14456162000 26645.0549850464
14462975000 28599.4470405579
14469795000 26606.6206321716
14476616000 26618.1758747101
14483441000 26658.3037967682
14490264000 27678.615858078
14497085000 27679.1152954102
14503898000 27611.4297657013
14510676000 29257.89661026
14517490000 27190.9403820038
14524292000 27023.5757408142
14531118000 28045.9980392456
14537937000 29008.3114318848
14544755000 28958.883436203
14551585000 30002.4803543091
14558410000 29002.0919551849
14565232000 27973.8418197632
14572065000 29030.5356178284
14578886000 27986.8523464203
14585708000 27947.5410060883
14592512000 27759.5439586639
14599320000 27600.1012325287
14606128000 27436.9883499146
14612941000 27310.4751224518
14619764000 27260.8205738068
14626583000 26175.2681465149
14633792000 26226.4413032532
14640620000 26205.7801780701
14647379000 25625.8922100067
14654163000 27243.6542186737
14660952000 24898.0227050781
14667730000 25460.1956291199
14674506000 26002.6324939728
14681325000 25887.5212497711
14688134000 23688.2478961945
14694912000 26235.8317146301
14701687000 25755.6368427277
14708510000 23658.0343666077
14715328000 23516.5162677765
14722149000 23395.4531650543
14728921000 23876.5118026733
14735704000 23442.4256572723
14742491000 24036.8710784912
14749297000 22780.489107132
14756109000 22568.694890976
14762930000 23425.6049804688
14769744000 25222.5400562286
14776550000 25951.4704475403
14783368000 26773.2184505463
14790160000 27382.2473640442
14796966000 28100.1748275757
14803774000 29830.5119895935
14810525000 30098.9950504303
14817276000 31363.8691539764
14830754000 34689.9093399048
14837499000 35895.7523097992
14844240000 37065.8501472473
14850985000 37264.4901618958
14857795000 37981.7751064301
14864587000 40550.7750988007
14871358000 40947.418680191
14878161000 40597.4866905212
14884970000 40292.0844650269
14891777000 42966.9472370148
14898602000 42782.7051105499
14905420000 44538.5588569641
14912242000 44322.8527069092
14919061000 45079.3721179962
14925870000 45751.917673111
14932690000 47509.1070747375
14939499000 48174.3042259216
14946303000 48795.6923141479
14953127000 49573.9550743103
14959926000 52147.8682613373
14966728000 50742.1988315582
14973505000 51132.2304496765
14980297000 52638.9983692169
14987091000 54158.1620349884
14993910000 56874.265537262
15000711000 56442.2683963776
15007502000 57926.3814506531
15014288000 59366.7317447662
15021117000 60148.3662090302
15027923000 61741.8225059509
15034735000 61379.7341804504
15041483000 63500.6897182465
15048289000 65083.1700325012
15055077000 66517.6412220001
15061893000 68172.9793605804
15068709000 67824.6387138367
15075468000 72015.6311702728
15082278000 72611.8629226685
15089099000 73292.6012020111
15095907000 74865.4509525299
15102724000 75506.767162323
15109546000 77184.4766998291
15116364000 79826.4445705414
15123181000 81456.7179374695
15129989000 84011.1942558289
15136815000 84706.225063324
15143655000 85509.7334194183
15150470000 86109.2521018982
15157288000 87729.1256465912
15164105000 90337.3079280853
15170922000 91941.810338974
15177740000 92550.6421222687
15184534000 93963.5841579437
15191346000 96517.0180339813
15198168000 98146.8536548615
15204942000 99388.6640224457
15211735000 100778.965206146
15218556000 102389.780609131
15225382000 104036.939161301
15232200000 104616.368711472
15239021000 106216.130472183
15245837000 106772.188812256
15252646000 108268.545215607
15259454000 108753.227613449
15266270000 109298.257684708
15273086000 110839.608966827
15279905000 111401.284908295
15286715000 110887.273336411
15293524000 113361.589380264
15300340000 114888.230903625
15307154000 115395.19565773
15313972000 115930.477586746
15320790000 117462.078569412
15327613000 117029.985458374
15334435000 118586.209171295
15341226000 118890.86256218
15347981000 117904.016851425
15354757000 120081.457576752
15361532000 119247.267883301
15368349000 119745.197704315
15375172000 121287.409290314
15381988000 119769.983072281
15388808000 118280.848167419
15395632000 117819.998094559
15402431000 119155.674451828
15409216000 117375.817623138
15416005000 117624.276878357
15422812000 120012.903438568
15429645000 119605.582530975
15436385000 120451.610303879
15443140000 121413.864227295
15449964000 121923.65521431
15456811000 122613.463026047
15463638000 124139.826526642
15470465000 126662.499355316
15477292000 127181.481510162
15484111000 126632.893165588
15490927000 127056.669473648
15497754000 124564.589883804
15504572000 123996.969396591
15511370000 123266.011571884
15518108000 123052.457300186
15524869000 120018.888256073
15531669000 119292.966920853
15538479000 118643.190786362
15545307000 115133.384746552
15552132000 114595.948173523
15565729000 113087.148267746
15572465000 112828.634681702
15579281000 113204.723831177
15586037000 113098.519866943
15592819000 112196.0872612
15599643000 116624.997423172
15606457000 115970.467250824
15613236000 116033.144107819
15620059000 119443.047487259
15626887000 117889.132884979
15633716000 119339.499660492
15640542000 119762.25582695
15647359000 119109.573936462
15654180000 118485.098226547
15660990000 119769.257635117
15667806000 120097.567327499
15674630000 120485.957372665
15681444000 120790.966464996
15688274000 121219.799928665
15695093000 122557.288488388
15701879000 122628.159816742
15708689000 121886.597383499
15715499000 123141.362634659
15722270000 124081.776947021
15729060000 123169.90696907
15735877000 124469.442392349
15742696000 124781.226953506
15749478000 122794.662811279
15756269000 123876.127346039
15763096000 123240.60402298
15769921000 122585.465332031
15776747000 123934.599937439
15783565000 123216.354822159
15790393000 122574.036024094
15797215000 123880.264358521
15804041000 122214.646003723
15810854000 123441.869693756
15817681000 120776.837747574
15824500000 122044.450935364
15831322000 121332.254549026
15838081000 121115.085229874
15844885000 123252.336957932
15851693000 121417.746326447
15858503000 121595.396202087
15865321000 122833.012107849
15872132000 123011.267292023
15878953000 124265.386219025
15885763000 123428.336051941
15892586000 122690.997810364
15899408000 123942.021127701
15906224000 122141.649856567
15913038000 121321.697769165
15919856000 119529.870948792
15926683000 116805.912584305
15933505000 116038.516584396
15940278000 115877.941413879
15947091000 113031.66649437
15953907000 112205.559352875
15960737000 110487.034749985
15967483000 109097.293476105
15987942000 103662.313180923
15994719000 103504.320358276
16001496000 99342.6907272339
16008277000 98209.1981773376
16015086000 97294.4666843414
16021919000 95566.6813926697
16028740000 93739.8967170715
16035570000 92980.8996601105
16042348000 89805.2885150909
16055947000 87784.5596523285
16062770000 85955.2739429474
16069589000 85090.5474147797
16076431000 82404.7146205902
16083271000 80699.2998504639
16090098000 80886.9994316101
16104094000 76965.4039325714
16110898000 75959.3336658478
16117720000 76092.4240760803
16124507000 73944.1298599243
16131295000 72800.1218242645
16138110000 71866.661365509
16144926000 70937.4558467865
16151744000 70020.4357662201
16158561000 70091.8031635284
16165383000 68199.14585495
16172196000 67231.4288463593
16179012000 67283.8261489868
16185883000 66768.6622562408
16192702000 65837.458902359
16199513000 65839.1468868256
16206333000 64908.5115852356
16213154000 63982.1204242706
16219976000 63059.9717845917
16226779000 63983.5406570435
16233556000 62697.3783092499
16240362000 62637.4069347382
16247181000 61676.786775589
16254004000 61744.1806468964
16260771000 60364.1734886169
16267560000 60154.8449687958
16274387000 60242.9180202484
16281198000 59200.5506324768
16288016000 58209.9591026306
16294823000 59128.5580253601
16301626000 58011.8068943024
16308417000 59796.3545322418
16315239000 56822.7444858551
16322058000 57821.6932945251
16328873000 57785.2877349854
16335689000 57753.1220092773
16342508000 57741.0285167694
16349330000 58749.0023937225
16356141000 57666.2158145905
16362957000 56619.332775116
16369777000 56600.4303379059
16376544000 57158.3864154816
16383324000 54815.5954780579
16390153000 55856.9130458832
16396980000 55878.712392807
16403797000 55817.6995410919
16410613000 55745.095205307
16417437000 55732.1006698608
16424265000 56747.0608329773
16431081000 54663.4093379974
16437868000 56346.7048912048
16451330000 56816.6142578125
16458077000 56172.713218689
16464817000 57469.8562488556
16471555000 57747.5884990692
16478294000 59029.6319313049
16485027000 60260.6448974609
16491772000 58582.9303703308
16498509000 61838.3760757446
16505249000 62113.9401340485
16518758000 63883.4651012421
16525492000 64100.8069610596
16532232000 65361.96991539
16538977000 64659.0429039001
16545716000 65905.1078567505
16552459000 66179.1781978607
16559203000 64457.5479736328
16565968000 65898.2018280029
16572754000 68501.1060142517
16579588000 67479.4789962769
16586399000 68272.5068016052
16593226000 68188.2156734467
16600056000 68123.923707962
16606859000 69842.7438716888
16613689000 71771.0786762238
16620519000 68695.7195625305
16627319000 72379.8329715729
16634137000 72202.3752937317
16640956000 73029.1300430298
16647783000 70915.3454303741
16654605000 72758.4086837769
16661423000 73566.2196578979
16668234000 72315.1111907959
16675050000 74099.782699585
16681858000 77817.6543464661
16688672000 76579.1934070587
16695495000 79408.0573329926
16702296000 78059.6875743866
16709127000 73944.2944927216
16715946000 78730.5571956635
16722726000 78205.5488910675
16729529000 78858.2868518829
16743164000 79381.441619873
16749978000 80109.9017982483
16756800000 77897.7589550018
16763617000 80642.5125408173
16770444000 80462.4174613953
16777265000 79231.336233139
16784077000 81925.6324558258
16790894000 78655.6617107391
16797721000 79460.8206996918
16804491000 80813.1049861908
16818119000 82200.1682949066
16824931000 81872.4273948669
16831751000 80604.0381450653
16838560000 79245.3108081818
16845383000 81993.1928424835
16852168000 80438.0759410858
16858953000 81879.3136367798
16865771000 78576.7998313904
16872583000 78223.3548870087
16879409000 79976.4783592224
16886234000 79718.0382881165
16893058000 79448.0362968445
16899880000 80158.6011352539
16906696000 79818.246723175
16913511000 78466.3417301178
16920310000 78984.8189945221
16927087000 78326.4800662994
16933879000 77782.5570087433
16940671000 77234.9810218811
16947490000 77896.2178516388
16954315000 80600.9840126038
16961137000 76278.4576053619
16967954000 78912.9085292816
16974775000 77575.1473464966
16981599000 77257.3011741638
16988417000 78888.5724182129
16995241000 76563.3546295166
17002058000 77179.3959560394
17008868000 78736.7077350616
17015688000 78368.9842071533
17022503000 78958.2617664337
17029322000 79575.3121032715
17036141000 76188.6804103851
17042956000 76766.9205245972
17049778000 74396.5099391937
17056588000 75928.088552475
17063398000 77455.994852066
17077415000 74620.7452087402
17084203000 71964.5384559631
17090997000 73351.8294963837
17097746000 73381.8914337158
17104571000 72005.4530849457
17111403000 73680.3190727234
17118221000 71241.5108528137
17125043000 68830.4418487549
17131859000 72368.5605735779
17138674000 70895.1465473175
17145541000 67826.432636261
17152348000 66282.8121032715
17159092000 65240.8249359131
17165882000 66556.4194946289
17172710000 66166.7114505768
17179534000 61741.9087524414
17186336000 63140.7145214081
17193099000 63229.7202415466
17199922000 63786.0509910583
17206749000 62370.0896778107
17213577000 61958.2857208252
17220402000 60519.247543335
17227225000 57060.8269557953
17234008000 59284.8635883331
17240791000 59505.2569694519
17247620000 60082.8925647736
17254394000 57225.3715515137
17261210000 56693.675868988
17268040000 56268.1134490967
17274916000 52199.643157959
17281724000 55594.1301002502
17288552000 53141.7887630463
17295373000 53630.8648052216
17302193000 53108.4156455994
17309017000 52613.6452693939
17315837000 52083.8277339935
17322656000 48542.487695694
17329473000 46981.7879295349
17336300000 47495.7914161682
17343122000 44966.9153709412
17349942000 42418.6795959473
17363616000 39577.5878448486
17370445000 36088.8048667908
17377267000 33541.4835739136
17384083000 32943.4698486328
17390921000 30514.1250610352
17397744000 30963.5760116577
17404567000 27409.3406105042
17411351000 26545.9565200806
17418144000 24749.4145812988
17424956000 20098.0132102966
17431775000 20497.7526283264
17438602000 14956.4517173767
17445418000 14325.3337440491
17452232000 9674.87871932983
17458981000 9511.88838195801
17465747000 6478.36828613281
17472513000 5441.22317123413
17479280000 3408.28004074097
17486023000 1183.87588882446
17492805000 -5738.91775131226
17499614000 -5454.06827926636
17506438000 -6055.5174369812
17513259000 -9684.12692260742
17520048000 -11566.7809486389
17526869000 -13202.7415237427
17533697000 -13787.6275177002
17540440000 -18041.0875091553
17547198000 -19180.82371521
17554002000 -19964.4069061279
17560821000 -23634.3479309082
17567591000 -30691.1507644653
17574377000 -29626.4715270996
17581173000 -28487.2495422363
17587988000 -34203.1355133057
17594803000 -37922.6991882324
17608413000 -39529.1949577332
17615217000 -42345.7594528198
17622055000 -44900.2564697266
17628880000 -44560.0529289246
17635695000 -48301.6839447021
17642499000 -51132.9473876953
17649313000 -53889.7414093018
17656114000 -55751.7808952332
17662932000 -60484.67137146
17669758000 -59158.7475357056
17676579000 -60875.5701255798
17683391000 -65666.3743515015
17690215000 -66367.1295928955
17697035000 -69102.811252594
17703854000 -74849.9852256775
17710679000 -74553.9892272949
17717508000 -76230.4492301941
17724337000 -77910.6020736694
17731161000 -82633.4829711914
17737985000 -85360.0513000488
17744805000 -88121.5309143066
17751631000 -90839.8610916138
17758452000 -90600.9052772522
17765274000 -95357.8293113708
17772101000 -99079.4195976257
17778922000 -102851.520126343
17785748000 -103588.291233063
17792572000 -106344.356296539
17799393000 -108127.513713837
17813044000 -112634.676059723
17819859000 -116475.691028595
17826679000 -119281.386299133
17833492000 -125145.357269287
17840321000 -126888.229362488
17847147000 -129658.18787384
17853963000 -130509.809177399
17860788000 -132294.938243866
17867612000 -135091.552062988
17874432000 -137923.036109924
17881257000 -141719.227462769
17888066000 -143643.821247101
17901721000 -150215.661518097
17908538000 -152088.944957733
17915351000 -155997.078109741
17922170000 -157862.135292053
17928993000 -157699.70898056
17935813000 -160564.341537476
17942630000 -164456.02809906
17949443000 -168382.553569794
17956256000 -170312.754592896
17963047000 -174417.982177734
17969832000 -174573.590484619
17976615000 -178748.419410706
17983369000 -178152.716693878
17990172000 -184179.085830688
17996959000 -184333.695690155
