39000 -365355.426083073
6894000 -369719.096105557
13713000 -373322.561546326
27357000 -378489.936901622
34126000 -380426.655458838
40963000 -382910.806923658
47797000 -385415.060286902
54626000 -385952.729849562
61459000 -388463.900372416
68290000 -389988.515272215
75130000 -392453.345465183
81972000 -395904.991585359
88781000 -396576.453681886
95589000 -399254.701969787
102328000 -401392.419412255
109083000 -402423.749931112
115836000 -405468.521611616
122587000 -406526.734340951
129718000 -407055.403459162
136470000 -407107.220081627
143225000 -409139.19265303
149978000 -409184.606196016
156729000 -411243.460597754
163476000 -412329.069611639
170225000 -413401.491526425
176975000 -414467.383350313
183728000 -414513.431386232
190477000 -416586.233808875
197225000 -415665.81987524
203977000 -415718.905427307
210728000 -415778.774698317
217480000 -417832.114066362
224230000 -416898.893879712
230984000 -417939.173554629
237735000 -416999.550401241
244488000 -418046.740712494
251241000 -419094.057978719
257992000 -419154.815539896
264741000 -419229.013283253
271500000 -419236.771507382
278256000 -421264.626752913
285010000 -420305.922255695
291764000 -421347.344751179
298513000 -421422.177024961
305266000 -421470.509949923
312018000 -421525.626349509
318770000 -421580.869666398
325522000 -421636.239900708
332274000 -422691.737052441
339028000 -420734.048232794
345774000 -421829.737810433
352530000 -421858.99001193
359287000 -420881.712893307
366041000 -418924.531987607
372801000 -418927.539972305
379633000 -418451.419311941
386498000 -419755.770289421
393327000 -418299.879021704
400189000 -417624.460535586
406951000 -416614.798650503
413738000 -415438.858148336
420565000 -415996.797185183
427379000 -416641.396553755
434205000 -416206.251028121
441033000 -417757.922896266
447841000 -418442.847383499
454657000 -419074.651922166
461478000 -418673.305278242
468306000 -418225.49556756
475133000 -418784.471712947
481954000 -417383.51388979
488782000 -415936.093398869
495606000 -415515.426732421
502439000 -415034.985799432
509272000 -415554.674847126
516101000 -414101.117681324
522941000 -413574.475087821
529774000 -413094.554135025
536607000 -411614.763162911
543444000 -410108.478670359
550281000 -409602.324310899
557110000 -409149.546782374
563938000 -406703.554900527
570774000 -406204.446415782
577601000 -406765.37004745
584427000 -406333.079193115
591249000 -404927.541022301
598070000 -403528.788137078
604891000 -402130.164776564
611720000 -403678.425458908
618541000 -401280.061299682
625365000 -400861.85972321
632189000 -400443.78778553
639043000 -398826.177210212
645863000 -398434.987480283
652695000 -397964.060382962
659520000 -397539.85209322
666341000 -397142.395612836
673152000 -395811.623798966
679971000 -396427.737168312
686789000 -396050.635462642
693608000 -393667.007710457
700427000 -394283.509407043
707248000 -391886.829713583
714083000 -392397.103940964
720916000 -391920.818987608
734621000 -390709.08064127
741445000 -391293.084288955
748273000 -389850.596354604
755486000 -387845.953282595
762317000 -387383.766450047
769139000 -386981.606744885
775947000 -385672.749794602
782767000 -384284.159366846
789585000 -382909.008806109
796417000 -381440.815261006
803254000 -380939.475898504
810083000 -378491.507732987
816908000 -380070.289852142
823739000 -377609.271077871
830559000 -376221.588044047
837394000 -374734.208642006
844225000 -374273.579448819
851059000 -371793.115103364
857882000 -371385.985775948
864710000 -370945.711144447
871535000 -371525.531189203
878368000 -368052.241367221
885207000 -368539.151983023
892037000 -368086.086951375
905693000 -366206.965955377
912511000 -364834.148621678
919340000 -364388.257581353
926163000 -361982.425228477
932981000 -361609.996430635
939804000 -359204.423184156
946636000 -358739.086762547
953467000 -359280.53501749
960289000 -357882.005610466
967121000 -356417.05880785
973946000 -354998.824685574
980769000 -354594.029555559
987591000 -353196.018664956
994420000 -352751.554998159
1001262000 -353220.711349726
1008089000 -350789.816750884
1014914000 -349372.361030102
1021744000 -348921.762267232
1028566000 -347524.52956903
1035387000 -347134.080939174
1042205000 -345763.725294232
1049022000 -345400.153527856
1055846000 -343990.129992604
1062658000 -342660.089253902
1069476000 -341290.251232862
1076296000 -340907.233838916
1083115000 -339531.000304461
1089944000 -338088.352679729
1096767000 -336685.760892868
1103589000 -336289.953022718
1110401000 -333960.817684174
1117217000 -332605.194417
1124032000 -330256.354743242
1130852000 -328874.3731668
1137672000 -326492.521076679
1144492000 -326110.798473358
1151311000 -325735.859539747
1158148000 -326241.275102139
1164971000 -322839.978827477
1171787000 -323485.391035557
1178600000 -321150.894899845
1185415000 -320803.219808817
1192218000 -318535.522844315
1199055000 -317041.717015982
1205875000 -317661.159849405
1212700000 -315247.46210885
1219546000 -316694.160189629
1226365000 -313320.646045685
1233185000 -310940.607395649
1240008000 -310540.736423731
1246830000 -309147.648969173
1253660000 -308701.45989275
1260471000 -306381.824386358
1267676000 -306440.697324038
1274505000 -304001.558456659
1281337000 -303542.587954521
1288541000 -302608.533226252
1295363000 -301216.367504835
1302175000 -299890.868976831
1308990000 -299545.53839922
1315805000 -297200.337118864
1322622000 -295841.957722902
1329436000 -294503.668761253
1336256000 -293125.587049484
1343459000 -294199.287388325
1350262000 -290934.58361721
1357080000 -290570.204534769
1363895000 -288225.915636539
1370704000 -286921.677469254
1377521000 -284564.339944363
1384331000 -284253.706532717
1391143000 -281929.895197392
1397948000 -281652.78752017
1404762000 -280315.927463293
1411580000 -277952.582831383
1418393000 -276622.634807825
1425197000 -274352.696790457
1432009000 -272029.660439491
1438822000 -269700.099889517
1445635000 -270370.668560028
1452446000 -267054.673141241
1459258000 -267732.153541565
1466121000 -264070.444482803
1472924000 -262808.063805819
1479739000 -262465.972745895
1486553000 -260130.664232254
1493370000 -259775.525285482
1500180000 -258467.088194132
1506995000 -258125.514245749
1513802000 -256837.294985056
1520616000 -255502.632633448
1527430000 -253168.099540949
1534628000 -253278.89898634
1541442000 -250944.631695986
1548256000 -251610.493664265
1555064000 -250316.403245687
1561873000 -248015.788818598
1568675000 -247761.874608755
1575486000 -245448.212182999
1582301000 -244108.066969633
1589110000 -243807.968838692
1595936000 -242394.899707317
1602750000 -240061.795405626
1609555000 -239788.696528912
1616371000 -239442.544797659
1623184000 -238116.481009483
1629995000 -237803.852143049
1636805000 -235498.005253077
1643620000 -235159.023408175
1650435000 -233820.170859814
1657257000 -234434.878186703
1664076000 -231069.673342705
1670894000 -230711.250684023
1677702000 -229419.484612226
1684516000 -229087.931379557
1691385000 -227390.61002779
1698191000 -227112.537641287
1705003000 -225794.678360224
1711818000 -225456.990394592
1718649000 -225012.990067244
1725466000 -224662.255829334
1732281000 -223324.956095695
1739092000 -222014.395845652
1745893000 -221770.490018606
1752707000 -221440.230342865
1759517000 -220136.709885359
1766326000 -217839.971005917
1773139000 -217516.751388311
1779953000 -216187.008558273
1786768000 -214850.742573738
1793580000 -213534.563070774
1800393000 -211211.860374928
1807207000 -210882.634542704
1814014000 -208600.1043365
1820825000 -206291.093847275
1827638000 -204968.907902479
1834450000 -203653.50345993
1841261000 -201344.880462885
1848093000 -199896.689501524
1854911000 -198541.759622812
1861733000 -197160.350333452
1868550000 -196812.331538439
1875360000 -194511.007287502
1882178000 -193156.594956875
1888990000 -190842.224813223
1895803000 -190521.331742287
1902616000 -188200.567892075
1909438000 -186820.06461072
1916260000 -186439.690891981
1923079000 -184079.402838945
1929892000 -181759.156328201
1936714000 -180379.171069384
1943527000 -180059.183171034
1950347000 -178692.760783672
1957169000 -177313.164003611
1963982000 -175993.564071894
1970797000 -174660.789557695
1977628000 -173221.714217663
1984448000 -170855.939282656
1991264000 -169516.901212931
1998075000 -168211.251606464
2004885000 -166912.382951975
2012078000 -164066.008877039
2018895000 -162720.843323946
2025714000 -161362.503645897
2032535000 -158990.989956617
2039350000 -155659.516057014
2046161000 -153354.778221607
2052975000 -152030.214513063
2059793000 -150679.173447371
2066611000 -148328.261792421
2073809000 -147449.865688801
2080622000 -145132.478047848
2087814000 -143294.272160769
2094625000 -142990.45326376
2101462000 -142513.823525667
2108279000 -139170.354298353
2115095000 -137833.665944099
2121909000 -136510.409886122
2128723000 -135187.283087492
2135530000 -132910.845649004
2142344000 -131587.977235079
2149173000 -131165.467003822
2155985000 -128856.160164833
2162811000 -127453.863368988
2170014000 -125544.138246059
2176833000 -123188.667340279
2183651000 -121839.977191925
2190472000 -120471.462584019
2197283000 -117169.590212345
2204474000 -115340.37135458
2211292000 -115992.205852985
2218111000 -112637.518548965
2224925000 -110316.216664791
2231743000 -109968.439338207
2238549000 -107700.605298042
2245366000 -106359.737702847
2252183000 -103018.999480247
2258992000 -102731.599424839
2265796000 -99477.5838413239
2272605000 -98190.4418296814
2279424000 -95836.9184632301
2286243000 -93483.5245451927
2293067000 -91097.0050530434
2299877000 -88803.7289972305
2306688000 -87503.931081295
2313501000 -84190.9604158401
2320319000 -82844.8643283844
2327126000 -79572.0576577187
2333932000 -78306.0308709145
2340744000 -76000.2278094292
2347564000 -72641.3471088409
2354382000 -71295.8975615501
2361195000 -69983.8315000534
2368014000 -66631.9898843765
2374839000 -65240.3730559349
2381652000 -63928.6949987411
2388465000 -62617.1461620331
2395274000 -60332.3294262886
2402091000 -60994.4361524582
2408901000 -57703.227025032
2416107000 -56778.4846496582
2422927000 -54421.0348143578
2429738000 -52123.5700817108
2436555000 -51786.3308639526
2443378000 -50409.3175024986
2450192000 -48092.2888455391
2457007000 -45768.738899231
2463823000 -45438.6677207947
2470637000 -43122.0268974304
2477831000 -41278.3288831711
2484650000 -40928.7014303207
2491463000 -38619.106139183
2498278000 -37296.339202404
2505097000 -35947.0999054909
2518722000 -33335.4645500183
2525537000 -32013.2147817612
2532356000 -29664.4929571152
2539175000 -29315.9005813599
2545990000 -25994.0388555527
2552803000 -27685.6069893837
2559626000 -24310.8017196655
2566441000 -22989.3279986382
2573266000 -21601.4813294411
2580096000 -20180.5133099556
2586912000 -17852.7777671814
2593731000 -15505.2210564613
2600568000 -14038.0911226273
2607341000 -11996.6996088028
2614150000 -10716.0318193436
2620965000 -9395.59254837036
2627781000 -8068.63250207901
2634599000 -6728.50168323517
2641416000 -4395.15031003952
2648236000 -3041.97826147079
2655073000 -1575.88575649261
2661879000 683.927307605743
2668692000 2990.16112709045
2675518000 4382.71494293213
2682326000 6655.44047021866
2689133000 7921.38706350327
2695948000 8240.4037270546
2702756000 10512.7420458794
2709573000 11844.7999386787
2716390000 13176.7284584045
2723211000 16535.1268334389
2730028000 14866.7965312004
2736840000 18165.0880122185
2743651000 18456.6005587578
2750463000 20754.6336917877
2757289000 22145.6336121559
2764099000 25430.1087274551
2770912000 26734.403758049
2777735000 28105.0661196709
2784543000 31375.8543372154
2791358000 32693.0608448982
2798175000 34023.4372520447
2804988000 36327.0859689713
2811802000 37637.25502491
2818609000 40900.7480330467
2825421000 41197.3596591949
2832238000 41527.0896201134
2839049000 44816.7933006287
2845869000 45166.2130270004
2852681000 44462.3076934814
2859496000 45778.2214593887
2866315000 46120.6035633087
2873125000 49403.0117120743
2879940000 49718.5376067162
2886756000 51040.5835561752
2893570000 51349.201505661
2900385000 52664.339509964
2907198000 52966.0496277809
2914013000 56280.9290757179
2920836000 55648.8732819557
2927648000 58943.546271801
2934467000 59284.6346101761
2941287000 60632.2426996231
2948094000 60893.2819504738
2954918000 62267.2279610634
2961728000 63547.9563322067
2968540000 64841.853843689
2975354000 66148.9203824997
2982174000 68495.752178669
2988988000 68802.5600857735
2995799000 71089.2915892601
3002613000 68395.8410353661
3016261000 72141.5319747925
3023073000 72434.3953208923
3029888000 74747.0763425827
3036704000 74066.2770023346
3043518000 75372.0504961014
3050337000 74710.9392132759
3057150000 77009.8052172661
3063959000 78281.9465670586
3070770000 78567.2565264702
3077583000 79865.73498106
3084392000 79137.4890089035
3091205000 80435.7090978622
3098021000 81753.7462568283
3104842000 84104.8978033066
3112035000 83929.2455525398
3118845000 83206.9952249527
3125650000 85451.3723564148
3132459000 85722.2152409554
3139273000 86026.1723003387
3146083000 87303.4055814743
3152901000 87633.698641777
3159716000 87943.9165158272
3166537000 89293.8965301514
3173358000 89643.7470202446
3180167000 91913.6855669022
3186981000 92216.7376236916
3193796000 94526.3089184761
3200614000 93855.6963510513
3207430000 97171.6574540138
3214241000 98454.2470221519
3221058000 98776.5979719162
3227864000 99025.6871261597
3234695000 100440.856902122
3241508000 101736.226220131
3248319000 103018.169626713
3255122000 103246.797278881
3261933000 104528.482546806
3268738000 103770.14893961
3275548000 106044.927762508
3282743000 106879.153671265
3289553000 109153.66697979
3296366000 108447.995816231
3303178000 110735.54723835
3310003000 112109.395732403
3316827000 112476.466395378
3323636000 114743.685388565
3330452000 115057.312127113
3337266000 116357.513336182
3344081000 116664.233365059
3350892000 116944.23185873
3357707000 120250.693369389
3364530000 120610.209756374
3371341000 120889.820511341
3378154000 123182.598088264
3384973000 124515.134232521
3391791000 126840.892982483
3398604000 127133.282687664
3405422000 129458.782711029
3412233000 128737.618102551
3419059000 131116.042396069
3425886000 133500.984825611
3432702000 132812.671352386
3439511000 135077.693854332
3446359000 137601.851248741
3453169000 137873.262647629
3459985000 141184.431475163
3466792000 141435.641335011
3473594000 142653.483611107
3480411000 144970.91257
3487263000 145520.880954742
3494461000 147370.809133053
3501276000 148674.546795845
3508085000 151938.269430161
3514900000 153241.748613834
3521712000 153525.155748367
3528518000 155768.548308849
3535378000 158370.779402256
3542164000 159480.962486744
3548982000 159803.737634659
3555800000 162126.383371353
3562618000 162448.899697304
3569437000 164777.934063435
3576258000 164120.133845806
3583073000 166422.319624424
3589886000 167711.081317425
3596699000 168999.713788986
3603524000 170367.9853158
3610349000 171736.127165794
3623967000 174259.30825758
3630784000 175573.883442402
3637602000 176894.976516247
3644418000 178202.645694733
3651613000 180029.48303318
3665240000 182610.924410343
3672053000 183898.127655983
3678866000 184185.20168066
3685682000 186492.087866783
3692499000 186805.491827488
3699310000 189078.883876801
3706118000 189332.205569267
3712944000 193705.045161247
3719759000 194004.6376791
3726572000 195290.806872368
3733378000 195530.317881107
3740217000 196989.050135612
3747038000 200328.006959438
3753850000 201607.011819363
3760658000 202859.299819946
3767479000 204197.868488312
3774285000 205436.604417801
3781101000 207741.680012226
3787919000 210059.919957161
3794728000 209318.209075451
3801550000 212662.777589798
3808370000 210993.922969341
3815185000 213291.705028057
3821999000 214582.711040497
3828866000 214225.864433289
3835669000 214443.497113228
3842487000 215760.701316833
3849297000 215024.602733135
3856108000 216295.021695614
3862928000 214625.131219864
3869747000 214948.464642525
3876945000 215790.728363037
3883758000 216073.916237354
3890569000 216343.68177557
3897378000 217600.025092125
3904191000 219882.825417042
3.911e+09 220138.910519123
3917821000 220474.624328136
3924640000 221796.915688038
3931467000 223172.249145508
3938283000 224474.34218359
3945098000 224769.659480572
3951911000 227051.554708004
3958717000 225286.796142101
3965529000 228561.786712646
3972337000 228810.062780857
3979157000 229137.965545177
3985975000 229452.446239471
3992790000 229746.858705521
3999607000 231054.434381962
4006422000 231348.588215828
4013244000 229689.136262894
4020060000 231989.677567005
4026872000 232263.504826069
4033688000 231563.787536621
4040491000 234777.54109478
4047302000 234044.334778786
4054507000 234929.56324482
4061324000 235235.96765852
4068140000 237535.596635818
4074960000 236861.680454731
4081774000 237147.758636951
4088585000 237413.769542694
4095399000 238699.589264393
4102214000 236991.925695419
4109029000 239284.132828712
4115837000 239529.689155102
4122657000 238854.86738348
4129476000 240173.270233154
4136291000 241464.960141182
4143109000 241776.458314896
4149919000 243034.660396576
4163537000 244537.385644436
4170357000 245861.658225536
4177209000 248398.465615749
4184025000 249695.895655155
4190839000 249979.904916763
4197654000 251270.430622578
4204466000 253540.889980793
4211280000 254824.511484623
4218086000 255054.838567257
4224895000 256304.973572731
4231708000 257581.56193924
4238520000 259851.375495911
4245360000 260307.135816574
4252174000 261589.981577873
4258990000 262885.989142418
4265805000 264175.221859932
4272622000 265477.616268158
4279434000 267746.653930187
4286248000 268028.853320599
4293067000 269344.150635242
4299882000 271632.736830711
4306713000 273027.520108223
4313532000 273342.428925037
4327175000 277005.084921837
4333996000 277332.895943642
4340811000 277620.705617905
4347638000 277988.129411697
4354461000 281328.842391014
4361287000 282689.361510277
4368110000 284029.81523037
4374914000 284243.880383492
4381726000 286510.978176117
4388543000 288811.172639847
4395359000 289104.592578888
4402173000 289384.592916489
4408994000 290710.979793549
4415815000 293037.237146378
4422634000 294350.074822426
4429460000 295709.298447609
4436281000 297035.167168617
4443092000 297294.456175804
4449906000 300573.551037788
4456721000 299859.161622047
4463539000 303164.577795982
4470349000 304416.705013275
4477170000 304741.797288895
4483983000 306013.600800514
4490827000 307491.266560555
4497640000 308762.811040878
4504453000 310034.22630024
4511262000 313278.933021545
4518084000 314609.89320755
4524900000 314900.855083466
4531720000 317218.266712189
4538536000 318508.969842911
4545351000 319792.898902893
4552162000 321050.119805336
4558984000 323380.30322361
4565793000 323623.976271629
4572606000 326894.098885536
4579417000 327150.802998543
4586227000 330400.733346939
4593041000 331677.112992287
4599862000 334999.875459671
4606675000 336269.351891518
4613492000 338565.277281761
4620310000 339867.717823982
4627120000 342116.87290287
4633938000 342419.054777145
4640757000 345727.751708031
4647575000 347029.674740791
4654392000 348324.823931694
4661205000 350593.266103745
4668019000 351868.223446846
4674830000 354123.118409157
4681645000 355404.461647034
4688454000 355645.80957222
4695274000 358960.115913391
4702091000 360254.359875679
4708960000 361893.976968765
4715742000 362955.412100792
4722550000 364189.469452858
4729369000 366496.484214783
4736194000 368843.234746933
4743009000 371123.413762093
4749828000 372430.040141106
4756647000 373736.537071228
4763455000 375969.819154739
4770268000 377236.192747116
4777080000 381495.793028831
4783896000 381781.840409279
4790697000 384968.09768486
4797564000 386592.732325554
4804369000 388805.306872368
4811179000 390050.972474098
4817990000 391303.152942657
4824809000 392608.355916977
4831628000 395913.429443359
4838442000 397185.153928757
4845262000 398496.612550735
4852082000 402807.941687584
4858902000 402119.141337395
4865717000 403396.992288589
4872543000 404747.795999527
4879360000 407038.675757408
4893033000 408879.154046059
4899849000 410163.001196861
4906663000 413433.431556702
4913480000 412723.663785934
4920290000 415967.260808945
4927489000 415795.116752625
4934298000 418031.804533958
4941117000 418334.799572945
4947928000 419584.516253471
4954742000 421854.034573555
4961563000 422169.928663254
4968379000 424452.475446701
4975198000 425754.823507309
4982019000 429070.329155922
4989212000 429857.086971283
4996023000 430105.891710281
5002841000 430401.071530342
5009649000 431629.687520981
5016462000 432891.391594887
5023287000 435232.687293053
5030105000 435527.349620819
5036921000 438808.595807076
5043736000 440083.069311142
5050547000 442330.840206146
5057370000 441658.201663971
5064174000 444859.21101284
5070983000 445093.307835579
5077834000 447606.292173386
5084623000 449707.26540184
5091443000 450014.049955368
5098257000 452280.845850945
5105069000 453534.226136208
5111888000 454833.979338646
5118706000 456126.959953308
5125525000 458426.454277039
5132345000 458732.462251663
5139152000 461951.980685234
5145964000 462204.585434914
5152780000 464483.63317585
5159980000 465313.472714424
5166801000 466625.469519615
5173624000 468950.622771263
5180433000 469182.6448946
5187277000 471647.041103363
5194095000 472938.590779305
5200909000 473203.439406395
5207725000 475481.444556236
5214538000 475739.391757011
5221351000 476997.20973587
5228167000 478274.826994896
5234978000 479519.100847244
5241845000 480135.242096901
5248629000 481199.901634216
5255441000 483450.430256844
5262260000 483747.328867912
5269073000 486004.241713524
5275886000 486261.025336266
5282695000 488491.109012604
5289508000 489747.634270668
5296320000 489997.387663841
5303172000 493512.716859818
5309961000 494609.431197166
5316785000 494938.507759094
5323599000 498201.029006004
5330396000 499350.497663498
5344018000 503835.039441109
5350833000 504103.686579704
5357646000 506358.919475555
5364454000 508580.810880661
5371273000 509875.640039444
5378098000 511210.194246292
5384910000 513458.267614365
5391722000 515706.211799622
5398534000 516954.026802063
5405353000 517248.209002495
5412173000 519548.904075623
5418987000 521809.615847588
5425792000 524010.417813301
5432608000 523284.155767441
5439427000 525577.691123009
5446238000 527817.959218979
5453055000 529097.951415062
5459868000 531351.245484352
5466686000 532637.621178627
5473496000 534870.730259895
5480310000 536130.278759956
5487121000 540369.771662712
5493939000 541655.630075455
5500754000 543921.432853699
5507584000 546286.737169266
5514396000 548532.354959488
5521214000 548817.695672035
5528029000 551082.980978012
5534845000 551354.778967857
5541664000 552646.373503685
5548475000 553884.703058243
5555286000 557122.903467178
5562106000 558420.751865387
5568923000 559698.545122147
5575735000 560942.999676704
5582553000 562227.176129341
5589361000 565444.804893494
5596180000 566735.364523888
5602994000 568992.585756302
5609804000 569223.110644341
5616623000 572513.282194138
5623435000 572756.832164764
5630248000 576006.894665718
5637064000 577276.753031731
5643871000 578486.706976891
5650680000 581709.815243721
5657496000 581979.285908699
5664305000 584202.135903358
5671121000 585471.348031044
5677940000 588760.355567932
5684763000 588075.799905777
5691596000 590457.530075073
5698411000 591719.582826614
5705226000 593981.506281853
5712048000 595289.790844917
5718861000 597538.172638893
5725672000 597773.142313957
5732487000 600034.548563004
5739318000 600402.08808136
5746122000 602590.180127144
5752929000 602798.067410469
5759739000 604025.749759674
5766560000 603326.357684135
5773379000 605613.553451538
5780193000 606867.413287163
5787007000 608121.143864632
5793824000 608394.668958664
5800642000 608674.705920219
5807455000 609921.407366753
5814283000 612267.597618103
5821095000 613507.399155617
5834718000 617979.973537445
5841542000 619299.081054688
5848358000 619564.930078506
5855170000 621804.08541584
5861984000 623056.393709183
5868800000 625321.85484314
5875616000 626587.186640739
5882448000 626958.64529705
5889268000 629250.282094002
5896077000 629468.73869133
5902894000 632740.1938591
5909707000 633984.955909729
5916523000 633249.511490822
5923339000 633513.937737465
5930157000 631791.516407967
5936973000 630055.683945656
5943819000 629518.947384834
5950640000 627816.05979538
5957452000 627053.27545166
5964259000 625257.158006668
5977872000 622657.895385742
5984684000 621894.594614983
5991505000 620190.931035995
5998341000 618586.748272896
6005155000 616836.340666771
6011970000 616092.444453239
6018785000 614348.418943405
6025601000 612610.904750824
6032416000 610866.620628357
6039236000 610155.410086632
6046042000 608351.102266312
6052852000 606573.227641106
6059662000 606795.223909378
6066484000 605096.777064323
6073303000 605378.279215813
6080114000 602606.528226852
6086923000 601821.36720562
6093735000 600055.998385429
6100551000 598317.062003136
6114180000 595818.880132675
6120995000 594072.915453911
6127811000 593333.461808205
6134611000 591487.633867264
6141421000 588708.080109596
6148234000 587948.318059921
6155048000 586195.067043304
6161866000 586468.247702599
6168682000 585728.018522263
6175495000 585967.73941803
6182309000 585213.971270561
6189120000 584440.153388977
6195944000 583752.528172493
6202755000 584978.45175457
6209573000 582250.726900101
6216387000 582496.312306404
6223199000 580728.488326073
6230014000 579980.455296516
6236830000 579238.932994843
6244030000 577047.043615341
6250851000 575338.455289841
6257674000 574643.017374992
6264490000 572900.970220566
6271302000 571132.234012604
6278111000 569343.448890686
6284930000 568620.933614731
6291723000 567725.652205467
6298531000 564929.840135574
6305342000 564153.818539619
6312157000 561404.227060318
6319023000 558993.135911942
6325805000 559024.17220974
6332615000 556240.993704796
6339425000 554457.686092377
6346235000 553674.249373436
6353049000 552917.242354393
6359862000 552153.466394424
6366680000 550422.759531021
6373491000 547645.445743561
6387152000 546349.375404358
6393971000 543624.790145874
6400788000 542886.796299934
6407602000 541128.754431725
6414411000 540337.385649681
6421227000 539592.36438179
6428046000 537867.132260323
6434868000 537161.689109802
6441694000 535482.674219131
6448519000 534796.890176773
6462132000 532179.275332451
6468946000 530420.069791794
6475759000 528654.095632553
6482568000 526861.434886932
6489381000 526095.202363014
6496187000 526282.365492821
6503020000 523648.660345078
6509843000 521948.432563782
6516663000 521228.157443047
6523489000 519547.588199615
6530312000 517846.971617699
6543929000 515252.813706398
6550742000 512485.417357445
6557556000 512724.530920982
6564373000 510983.432565689
6571193000 511262.122120857
6578011000 508527.404038429
6584842000 509878.864280701
6591655000 507110.691943169
6598477000 506402.141550064
6605344000 503992.216575623
6612130000 501044.40290451
6618947000 499302.268845558
6625760000 496533.449643135
6632570000 495744.584449768
6639384000 492982.145766258
6646195000 491199.661168098
6653011000 489450.241758347
6659862000 486933.052684784
6666651000 487004.125564575
6673470000 485274.234427452
6680286000 483524.297470093
6687103000 482780.869949341
6693923000 481057.229314804
6700748000 479366.652862549
6707564000 478616.198299408
6714389000 476925.362665176
6721206000 476181.287939072
6728026000 475456.999814034
6734838000 472679.473091125
6741643000 471855.346843719
6748449000 471037.730279922
6755265000 469286.370582581
6762085000 468561.435803413
6768901000 465809.817358971
6775719000 465071.346632004
6782527000 464266.361432076
6789340000 462494.43963623
6796151000 459709.111682892
6802969000 460970.123729706
6809783000 458204.452644348
6816605000 458491.759592056
6823416000 455705.914660454
6830229000 454933.217329979
6837034000 453107.283943176
6843848000 452340.966658592
6850666000 450601.07338047
6857483000 449854.412394524
6864303000 447127.53687191
6871128000 447433.72315979
6877941000 444660.120883942
6884757000 443906.304053307
6891576000 442172.272494316
6912012000 437830.000067711
6918822000 436035.707972527
6925641000 433301.029740334
6932456000 433539.669703484
6939267000 431751.628090858
6946087000 430023.199790955
6952894000 429208.347590446
6959711000 426459.746525764
6966516000 426631.360159874
6973328000 424849.310702324
6980142000 421080.407972336
6986947000 420251.634550095
6993763000 418495.749311447
7000572000 415693.269442558
7007376000 414857.471102715
7014239000 414413.177696228
7021029000 411484.190688133
7027840000 408694.469620705
7034650000 406897.981602669
7041467000 405147.828975677
7048285000 402404.184741974
7055097000 401620.5846138
7061912000 397856.768486977
7068728000 397099.460772514
7075550000 393381.849866867
7082364000 390611.008027077
7089176000 388826.761621475
7095992000 385068.936569214
7102804000 385284.431721687
7109619000 380519.71048069
7116428000 379715.034481049
7123238000 377916.866969109
7130058000 375184.945738792
7136877000 373446.257501602
7143689000 371660.977311134
7150502000 368882.205417633
7157311000 367076.754452705
7164119000 364264.536975861
7170940000 362538.476989746
7177777000 360918.485974312
7184593000 357158.979701042
7191398000 356326.333045959
7198208000 354526.744217873
7205022000 351753.575603485
7211836000 350980.277729034
7218646000 348180.301428795
7225455000 346373.558746338
7232273000 343626.422284126
7239087000 342852.607469559
7245905000 340105.212260246
7252718000 338324.501654625
7259529000 335530.387471199
7266341000 332742.781302452
7273153000 333955.04595089
7279965000 327167.181415558
7286787000 327445.558721542
7293598000 325650.798547745
7300418000 321915.642808914
7307233000 321147.172355652
7314043000 319345.387472153
7320855000 316556.747497559
7334485000 312018.901816368
7341299000 310243.148079872
7348112000 308460.628152847
7354929000 306704.526656151
7361739000 303901.837530136
7368559000 303165.388043404
7375419000 301694.2833004
7382245000 298997.395101547
7389058000 297214.098558426
7395897000 294603.229560852
7402717000 292866.131540298
7409540000 291148.814315796
7416357000 288391.547039986
7423177000 286654.060560226
7429959000 285664.249851227
7436791000 283006.145336151
7443619000 281321.364216805
7450446000 279629.816658974
7457274000 276944.775976181
7464047000 275894.592017174
7470877000 274222.565979004
7477665000 271271.6740942
7484464000 269393.656007767
7491286000 268668.149493217
7498107000 265935.876901627
7504926000 266190.201795578
7511740000 263411.214859009
7518558000 261658.644493103
7525377000 257912.581154823
7532200000 258192.934043884
7539008000 255373.611330032
7545816000 253554.159584999
7552638000 252827.487879753
7559505000 250399.322057724
7566329000 248685.663021088
7573155000 245985.146956444
7579988000 245330.955181122
7586804000 242563.816883087
7593617000 240776.640504837
7600430000 237989.334906578
7607251000 238254.989768982
7614073000 235527.151296616
7620891000 234772.6385746
7627709000 232017.996441841
7634522000 230230.044225693
7641306000 228249.515442848
7648078000 226189.225377083
7654889000 223387.614670753
7661710000 222652.235405922
7668531000 220916.726615906
7675361000 219240.812487602
7682192000 217571.404493332
7688973000 215570.067462921
7695731000 214415.975251198
7702526000 212507.285863876
7709349000 209784.273867607
7716177000 209094.311805725
7723010000 206437.399393082
7729835000 203727.270048141
7736666000 202056.826126099
7743493000 201359.708975792
7750325000 197695.641131401
7757149000 196978.357002258
7763977000 195287.486330032
7770722000 194045.718198776
7777494000 190982.988293648
7784321000 190285.095174789
7791147000 187580.4366045
7797982000 184935.369432449
7804802000 185190.637300491
7811622000 183445.775682449
7818453000 180773.776421547
7825272000 179022.020017624
7832103000 178349.761176109
7838918000 176571.203385353
7845688000 174493.9167099
7852432000 172243.978720665
7859235000 171385.409134865
7866031000 170480.26227951
7872811000 167468.819312096
7879591000 165457.248372078
7886360000 163372.55969429
7893168000 160546.524619102
7899963000 160634.100372314
7906742000 158615.38156414
7913526000 157629.711606979
7920300000 156577.560141563
7927099000 152691.163926125
7933887000 153731.650709152
7940659000 149665.844706535
7947451000 148732.616296768
7954252000 146858.976659775
7961002000 145646.81176281
7967779000 145613.670601845
7974549000 143533.955267906
7981334000 141553.639871597
7988126000 139619.642364502
7994925000 137731.962347984
8001722000 135830.883418083
8008532000 135015.93208313
8015338000 132174.3113451
8022138000 131292.751318932
8028933000 130377.887383461
8035733000 127496.069996834
8042503000 126415.073925972
8049294000 124473.284832001
8056060000 121365.493332863
8062836000 119323.923808098
8076417000 115432.813515663
8083200000 111437.304177284
8089978000 108408.49242115
8096768000 106459.170938492
8103559000 103516.355934143
8110312000 101321.289773941
8117085000 96258.7924757004
8123867000 94255.8804187775
8130688000 91511.5956850052
8137473000 88528.3309993744
8144285000 85724.0754623413
8151052000 83621.1294107437
8157879000 80916.1365222931
8164693000 79124.7633228302
8171514000 75379.7033395767
8178330000 72601.3407297134
8185146000 70822.8487854004
8191962000 68044.2275056839
8198778000 66265.4768924713
8212376000 59482.0137910843
8219146000 57397.6885080338
8225965000 55638.3255367279
8232788000 50905.3709907532
8239547000 49747.6820516586
8246303000 46569.9626379013
8253057000 44378.8473310471
8259810000 41180.9706392288
8266630000 39427.4700965881
8273455000 34707.0118436813
8280276000 32959.8865690231
8287102000 30245.8033571243
8293925000 27511.6875343323
8300731000 24664.6593580246
8307487000 22485.7891874313
8314292000 19631.869805336
8321110000 15864.066403389
8327930000 13109.4019985199
8334713000 11109.1432628632
8341479000 8995.9756155014
8348241000 6856.14393520355
8355066000 4134.13505458832
8368729000 775.971439361572
8375556000 -933.158575057983
8382375000 -2695.49076080322
8389208000 -5365.07592868805
8396040000 -7041.42508983612
8402869000 -8737.80618095398
8409733000 -11202.1279325485
8416559000 -12918.6712169647
8423378000 -13681.7817850113
8430179000 -16564.4323472977
8436932000 -16765.6388959885
8443835000 -18971.8901786804
8450597000 -21113.6486959457
8457395000 -23016.716137886
8464194000 -24913.2784080505
8470967000 -26982.4483165741
8477736000 -29078.2810811996
8484490000 -31273.747923851
8491278000 -33243.7942848206
8498085000 -36087.9280452728
8504862000 -37131.2021379471
8511655000 -39068.4650115967
8518460000 -40926.2522659302
8525270000 -42751.0001649857
8532085000 -44542.7089929581
8538897000 -46354.447968483
8545692000 -47279.0872859955
8552482000 -49237.0230379105
8559275000 -52175.186460495
8566080000 -55033.8758544922
8572887000 -55879.4271221161
8579647000 -57036.8820295334
8593248000 -60814.8627986908
8600055000 -62660.9289035797
8606862000 -65507.1240005493
8613671000 -65340.1812753677
8620484000 -69146.8340616226
8627305000 -69900.5491037369
8634114000 -72733.9938898087
8640924000 -74560.9344120026
8647724000 -75454.3371772766
8654498000 -78520.3343372345
8661304000 -79374.1944103241
8668101000 -82287.8827552795
8674914000 -84095.567905426
8681721000 -86943.1815891266
8688524000 -87817.457069397
8695341000 -90598.9968528748
8702145000 -91466.8971214294
8708946000 -94354.8256950378
8715770000 -94090.3211784363
8722584000 -95892.2773532867
8729386000 -97773.9598236084
8736193000 -99622.605758667
8743024000 -101312.187526703
8749843000 -103081.495552063
8756676000 -103758.070882797
8763493000 -105540.904052734
8770306000 -107350.398487091
8777126000 -108113.591466904
8783940000 -109916.71154213
8790761000 -111673.53046608
8797569000 -113516.706569672
8804383000 -113320.214439392
8811199000 -115110.585851669
8817980000 -117133.235982895
8824800000 -117897.334119797
8831613000 -118707.991352081
8838435000 -120459.082761765
8845253000 -122236.834789276
8852002000 -123472.375621796
8858793000 -124429.468763351
8865581000 -126406.588413239
8872356000 -127470.061283112
8879156000 -128367.845207214
8885980000 -129106.574245453
8892792000 -130925.024499893
8899600000 -133770.13438797
8906407000 -134622.005899429
8913233000 -137347.9874897
8920039000 -138206.749904633
8926857000 -140986.050836563
8933671000 -143792.011249542
8940540000 -145233.313499451
8947355000 -148032.900993347
8954140000 -150031.591604233
8960932000 -151983.983280182
8967751000 -153757.427968979
8974539000 -155736.606624603
8981315000 -157795.50217247
8988182000 -160250.980237961
8994975000 -162197.383245468
9001796000 -161958.209535599
9008616000 -164725.79765892
9015415000 -165632.793357849
9022213000 -167546.550018311
9029020000 -168400.745061874
9035837000 -170188.746767044
9042650000 -172003.406702042
9049471000 -173765.138296127
9056281000 -173599.953355789
9063104000 -176348.679473877
9070315000 -177524.265752792
9077130000 -178326.315389633
9083950000 -180095.333826065
9090771000 -180857.84967041
9097586000 -182660.287405014
9104395000 -183502.646692276
9111212000 -184292.078861237
9118020000 -186141.328445435
9124793000 -189222.82654953
9131590000 -190145.285161972
9138381000 -193107.664075851
9145526000 -194722.468757629
9152333000 -197579.000598907
9159166000 -200263.232294083
9166002000 -202927.698358536
9172840000 -203579.030815125
9179679000 -204223.861610413
9186519000 -206862.19080162
9193368000 -208440.964086533
9200203000 -211112.71282196
9207037000 -211791.223369598
9213880000 -214410.17829895
9220715000 -215082.317337036
9227933000 -217214.645738602
9234879000 -218150.935783386
9241696000 -219942.844274521
9248533000 -221602.249313354
9255369000 -223268.416110992
9262208000 -223914.818193436
9269015000 -224773.561172485
9275801000 -225771.69601059
9289453000 -227237.828107834
9296273000 -228010.877775192
9303091000 -228797.319908142
9309915000 -229544.102632523
9316736000 -230310.909345627
9323560000 -231057.951290131
9330393000 -230745.440153122
9337224000 -231446.32178688
9344041000 -232240.172574997
9350860000 -233020.890024185
9357672000 -232848.156282425
9364490000 -234635.763814926
9371310000 -235410.23815918
9378127000 -238204.735832214
9384946000 -235986.100355148
9391769000 -236741.069356918
9398578000 -239589.005084991
9405402000 -240337.601816177
9412220000 -240126.115301132
9419033000 -241947.914028168
9425854000 -241716.792795181
9432669000 -243525.5878582
9439488000 -243307.987779617
9446303000 -245117.041511536
9453126000 -245873.175970078
9459948000 -247636.071081161
9466774000 -248372.571619034
9473605000 -249076.046800613
9480434000 -249792.913877487
9487250000 -251596.113477707
9494068000 -251386.180496216
9500890000 -254149.853172302
9507713000 -252907.024490356
9514557000 -253525.076501846
9521383000 -253262.614774704
9528212000 -252980.39017868
9535036000 -254731.449625015
9541875000 -255383.176345825
9548699000 -255134.495355606
9555521000 -253899.20557785
9562347000 -255637.522293091
9569173000 -256375.968719482
9575991000 -256167.59070015
9582808000 -256965.972801208
9589612000 -256850.683263779
9596436000 -256602.909154892
9603268000 -258302.219455719
9610077000 -259154.164295197
9616867000 -258132.219898224
9623697000 -257845.179986954
9630529000 -258545.00878334
9637359000 -256258.228643417
9644182000 -258017.992145538
9651006000 -257771.25472641
9657853000 -258372.145412445
9664670000 -259172.081087112
9671460000 -258151.168649673
9678256000 -258090.601896286
9685074000 -258884.294353485
9692281000 -259098.88819313
9699086000 -258979.041881561
9705902000 -258786.390441895
9712725000 -258547.45589447
9719561000 -259222.456661224
9726395000 -258910.848144531
9733208000 -258738.605775833
9740027000 -257526.710988998
9746878000 -258102.777528763
9753706000 -258831.470134735
9760530000 -258586.813392639
9767354000 -259342.286289215
9774179000 -258091.258649826
9.781e+09 -258866.881319046
9787807000 -257735.455469131
9794596000 -258723.500789642
9801341000 -259003.398910522
9808087000 -259276.793600082
9814862000 -258358.043113708
9821678000 -258167.588544846
9835287000 -257939.557584763
9842106000 -258729.600616455
9848918000 -257566.182886124
9855743000 -258316.704978943
9862557000 -259140.285997391
9869364000 -261010.405662537
9876189000 -260761.316234589
9.883e+09 -262605.174730301
9889815000 -261422.642946243
9896649000 -261114.273561478
9903468000 -260905.481462479
9910226000 -261101.236541748
9917038000 -259939.110641479
9923852000 -261763.854400635
9930649000 -259701.433036804
9937437000 -259698.807794571
9944234000 -259636.64348793
9951053000 -258428.754718781
9957882000 -257154.698738098
9964699000 -255960.328350067
9971517000 -254759.457708359
9978302000 -254777.493585587
9985113000 -251623.28827095
9991947000 -251316.731958389
9998763000 -249129.637609482
10005582000 -246922.783992767
10012391000 -243782.354970932
10019217000 -240529.353593826
10026028000 -234375.924079895
10032854000 -229123.181846619
10039672000 -224923.60483551
10046508000 -227604.82768631
10053313000 -229491.692047119
10060136000 -232259.356456757
10066957000 -234040.409191132
10073740000 -235073.506511688
10080558000 -234874.70554924
10087375000 -233682.663301468
10094181000 -235563.672582626
10101001000 -238352.001070023
10107820000 -241147.088293076
10114627000 -245021.855722427
10121375000 -247287.875598907
10128114000 -251613.684972763
10135247000 -255327.726587296
10141993000 -256607.39213562
10148789000 -259555.727630615
10155611000 -262331.834690094
10162421000 -264187.620473862
10169240000 -267983.873664856
10176061000 -267766.998188019
10182887000 -269517.107032776
10189699000 -270360.151889801
10196521000 -271137.035905838
10203346000 -272894.162538528
10210169000 -272664.676773071
10216990000 -273448.57849884
10223817000 -273192.836194992
10230636000 -272990.254898071
10237464000 -272728.143058777
10244284000 -272519.191963196
10251112000 -272257.339551926
10257943000 -269975.73044014
10264779000 -270661.107172012
10271602000 -269432.78830719
10278428000 -270184.712720871
10285256000 -269923.509340286
10292074000 -267728.723108292
10298896000 -267507.551420212
10305698000 -266419.08325386
10312522000 -267184.912952423
10319325000 -268090.074150085
10326142000 -270902.563217163
10332984000 -274549.466100693
10339785000 -276468.272035599
10346610000 -280228.120716095
10353430000 -284021.24189949
10360252000 -284801.23547554
10367083000 -288521.701871872
10373904000 -289308.583255768
10380724000 -289102.222650528
10387547000 -291876.106121063
10394327000 -291935.142595291
10401152000 -294696.027585983
10407976000 -295463.670669556
10414805000 -298198.301416397
10421623000 -299005.974123001
10428417000 -299972.856790543
10435159000 -301284.541509628
10442004000 -302913.635948181
10448796000 -302894.160701752
10455618000 -303675.965456009
10462445000 -304424.758468628
10469270000 -306186.937719345
10476088000 -306995.644208908
10482916000 -308738.198066711
10489739000 -310514.022642136
10496610000 -310971.824819565
10503765000 -313547.364685059
10510587000 -315330.213407516
10517405000 -315139.704124451
10524221000 -317962.580436707
10531039000 -319772.329936981
10537899000 -320303.830682755
10544718000 -322107.211771011
10551535000 -321923.978336334
10558358000 -320701.106304169
10565195000 -320385.572217941
10572019000 -319156.331697464
10578845000 -319913.964941025
10585673000 -318658.472061157
10592495000 -318442.876371384
10599324000 -317181.015077591
10606155000 -316906.027891159
10612983000 -317651.054136276
10619808000 -316416.093643188
10626637000 -316154.751607895
10633465000 -315900.167186737
10640295000 -314632.457023621
10647131000 -315325.110242844
10653954000 -315104.05402565
10660784000 -314836.733444214
10667633000 -314443.616611481
10674466000 -313156.673109055
10681303000 -312843.34897995
10688142000 -312516.899715424
10694979000 -312203.835887909
10701810000 -310930.667766571
10708645000 -310631.119245529
10715475000 -310364.838565826
10722285000 -310231.238519669
10729120000 -308932.079597473
10735944000 -307705.953233719
10749618000 -307081.775405884
10756441000 -306862.665895462
10763274000 -307577.411745071
10770106000 -306298.914979935
10776953000 -305921.137365341
10783785000 -303642.900772095
10790619000 -303351.539424896
10797463000 -303994.034805298
10804277000 -302835.479885101
10811115000 -302517.999238968
10817949000 -301227.157852173
10824791000 -300883.428461075
10831629000 -300566.338329315
10838473000 -301209.61507988
10845291000 -300025.329319
10852123000 -299748.392494202
10858922000 -299690.281820297
10865761000 -298367.214281082
10872585000 -297143.683748245
10879418000 -296860.638948441
10886243000 -295630.740781784
10893067000 -296407.599355698
10899895000 -294158.079391479
10906719000 -292935.197319031
10913541000 -292725.698894501
10920370000 -292469.94112587
10927195000 -292240.821058273
10934020000 -291011.830665588
10940847000 -289769.716091156
10947667000 -289574.119644165
10954498000 -288305.756874084
10961316000 -288123.673355103
10968139000 -288908.584978104
10974964000 -286680.372531891
10981800000 -286379.394788742
10988643000 -285032.159561157
10995473000 -285771.20280838
11002298000 -281543.509712219
11009119000 -282342.4532547
11015936000 -281168.033203125
11022749000 -279020.249332428
11029574000 -279793.074489594
11036394000 -276599.162639618
11043218000 -275378.873699188
11050048000 -274118.95464325
11056878000 -273859.165452957
11063708000 -272599.506130219
11070531000 -270386.362653732
11077353000 -269179.975328445
11084178000 -266953.837974548
11090993000 -264794.095413208
11097828000 -263501.952293396
11104665000 -262196.686283112
11111488000 -259984.320772171
11118315000 -259745.579118729
11125145000 -257487.087966919
11131978000 -255208.847488403
11138804000 -251977.121643066
11145631000 -248738.899152756
11152454000 -247527.311777115
11159289000 -246236.338142395
11166114000 -245011.757591248
11172892000 -240098.742050171
11179667000 -239205.733201981
11186479000 -236067.681034088
11193252000 -235188.180904388
11199982000 -231593.735443115
11206791000 -229475.947097778
11213524000 -226861.876785278
11220274000 -224135.288095474
11227037000 -221322.686515808
11233832000 -219298.176616669
11241011000 -217729.374891281
11247774000 -213917.163742065
11254587000 -210773.777101517
11261411000 -208557.633272171
11268232000 -205361.49713707
11275050000 -201185.368520737
11281868000 -200009.369318008
11295493000 -192730.644512177
11302318000 -188508.65186882
11309136000 -186333.170232773
11315963000 -183098.185037613
11322777000 -178949.465858459
11329601000 -175734.617465973
11336408000 -172632.537796021
11343238000 -169378.193496704
11350048000 -167256.494878769
11356869000 -164062.041877747
11363680000 -159933.97592926
11370878000 -155241.880392075
11377701000 -149034.571508408
11384539000 -142728.00680542
11391375000 -135434.823627472
11398190000 -128280.909326553
11404997000 -123180.129426956
11411800000 -117105.980995178
11418630000 -112853.070213318
11425462000 -108587.038135529
11432276000 -106440.396112442
11439099000 -105234.253461838
11445927000 -103995.112794876
11452714000 -104027.747612
11459511000 -103994.255805969
11466332000 -105801.881410599
11473154000 -106603.01109314
11479968000 -110457.273765564
11486787000 -113278.538648605
11493629000 -116947.54899025
11500459000 -120696.1941185
11507291000 -124431.71840477
11514116000 -127213.74997139
11520942000 -131989.285900116
11527775000 -134718.574474335
11534610000 -139434.742473602
11541446000 -143144.415273666
11548324000 -144575.958141327
11555142000 -148405.14588356
11561980000 -154101.959022522
11568814000 -154825.403059006
11575651000 -158529.10162735
11589289000 -162175.39364624
11596101000 -166045.109567642
11602926000 -168828.828544617
11609766000 -172513.301185608
11616594000 -173277.404657364
11623434000 -175962.137561798
11630258000 -178753.00088501
11637082000 -181543.993844986
11643910000 -182308.61655426
11650740000 -184060.119146347
11657947000 -186314.151498795
11664773000 -190092.42065239
11671599000 -188870.819517136
11678428000 -191629.473470688
11685253000 -193414.756679535
11692085000 -195153.795698166
11698909000 -196945.963214874
11705727000 -198778.00917244
11712939000 -201000.020862579
11719763000 -201792.584550858
11726590000 -202565.403652191
11733411000 -203378.100845337
11740248000 -207084.932292938
11747067000 -206911.138210297
11753881000 -206770.596906662
11760706000 -206557.313743591
11767515000 -209450.154308319
11781170000 -208991.112800598
11787995000 -208778.348133087
11794812000 -208618.709560394
11801644000 -209359.832359314
11808478000 -211087.836074829
11815300000 -209895.463750839
11822138000 -210597.229370117
11828934000 -210577.352367401
11835751000 -208418.4907341
11842566000 -210273.007312775
11849395000 -209034.911581039
11856223000 -208803.57006073
11863037000 -206665.099405289
11869854000 -206506.884977341
11876675000 -206322.302621841
11883499000 -205117.97687912
11890318000 -203946.902206421
11903937000 -201731.001928329
11910757000 -201553.691009521
11917576000 -199383.133789062
11924398000 -200192.833442688
11931220000 -198002.662656784
11938042000 -196812.621435165
11944865000 -196616.085641861
11951678000 -194485.920604706
11958493000 -194342.63659668
11965311000 -193179.609651566
11978918000 -192046.041149139
11985733000 -191903.273950577
11992551000 -190740.764039993
11999374000 -189545.263628006
12006194000 -189369.764705658
12013013000 -188201.019216537
12019815000 -187145.009918213
12026639000 -185943.403469086
12033453000 -184808.16553688
12040653000 -184116.243598938
12047470000 -184961.399963379
12054291000 -183780.190376282
12061114000 -182585.862693787
12067936000 -182398.288404465
12074758000 -184210.843675613
12081574000 -183063.271036148
12088394000 -181889.332790375
12095218000 -181689.029165268
12102035000 -182535.221059799
12108852000 -182381.542327881
12115682000 -182141.885398865
12122500000 -182981.842018127
12129319000 -182815.304426193
12136145000 -182602.531068802
12142967000 -182416.381759644
12149789000 -184230.362012863
12156609000 -185057.718917847
12163429000 -185885.205308914
12170253000 -186686.327157974
12177068000 -187547.190040588
12183897000 -188315.453651428
12190721000 -192116.96434021
12204370000 -193713.75122261
12211571000 -196018.631788254
12218385000 -195886.901945114
12225190000 -198814.911550522
12232006000 -202670.193384171
12238824000 -204512.357917786
12245650000 -206301.665487289
12252464000 -207170.582109451
12259293000 -210940.279100418
12266112000 -213776.338323593
12272930000 -215619.150217056
12279755000 -219415.729103088
12293388000 -224121.869701385
12300210000 -226938.706731796
12307075000 -228470.878889084
12314285000 -231718.210426331
12321112000 -233502.328893661
12327986000 -234975.292909622
12334791000 -238905.378854752
12341608000 -241756.117355347
12348441000 -246501.017051697
12355264000 -248312.276651382
12362086000 -253130.288822174
12368919000 -255875.57806015
12375741000 -258693.849567413
12382562000 -261518.873550415
12389387000 -265317.53547287
12396218000 -268076.589799881
12409911000 -274389.780128479
12416740000 -276162.470401764
12423561000 -276988.272920609
12430407000 -279648.635387421
12437233000 -280441.583610535
12444059000 -281234.661548615
12450884000 -282034.491926193
12457705000 -284860.942810059
12464534000 -286634.541711807
12471358000 -288441.383789062
12478180000 -290261.600803375
12498665000 -296597.199958801
12505490000 -298398.067863464
12512311000 -300225.555664062
12519133000 -303046.550455093
12526006000 -305529.926445007
12532823000 -308384.29381752
12539639000 -310245.413042068
12553297000 -315795.856031418
12560130000 -319544.782583237
12566962000 -321300.461517334
12573783000 -323129.116615295
12580623000 -325832.076309204
12587443000 -328667.613162994
12594274000 -331430.43391037
12601106000 -332186.762252808
12607942000 -336916.731384277
12614768000 -337713.05330658
12621599000 -341476.393692017
12628409000 -344378.930847168
12635239000 -348149.152854919
12642068000 -350926.126922607
12648897000 -353703.230819702
12655720000 -355520.197477341
12662540000 -359357.160148621
12669360000 -362194.252304077
12676187000 -364985.119256973
12683024000 -369709.895162582
12689852000 -372494.399751663
12696673000 -376325.388420105
12703497000 -380136.640544891
12710373000 -382603.678119659
12717200000 -386395.324556351
12724031000 -390160.612884521
12730863000 -392919.409170151
12737693000 -394691.579252243
12744553000 -398265.221948624
12751392000 -400978.055330276
12758206000 -401856.565681458
12765023000 -405715.339736938
12771850000 -407508.024841309
12778673000 -411327.326951981
12785496000 -414146.758663177
12792328000 -416906.723995209
12799159000 -419673.441026688
12805994000 -421413.801013947
12812838000 -422094.69559288
12819670000 -424855.180963516
12826493000 -426675.391397476
12833325000 -428436.136482239
12840155000 -431210.254793167
12846980000 -433017.611087799
12853806000 -434818.47545433
12860637000 -433586.361608505
12867467000 -432360.999235153
12874300000 -431115.902086258
12881136000 -430851.070333481
12887959000 -430672.448295593
12894797000 -432394.63350296
12901627000 -433169.92065239
12908450000 -432991.687833786
12915284000 -433740.748851776
12922109000 -436549.532613754
12928933000 -438365.06744957
12935749000 -440233.702932358
12942580000 -442003.147392273
12949405000 -443812.449783325
12956235000 -445588.775259018
12963073000 -448312.260198593
12969910000 -449042.496589661
12976748000 -449766.241853714
12983590000 -451463.632316589
12990410000 -454306.820030212
12997265000 -454918.395055771
13004090000 -456728.736476898
13010918000 -458519.344074249
13017740000 -460349.808349609
13024568000 -462140.675413132
13031398000 -459918.430047989
13038219000 -457755.904367447
13045007000 -454812.003585815
13051823000 -451682.841592789
13058644000 -449520.703765869
13065456000 -446418.284597397
13072272000 -443289.510627747
13085883000 -441171.390813828
13092709000 -438976.795059204
13099525000 -439848.538219452
13106339000 -437733.652519226
13113159000 -437579.170782089
13119984000 -438391.71421814
13126790000 -438330.183368683
13133586000 -438334.989728928
13140413000 -440134.679668427
13147242000 -439921.257785797
13154078000 -438661.620353699
13160905000 -439461.69975853
13167724000 -440314.874759674
13174544000 -438161.558498383
13181378000 -437915.682031631
13188188000 -438828.83174324
13195022000 -438583.214855194
13201854000 -440350.969259262
13208683000 -441138.715452194
13215510000 -440939.832670212
13222347000 -441674.873859406
13229175000 -442469.630212784
13236005000 -441251.275276184
13242828000 -441079.393856049
13249647000 -440934.124044418
13256519000 -440438.098070145
13270157000 -442148.207704544
13276989000 -441917.391153336
13290646000 -441502.490598679
13297465000 -439358.128541946
13304268000 -438319.821537018
13311027000 -436572.937953949
13317829000 -434541.508111954
13324654000 -434357.940324783
13331466000 -434260.56578064
13338319000 -432891.889944077
13345141000 -433728.572181702
13351944000 -431691.168111801
13358742000 -429686.993877411
13365570000 -429484.342906952
13372370000 -429467.186223984
13379131000 -428708.343797684
13385885000 -428995.969490051
13392661000 -428138.079881668
13399489000 -427936.073661804
13406277000 -427998.999881744
13413104000 -429803.872531891
13419924000 -428655.21513176
13433491000 -425841.548089981
13440283000 -424878.636968613
13447106000 -424710.63574028
13453931000 -424529.524246216
13460750000 -422388.261915207
13467565000 -421273.608615875
13474380000 -418159.084611893
13481189000 -419084.409051895
13487980000 -417129.019659042
13494803000 -415961.924419403
13501615000 -416867.77658844
13508435000 -413720.799686432
13515259000 -413547.473218918
13522079000 -413400.755367279
13528906000 -412207.828927994
13535721000 -412094.468708038
13542544000 -410928.280292511
13549361000 -411801.93948555
13556194000 -411569.813667297
13563022000 -411370.9159832
13569835000 -410271.442249298
13576648000 -411172.097736359
13583459000 -411086.121589661
13590273000 -411980.415927887
13597080000 -412921.176271439
13603908000 -411723.055768967
13610714000 -412670.693992615
13617517000 -412638.319606781
13624337000 -411493.54325676
13631160000 -411329.038072586
13637987000 -412138.184804916
13644813000 -412954.080690384
13651615000 -411928.971487045
13658424000 -411857.655540466
13665253000 -412654.081754684
13672054000 -410635.978937149
13678863000 -412565.050422668
13685678000 -413454.53524971
13692506000 -414258.098869324
13699333000 -414068.411531448
13706154000 -414918.56933403
13712966000 -414828.429573059
13719792000 -415645.75028801
13726614000 -416489.677412033
13733422000 -419426.402276993
13740233000 -419343.398763657
13747054000 -420194.333221436
13753879000 -422018.920808792
13760678000 -423015.734140396
13767466000 -423085.485832214
13774257000 -423135.508672714
13781074000 -420013.56530571
13787897000 -417852.037288666
13794725000 -416657.54394722
13801528000 -412628.654542923
13808348000 -411487.371883392
13815170000 -407332.980854034
13821988000 -406205.195022583
13828810000 -404051.063043594
13842416000 -398994.704149246
13849231000 -395887.291967392
13856050000 -392753.533826828
13862869000 -390619.905134201
13869688000 -389486.405889511
13876475000 -385564.836322784
13890098000 -379397.76465416
13896909000 -376317.73191452
13903710000 -375304.015134811
13910539000 -373105.104572296
13917349000 -370032.078063965
13924197000 -367707.672933578
13931013000 -363595.193729401
13937832000 -361462.988100052
13944651000 -360330.911914825
13951471000 -359192.346635818
13958281000 -356120.096134186
13965097000 -354008.263679504
13971916000 -351876.70508194
13978728000 -349791.605243683
13985548000 -348653.686958313
13992361000 -345562.227203369
13999180000 -345431.186174393
14006005000 -346260.564214706
14012799000 -345295.241638184
14019634000 -345058.694854736
14026449000 -346954.644922256
14033271000 -348804.396043777
14040083000 -349720.459741592
14046832000 -351053.604448318
14053651000 -351923.597471237
14060434000 -354031.976764679
14067250000 -354922.082679749
14074078000 -356732.899446487
14080900000 -357583.555128098
14087669000 -358785.103345871
14094479000 -359715.434949875
14101296000 -358599.568744659
14108111000 -359497.068136215
14114930000 -361368.224451065
14121756000 -361193.183692932
14128587000 -362985.182373047
14135397000 -362916.289722443
14142134000 -364330.641462326
14148875000 -363718.64756012
14155711000 -364478.072061539
14162526000 -364376.603834152
14169317000 -365434.09551239
14176523000 -364745.277734756
14183352000 -364551.553720474
14190165000 -365463.845678329
14196988000 -365310.088207245
14203815000 -367129.988954544
14210638000 -365976.490760803
14217466000 -365790.033128738
14224283000 -365676.500965118
14231103000 -367543.24486351
14237964000 -368138.790462494
14244744000 -368270.503391266
14251566000 -368124.400344849
14258397000 -368918.867612839
14265226000 -371726.700134277
14272052000 -373554.515455246
14278864000 -371475.107408524
14285689000 -372309.799510956
14292504000 -373210.797277451
14299314000 -374145.012243271
14306133000 -374019.798265457
14312947000 -373927.801446915
14319770000 -374776.376180649
14326613000 -375492.730430603
14333436000 -376341.564744949
14340248000 -377263.320785522
14347068000 -376132.266431808
14353900000 -376921.93242836
14367519000 -377799.436805725
14374329000 -378735.073940277
14381142000 -377650.988128662
14387971000 -378461.154201508
14394787000 -378357.475189209
14401606000 -378234.073625565
14408434000 -378051.246023178
14415265000 -376848.69644165
14422074000 -374791.85600853
14428888000 -372702.058546066
14435710000 -374559.452737808
14442528000 -373443.44521904
14449346000 -369327.567111969
14456163000 -363218.435558319
14462976000 -360135.90187645
14469795000 -360013.794780731
14476616000 -358878.582962036
14483441000 -360717.032396317
14490264000 -359568.845603943
14497085000 -360434.022474289
14503898000 -361352.264951706
14510681000 -362469.146398544
14517490000 -363414.11464119
14524293000 -366398.913673401
14531118000 -366238.268983841
14537937000 -367117.455463409
14544756000 -364996.771392822
14551586000 -363803.431116104
14558410000 -365649.921857834
14565232000 -368509.775917053
14572066000 -368290.357688904
14578886000 -369163.704704285
14585708000 -369023.94764328
14592512000 -370003.421892166
14599320000 -369956.558042526
14606129000 -370903.206497192
14612942000 -370823.517192841
14619765000 -369677.790229797
14626583000 -368565.276212692
14633793000 -367859.165008545
14640621000 -366680.750951767
14647379000 -366965.629461288
14654164000 -369071.987119675
14660952000 -370158.623218536
14667730000 -369311.553138733
14674507000 -368471.227489471
14681326000 -369353.13599968
14688140000 -373268.256446838
14701688000 -373628.20190239
14708510000 -370490.777080536
14715329000 -367373.33108902
14722149000 -363249.398139954
14728922000 -359436.564729691
14735705000 -352557.695375443
14742492000 -344652.48871994
14749297000 -336628.316408157
14756109000 -327557.958854675
14762930000 -323428.18388176
14769745000 -321338.236053467
14776551000 -319307.963785172
14783369000 -317198.425683975
14790161000 -314261.038545609
14796966000 -313237.769304276
14803775000 -310188.164274216
14810525000 -308529.041566849
14817276000 -306863.429567337
14824025000 -306211.176683426
14830755000 -303684.75651741
14837499000 -300065.83729744
14844241000 -296460.276817322
14850986000 -293834.994747162
14857795000 -290786.413705826
14864588000 -286843.817834854
14871359000 -283046.902154922
14878161000 -279045.019075394
14891778000 -270955.632232666
14898602000 -267808.585754395
14905421000 -264694.748378754
14912243000 -260561.192831039
14919061000 -256454.230264664
14925870000 -251406.939630508
14932690000 -247287.004079819
14939500000 -245233.355997086
14946304000 -242219.531692505
14953127000 -239080.136829376
14966728000 -232099.443393707
14973506000 -230258.143119812
14980297000 -226330.966846466
14987091000 -223384.071962357
14993911000 -219265.298774719
15000711000 -218278.967622757
15007502000 -213352.305675507
15014289000 -210452.234472275
15021118000 -207274.437538147
15027919000 -205282.005878448
15034736000 -202183.85446167
15041484000 -199542.302873611
15048289000 -194523.79483223
15055077000 -192617.878801346
15061893000 -191526.85824585
15068709000 -188435.967025757
15075469000 -184715.668617249
15082279000 -182664.727403641
15089099000 -180547.761484146
15095907000 -176510.309402466
15102724000 -173413.448257446
15109546000 -170283.639863968
15116364000 -167180.422254562
15123181000 -164083.949344635
15129990000 -161040.527946472
15136815000 -157891.391639709
15143656000 -156636.54133606
15157289000 -150451.375972748
15164106000 -148355.679733276
15170923000 -144260.112869263
15177741000 -144158.060241699
15184535000 -141214.899801254
15191346000 -138159.411216736
15198168000 -138031.285923004
15204942000 -136220.813013077
15211735000 -134284.782093048
15218557000 -132157.044021606
15225382000 -128009.590511322
15232201000 -128901.956573486
15239022000 -126781.222154617
15245837000 -124700.306932449
15252647000 -123652.595638275
15259455000 -122618.243263245
15266270000 -119537.715703964
15273086000 -118450.702571869
15279906000 -116337.359375
15286715000 -115296.908807755
15293525000 -115249.97249794
15300340000 -113170.09132576
15307154000 -111096.954227448
15313972000 -109997.48736763
15320790000 -107898.149917603
15327614000 -106759.253572464
15334435000 -102640.330961227
15347981000 -98037.881729126
15354758000 -94210.3901062012
15361532000 -91402.8702144623
15368350000 -89304.4354858398
15375173000 -86173.0572452545
15381988000 -83094.7251338959
15388808000 -81983.4495830536
15395632000 -77845.8454093933
15402432000 -75867.1190891266
15409217000 -73987.7388515472
15416005000 -70088.6433601379
15422812000 -67064.0015468597
15429646000 -66860.8990268707
15436385000 -62286.2959003448
15443140000 -60605.988866806
15449965000 -61462.8024845123
15456811000 -59180.8442668915
15463638000 -58024.688955307
15470466000 -56862.0490818024
15477292000 -54712.7675971985
15484111000 -50609.9158000946
15490928000 -48520.4219779968
15497754000 -44371.529335022
15511370000 -36312.2445983887
15518109000 -31739.1746807098
15524870000 -30020.7194881439
15531670000 -24044.4397258759
15538480000 -19002.1473884583
15545307000 -15847.5442657471
15552132000 -11706.2990779877
15558955000 -6578.41171455383
15565729000 -3774.74262046814
15572466000 784.079406738281
15579281000 2858.66839790344
15586034000 2523.06022453308
15592819000 3398.97242736816
15599644000 6539.3148727417
15606458000 7606.77429389954
15613236000 11436.0032520294
15620060000 13569.343870163
15626888000 12729.0103855133
15633717000 14895.1609725952
15640543000 15041.3401947021
15647359000 18121.2514305115
15654180000 19234.1023712158
15660990000 22274.0721054077
15667806000 22353.5953559875
15674630000 23485.8992824554
15681444000 24551.9362449646
15688275000 24730.2770767212
15695094000 26829.123670578
15701879000 26702.9758529663
15708690000 24748.6549434662
15715500000 26787.5912513733
15722271000 28568.4673252106
15729060000 29468.2605628967
15735877000 33553.1057529449
15742696000 35651.0486946106
15749478000 38504.1610984802
15756270000 42423.2806949615
15763096000 46567.1310405731
15769922000 48710.8516712189
15776748000 51854.4425868988
15783566000 54944.9962043762
15790393000 56094.9412727356
15797216000 59218.3029460907
15804042000 61361.3751945496
15810855000 65418.3438911438
15817681000 69561.156955719
15824501000 71664.1603031158
15831322000 75773.6474781036
15838082000 76479.5940589905
15844886000 80476.3976268768
15851693000 83492.9120903015
15858504000 81535.7505226135
15865325000 85644.5920085907
15872132000 86660.7191524506
15878954000 91775.9150390625
15885764000 91811.6234035492
15892586000 95926.5603923798
15899409000 98047.9809455872
15906224000 101116.367046356
15913039000 105184.623847961
15919857000 108272.590560913
15926683000 112413.332260132
15933505000 115527.492120743
15940279000 119324.097858429
15947091000 123371.8695755
15953908000 125452.576982498
15960737000 128612.510473251
15967484000 131230.053390503
15974317000 133416.180450439
15981132000 134483.145366669
15987942000 138516.916589737
15994720000 140338.947179794
16001497000 142154.237031937
16008277000 145989.237493515
16015086000 150015.881284714
16021920000 152207.715621948
16028740000 154306.841220856
16042349000 158299.709407806
16049132000 163153.776914597
16055948000 166225.935100555
16062770000 168337.639976501
16069590000 171435.98998642
16076431000 173673.075798035
16083271000 176903.418710709
16090099000 179054.280239105
16096920000 182158.723947525
16104094000 185597.27048111
16110898000 187589.035312653
16117721000 191706.309103012
16124507000 194578.790834427
16131295000 197464.369327545
16138110000 199528.355993271
16144926000 203598.825805664
16151744000 206682.391130447
16158562000 207765.827043533
16172196000 212919.085905075
16179012000 215988.908929825
16185884000 217428.892993927
16192702000 219511.680904388
16199514000 221554.665664673
16206334000 222650.419408798
16213154000 225746.04366684
16219976000 227854.762905121
16226779000 230837.72051239
16233557000 230655.244394302
16240363000 233657.781318665
16247182000 234746.147333145
16253999000 236821.1596241
16260772000 238605.109285355
16267560000 242488.112747192
16274388000 243635.471200943
16281198000 247663.682739258
16288016000 248744.661518097
16294824000 251759.390640259
16301626000 253734.318695068
16308418000 256642.998075485
16315240000 256749.908071518
16322059000 259836.852657318
16328873000 262890.608146667
16335689000 264957.45819664
16342508000 268044.01458931
16349330000 270150.277151108
16356141000 272183.679756165
16362957000 274250.012392044
16369777000 276342.662956238
16376545000 279091.370580673
16383324000 281912.68024826
16390153000 285064.449953079
16396980000 287202.866348267
16403798000 288281.647500992
16410614000 290347.075834274
16417437000 293458.656620026
16424266000 296609.77779007
16431081000 297668.206096649
16437869000 299547.991189957
16444603000 304070.621192932
16451330000 306546.843830109
16458077000 308155.171894073
16464817000 310717.092367172
16471555000 311265.663311005
16478295000 313827.330888748
16485027000 317335.980037689
16491772000 318930.452217102
16498511000 319485.128992081
16505251000 321046.290779114
16512040000 320931.285686493
16518760000 323359.965593338
16525492000 325867.856374741
16532232000 329428.511903763
16538977000 328022.097686768
16545716000 328575.888860703
16552459000 330155.998832703
16559203000 331742.593515396
16565968000 331467.898252487
16572754000 333331.911851883
16586399000 332542.173019409
16593226000 332676.859601974
16600057000 327837.861133575
16606859000 331807.009233475
16613689000 330961.140369415
16620519000 329115.141637802
16627319000 332070.68006897
16634137000 332145.089214325
16640956000 335225.980009079
16647783000 335359.629693985
16654605000 335460.094509125
16661425000 334547.207754135
16668236000 337574.692644119
16675050000 338621.881288528
16681860000 338642.496887207
16688674000 339689.427089691
16695497000 338795.72621727
16702296000 342743.234375
16709127000 339902.161727905
16722728000 342816.365880966
16729531000 342789.801876068
16736352000 343882.103345871
16743164000 342914.778305054
16749978000 342960.545593262
16756802000 339072.29101181
16763617000 343124.410312653
16770444000 344255.728727341
16777265000 342347.253297806
16784079000 342392.37370491
16790894000 340443.975496292
16797721000 341574.7754879
16804491000 342328.641197205
16811294000 338300.528682709
16818120000 339424.330387115
16824931000 342448.844142914
16831753000 339545.9445858
16838560000 338543.757799149
16845383000 342647.209892273
16858953000 340351.330760956
16865771000 339421.343318939
16872583000 339451.563970566
16879409000 341574.200998306
16886236000 339703.318693161
16893058000 340799.254837036
16899880000 341895.061420441
16906696000 340951.076509476
16913511000 343000.351964951
16920312000 340956.954153061
16927087000 342741.560695648
16933879000 341638.413633347
16940671000 344535.138145447
16954315000 344724.8132267
16961137000 345819.456422806
16967956000 345894.139604568
16974775000 343968.693336487
16981599000 347076.16818428
16988417000 350143.852830887
16995243000 347264.288663864
17002058000 351311.884170532
17008870000 350339.520267487
17015688000 351406.687290192
17022503000 353453.89490509
17029322000 355527.413143158
17036141000 357600.801931381
17042958000 355660.841386795
17049778000 356740.5812397
17056588000 359754.092565536
17063398000 360767.474784851
17070216000 357833.606824875
17077415000 364417.961019516
17084203000 363285.53219223
17090997000 364192.633939743
17097746000 365802.166662216
17104571000 365913.915143967
17111407000 363098.24121666
17118221000 366137.023078918
17125045000 365241.772819519
17131861000 366293.515365601
17138676000 368338.518899918
17145541000 370713.875963211
17152348000 370705.742855072
17159092000 371281.074781418
17165884000 374173.540884018
17172710000 373290.604310989
17179534000 374394.318899155
17186336000 377352.493904114
17193099000 377052.768671036
17199922000 381149.486415863
17206749000 381272.51250267
17213579000 380415.23723793
17220402000 384511.565971375
17227225000 382607.765102386
17234008000 386439.45823288
17240791000 388271.023273468
17247622000 384419.710102081
17254394000 387178.315179825
17261210000 388227.603305817
17268042000 385382.511140823
17274918000 386828.098073959
17281724000 389810.903978348
17288554000 388952.203128815
17295373000 391020.670780182
17302195000 390108.836643219
17309017000 391196.872943878
17315837000 392271.561313629
17322656000 392339.511039734
17329473000 392394.113025665
17336300000 394514.676891327
17343122000 393602.065475464
17349942000 394676.106315613
17356763000 396756.626743317
17363618000 395061.725326538
17370445000 399181.640239716
17377267000 398268.380344391
17384083000 401315.336933136
17390923000 398520.77954483
17397744000 402600.521778107
17404567000 402693.352359772
17411353000 401541.523429871
17418144000 405422.610794067
17424956000 404442.356220245
17431775000 408508.234477997
17438602000 408626.854011536
17445418000 409672.646759033
17452232000 410705.092567444
17458983000 412321.055732727
17465749000 417036.023498535
17472513000 419737.646327972
17479282000 421472.185424805
17486023000 425021.553123474
17492805000 425841.750598907
17499616000 429853.471477509
17506440000 430950.97568512
17513259000 435015.307090759
17520048000 438881.25063324
17526869000 442958.540901184
17533699000 442095.178829193
17540440000 445643.525318146
17547198000 450304.090454102
17554002000 453268.520339966
17560821000 457331.948852539
17567591000 454071.432319641
17574377000 458916.523601532
17581175000 459840.788005829
17587988000 465864.050128937
17594803000 469900.399845123
17601623000 470969.662193298
17608413000 475840.544021606
17615217000 478803.814388275
17622055000 479991.639091492
17628882000 482106.64220047
17635695000 484128.999473572
17642499000 489091.753067017
17649315000 490133.676830292
17656114000 494063.131267548
17662932000 497118.013111115
17669758000 502225.631130219
17676581000 502313.294891357
17683393000 505328.139308929
17690215000 512408.935939789
17697037000 513489.603012085
17703854000 517537.100006104
17710679000 523637.332298279
17717508000 525763.867168427
17724337000 529890.272209167
17731163000 528996.723342896
17737985000 534076.612735748
17744805000 539143.156585693
17751631000 540249.218765259
17758452000 546322.111480713
17765276000 549414.698467255
17772101000 553513.763721466
17778924000 553599.483516693
17785748000 558691.681583405
17792572000 561783.750011444
17799395000 563869.080970764
17806262000 568245.026275635
17813046000 569072.393062592
17819859000 575091.257331848
17826681000 574169.462219238
17833494000 578188.067871094
17840321000 580299.05241394
17847147000 581403.299503326
17853963000 588441.3400383
17860788000 592538.720218658
17867612000 595629.363079071
17874432000 598693.445793152
17881257000 598790.43706131
17888066000 602781.577224731
17894883000 602825.448879242
17901721000 608007.949741364
17908538000 612051.562255859
17915351000 614068.615337372
17922170000 616125.184169769
17928993000 620208.053455353
17935815000 621284.185680389
17942632000 621327.151157379
17949443000 625330.342750549
17956256000 627346.619998932
17963047000 627217.405654907
17969832000 631048.418750763
17976615000 632866.089004517
17983369000 635492.018772125
17990172000 635441.579498291
17996959000 639285.294807434
